  1.000000  0.013505
  0.999751  0.014489
  0.999003  0.015550
  0.997759  0.016695
  0.996018  0.017929
  0.993782  0.019261
  0.991055  0.020696
  0.987838  0.022241
  0.984134  0.023901
  0.979948  0.025683
  0.975284  0.027592
  0.970146  0.029631
  0.964539  0.031804
  0.958469  0.034113
  0.951942  0.036560
  0.944964  0.039144
  0.937544  0.041862
  0.929686  0.044713
  0.921401  0.047690
  0.912695  0.050788
  0.903579  0.053998
  0.894059  0.057311
  0.884147  0.060718
  0.873852  0.064315
  0.863185  0.067960
  0.852155  0.071641
  0.840775  0.075346
  0.829054  0.079061
  0.817006  0.082771
  0.804642  0.086459
  0.791974  0.090111
  0.779014  0.093709
  0.765777  0.097237
  0.752275  0.100680
  0.738522  0.104022
  0.724530  0.107248
  0.710315  0.110345
  0.695890  0.113301
  0.681270  0.116105
  0.666469  0.118749
  0.651503  0.121225
  0.636385  0.123527
  0.621131  0.125650
  0.605757  0.127591
  0.590277  0.129348
  0.574707  0.130920
  0.559063  0.132307
  0.543359  0.133510
  0.527613  0.134530
  0.511839  0.135369
  0.496053  0.136030
  0.480272  0.136515
  0.464509  0.136828
  0.448783  0.136972
  0.433107  0.136948
  0.417498  0.136761
  0.401971  0.136413
  0.386542  0.135906
  0.371226  0.135245
  0.356038  0.134430
  0.340994  0.133465
  0.326109  0.132349
  0.311396  0.131085
  0.296872  0.129675
  0.282550  0.128119
  0.268445  0.126419
  0.254571  0.124574
  0.240941  0.122585
  0.227570  0.120454
  0.214470  0.118181
  0.201655  0.115765
  0.189138  0.113208
  0.176930  0.110511
  0.165044  0.107674
  0.153492  0.104698
  0.142285  0.101585
  0.131435  0.098339
  0.120953  0.094963
  0.110848  0.091462
  0.101131  0.087843
  0.091812  0.084113
  0.082900  0.080281
  0.074403  0.076358
  0.066331  0.072358
  0.058691  0.068295
  0.051491  0.064187
  0.044738  0.060052
  0.038439  0.055910
  0.032600  0.051783
  0.027226  0.047694
  0.022325  0.043665
  0.017899  0.039719
  0.013954  0.035880
  0.010493  0.032168
  0.007520  0.028605
  0.005038  0.025209
  0.003050  0.021997
  0.001557  0.018983
  0.000561  0.016180
  0.000062  0.013598
  0.000062  0.011244
  0.000561  0.009121
  0.001557  0.007232
  0.003050  0.005577
  0.005038  0.004154
  0.007520  0.002961
  0.010493  0.001992
  0.013954  0.001242
  0.017899  0.000702
  0.022325  0.000365
  0.027226  0.000222
  0.032600  0.000264
  0.038439  0.000481
  0.044738  0.000866
  0.051491  0.001407
  0.058691  0.002097
  0.066331  0.002927
  0.074403  0.003887
  0.082900  0.004968
  0.091812  0.006164
  0.101131  0.007465
  0.110848  0.008865
  0.120953  0.010356
  0.131435  0.011931
  0.142285  0.013583
  0.153492  0.015308
  0.165044  0.017099
  0.176930  0.018951
  0.189138  0.020859
  0.201655  0.022819
  0.214470  0.024825
  0.227570  0.026872
  0.240941  0.028958
  0.254571  0.031076
  0.268445  0.033224
  0.282550  0.035397
  0.296872  0.037591
  0.311396  0.039801
  0.326109  0.042021
  0.340994  0.044247
  0.356038  0.046471
  0.371226  0.048687
  0.386542  0.050885
  0.401971  0.053058
  0.417498  0.055194
  0.433107  0.057282
  0.448783  0.059312
  0.464509  0.061270
  0.480272  0.063142
  0.496053  0.064914
  0.511839  0.066572
  0.527613  0.068101
  0.543359  0.069486
  0.559063  0.070714
  0.574707  0.071771
  0.590277  0.072645
  0.605757  0.073325
  0.621131  0.073803
  0.636385  0.074071
  0.651503  0.074125
  0.666469  0.073962
  0.681270  0.073581
  0.695890  0.072985
  0.710315  0.072178
  0.724530  0.071167
  0.738522  0.069961
  0.752275  0.068571
  0.765777  0.067011
  0.779014  0.065295
  0.791974  0.063439
  0.804642  0.061461
  0.817006  0.059377
  0.829054  0.057205
  0.840775  0.054963
  0.852155  0.052667
  0.863185  0.050333
  0.873852  0.047975
  0.884147  0.045607
  0.894059  0.043341
  0.903579  0.041109
  0.912695  0.038923
  0.921401  0.036793
  0.929686  0.034730
  0.937544  0.032740
  0.944964  0.030829
  0.951942  0.029003
  0.958469  0.027264
  0.964539  0.025614
  0.970146  0.024053
  0.975284  0.022582
  0.979948  0.021199
  0.984134  0.019901
  0.987838  0.018686
  0.991055  0.017551
  0.993782  0.016491
  0.996018  0.015503
  0.997759  0.014583
  0.999003  0.013725
  0.999751  0.012926
  1.000000  0.012182
