  1.000000  0.015433
  0.999751  0.016497
  0.999003  0.017641
  0.997759  0.018871
  0.996018  0.020193
  0.993782  0.021614
  0.991055  0.023140
  0.987838  0.024776
  0.984134  0.026529
  0.979948  0.028403
  0.975284  0.030403
  0.970146  0.032533
  0.964539  0.034793
  0.958469  0.037187
  0.951942  0.039715
  0.944964  0.042374
  0.937544  0.045163
  0.929686  0.048077
  0.921401  0.051110
  0.912695  0.054257
  0.903579  0.057508
  0.894059  0.060855
  0.884147  0.064286
  0.873852  0.067907
  0.863185  0.071566
  0.852155  0.075253
  0.840775  0.078958
  0.829054  0.082666
  0.817006  0.086366
  0.804642  0.090044
  0.791974  0.093683
  0.779014  0.097271
  0.765777  0.100791
  0.752275  0.104230
  0.738522  0.107574
  0.724530  0.110808
  0.710315  0.113921
  0.695890  0.116901
  0.681270  0.119738
  0.666469  0.122423
  0.651503  0.124948
  0.636385  0.127307
  0.621131  0.129494
  0.605757  0.131506
  0.590277  0.133339
  0.574707  0.134990
  0.559063  0.136459
  0.543359  0.137745
  0.527613  0.138846
  0.511839  0.139765
  0.496053  0.140501
  0.480272  0.141055
  0.464509  0.141429
  0.448783  0.141625
  0.433107  0.141643
  0.417498  0.141484
  0.401971  0.141152
  0.386542  0.140648
  0.371226  0.139973
  0.356038  0.139129
  0.340994  0.138119
  0.326109  0.136943
  0.311396  0.135603
  0.296872  0.134102
  0.282550  0.132442
  0.268445  0.130623
  0.254571  0.128648
  0.240941  0.126520
  0.227570  0.124240
  0.214470  0.121810
  0.201655  0.119234
  0.189138  0.116513
  0.176930  0.113650
  0.165044  0.110647
  0.153492  0.107508
  0.142285  0.104237
  0.131435  0.100837
  0.120953  0.097313
  0.110848  0.093671
  0.101131  0.089919
  0.091812  0.086063
  0.082900  0.082112
  0.074403  0.078078
  0.066331  0.073971
  0.058691  0.069807
  0.051491  0.065599
  0.044738  0.061366
  0.038439  0.057124
  0.032600  0.052893
  0.027226  0.048694
  0.022325  0.044546
  0.017899  0.040470
  0.013954  0.036488
  0.010493  0.032619
  0.007520  0.028881
  0.005038  0.025295
  0.003050  0.021875
  0.001557  0.018636
  0.000561  0.015593
  0.000062  0.012755
  0.000062  0.010132
  0.000561  0.007731
  0.001557  0.005558
  0.003050  0.003615
  0.005038  0.001907
  0.007520  0.000432
  0.010493  -0.000808
  0.013954  -0.001815
  0.017899  -0.002592
  0.022325  -0.003143
  0.027226  -0.003471
  0.032600  -0.003581
  0.038439  -0.003479
  0.044738  -0.003169
  0.051491  -0.002658
  0.058691  -0.001951
  0.066331  -0.001057
  0.074403  0.000018
  0.082900  0.001266
  0.091812  0.002680
  0.101131  0.004249
  0.110848  0.005967
  0.120953  0.007823
  0.131435  0.009808
  0.142285  0.011911
  0.153492  0.014123
  0.165044  0.016433
  0.176930  0.018831
  0.189138  0.021305
  0.201655  0.023844
  0.214470  0.026437
  0.227570  0.029074
  0.240941  0.031743
  0.254571  0.034435
  0.268445  0.037138
  0.282550  0.039843
  0.296872  0.042540
  0.311396  0.045219
  0.326109  0.047872
  0.340994  0.050488
  0.356038  0.053059
  0.371226  0.055575
  0.386542  0.058027
  0.401971  0.060405
  0.417498  0.062698
  0.433107  0.064897
  0.448783  0.066991
  0.464509  0.068968
  0.480272  0.070818
  0.496053  0.072530
  0.511839  0.074092
  0.527613  0.075493
  0.543359  0.076723
  0.559063  0.077773
  0.574707  0.078634
  0.590277  0.079297
  0.605757  0.079758
  0.621131  0.080012
  0.636385  0.080056
  0.651503  0.079889
  0.666469  0.079513
  0.681270  0.078930
  0.695890  0.078145
  0.710315  0.077166
  0.724530  0.076000
  0.738522  0.074658
  0.752275  0.073150
  0.765777  0.071490
  0.779014  0.069692
  0.791974  0.067770
  0.804642  0.065738
  0.817006  0.063613
  0.829054  0.061408
  0.840775  0.059139
  0.852155  0.056818
  0.863185  0.054460
  0.873852  0.052076
  0.884147  0.049676
  0.894059  0.047380
  0.903579  0.045112
  0.912695  0.042883
  0.921401  0.040703
  0.929686  0.038581
  0.937544  0.036524
  0.944964  0.034539
  0.951942  0.032632
  0.958469  0.030805
  0.964539  0.029062
  0.970146  0.027404
  0.975284  0.025832
  0.979948  0.024345
  0.984134  0.022943
  0.987838  0.021623
  0.991055  0.020382
  0.993782  0.019219
  0.996018  0.018128
  0.997759  0.017107
  0.999003  0.016152
  0.999751  0.015258
  1.000000  0.014421
