  1.000000  0.015009
  0.999751  0.016053
  0.999003  0.017175
  0.997759  0.018381
  0.996018  0.019680
  0.993782  0.021076
  0.991055  0.022575
  0.987838  0.024185
  0.984134  0.025911
  0.979948  0.027757
  0.975284  0.029728
  0.970146  0.031828
  0.964539  0.034060
  0.958469  0.036424
  0.951942  0.038922
  0.944964  0.041551
  0.937544  0.044311
  0.929686  0.047196
  0.921401  0.050201
  0.912695  0.053320
  0.903579  0.056543
  0.894059  0.059863
  0.884147  0.063267
  0.873852  0.066860
  0.863185  0.070491
  0.852155  0.074150
  0.840775  0.077826
  0.829054  0.081505
  0.817006  0.085174
  0.804642  0.088818
  0.791974  0.092421
  0.779014  0.095970
  0.765777  0.099448
  0.752275  0.102840
  0.738522  0.106132
  0.724530  0.109311
  0.710315  0.112363
  0.695890  0.115278
  0.681270  0.118044
  0.666469  0.120654
  0.651503  0.123100
  0.636385  0.125375
  0.621131  0.127475
  0.605757  0.129397
  0.590277  0.131138
  0.574707  0.132697
  0.559063  0.134072
  0.543359  0.135264
  0.527613  0.136274
  0.511839  0.137103
  0.496053  0.137754
  0.480272  0.138228
  0.464509  0.138527
  0.448783  0.138654
  0.433107  0.138611
  0.417498  0.138401
  0.401971  0.138025
  0.386542  0.137488
  0.371226  0.136790
  0.356038  0.135934
  0.340994  0.134922
  0.326109  0.133756
  0.311396  0.132436
  0.296872  0.130966
  0.282550  0.129346
  0.268445  0.127577
  0.254571  0.125661
  0.240941  0.123599
  0.227570  0.121392
  0.214470  0.119041
  0.201655  0.116548
  0.189138  0.113915
  0.176930  0.111141
  0.165044  0.108230
  0.153492  0.105183
  0.142285  0.102002
  0.131435  0.098692
  0.120953  0.095256
  0.110848  0.091701
  0.101131  0.088032
  0.091812  0.084257
  0.082900  0.080386
  0.074403  0.076430
  0.066331  0.072401
  0.058691  0.068313
  0.051491  0.064185
  0.044738  0.060032
  0.038439  0.055876
  0.032600  0.051736
  0.027226  0.047635
  0.022325  0.043594
  0.017899  0.039635
  0.013954  0.035780
  0.010493  0.032051
  0.007520  0.028466
  0.005038  0.025045
  0.003050  0.021804
  0.001557  0.018756
  0.000561  0.015915
  0.000062  0.013290
  0.000062  0.010889
  0.000561  0.008715
  0.001557  0.006773
  0.003050  0.005062
  0.005038  0.003583
  0.007520  0.002333
  0.010493  0.001308
  0.013954  0.000503
  0.017899  -0.000088
  0.022325  -0.000473
  0.027226  -0.000658
  0.032600  -0.000652
  0.038439  -0.000463
  0.044738  -0.000100
  0.051491  0.000430
  0.058691  0.001118
  0.066331  0.001954
  0.074403  0.002932
  0.082900  0.004041
  0.091812  0.005275
  0.101131  0.006625
  0.110848  0.008084
  0.120953  0.009643
  0.131435  0.011294
  0.142285  0.013032
  0.153492  0.014849
  0.165044  0.016738
  0.176930  0.018694
  0.189138  0.020709
  0.201655  0.022777
  0.214470  0.024892
  0.227570  0.027049
  0.240941  0.029241
  0.254571  0.031463
  0.268445  0.033709
  0.282550  0.035974
  0.296872  0.038252
  0.311396  0.040538
  0.326109  0.042825
  0.340994  0.045107
  0.356038  0.047377
  0.371226  0.049626
  0.386542  0.051847
  0.401971  0.054031
  0.417498  0.056167
  0.433107  0.058245
  0.448783  0.060254
  0.464509  0.062181
  0.480272  0.064015
  0.496053  0.065741
  0.511839  0.067347
  0.527613  0.068820
  0.543359  0.070146
  0.559063  0.071313
  0.574707  0.072310
  0.590277  0.073127
  0.605757  0.073754
  0.621131  0.074184
  0.636385  0.074412
  0.651503  0.074435
  0.666469  0.074250
  0.681270  0.073858
  0.695890  0.073263
  0.710315  0.072469
  0.724530  0.071483
  0.738522  0.070314
  0.752275  0.068973
  0.765777  0.067471
  0.779014  0.065823
  0.791974  0.064044
  0.804642  0.062147
  0.817006  0.060149
  0.829054  0.058066
  0.840775  0.055913
  0.852155  0.053704
  0.863185  0.051454
  0.873852  0.049175
  0.884147  0.046879
  0.894059  0.044679
  0.903579  0.042506
  0.912695  0.040371
  0.921401  0.038283
  0.929686  0.036253
  0.937544  0.034287
  0.944964  0.032392
  0.951942  0.030573
  0.958469  0.028834
  0.964539  0.027177
  0.970146  0.025603
  0.975284  0.024113
  0.979948  0.022706
  0.984134  0.021381
  0.987838  0.020136
  0.991055  0.018967
  0.993782  0.017872
  0.996018  0.016848
  0.997759  0.015890
  0.999003  0.014995
  0.999751  0.014158
  1.000000  0.013376
