  1.000000  0.013656
  0.999751  0.014650
  0.999003  0.015722
  0.997759  0.016878
  0.996018  0.018125
  0.993782  0.019470
  0.991055  0.020919
  0.987838  0.022479
  0.984134  0.024156
  0.979948  0.025956
  0.975284  0.027883
  0.970146  0.029941
  0.964539  0.032135
  0.958469  0.034467
  0.951942  0.036937
  0.944964  0.039545
  0.937544  0.042290
  0.929686  0.045167
  0.921401  0.048173
  0.912695  0.051299
  0.903579  0.054539
  0.894059  0.057883
  0.884147  0.061321
  0.873852  0.064950
  0.863185  0.068628
  0.852155  0.072343
  0.840775  0.076080
  0.829054  0.079827
  0.817006  0.083568
  0.804642  0.087288
  0.791974  0.090970
  0.779014  0.094597
  0.765777  0.098153
  0.752275  0.101621
  0.738522  0.104987
  0.724530  0.108236
  0.710315  0.111354
  0.695890  0.114329
  0.681270  0.117151
  0.666469  0.119810
  0.651503  0.122298
  0.636385  0.124610
  0.621131  0.126742
  0.605757  0.128690
  0.590277  0.130452
  0.574707  0.132028
  0.559063  0.133416
  0.543359  0.134619
  0.527613  0.135637
  0.511839  0.136474
  0.496053  0.137132
  0.480272  0.137613
  0.464509  0.137921
  0.448783  0.138060
  0.433107  0.138030
  0.417498  0.137837
  0.401971  0.137483
  0.386542  0.136971
  0.371226  0.136303
  0.356038  0.135482
  0.340994  0.134511
  0.326109  0.133389
  0.311396  0.132120
  0.296872  0.130705
  0.282550  0.129144
  0.268445  0.127439
  0.254571  0.125590
  0.240941  0.123598
  0.227570  0.121464
  0.214470  0.119187
  0.201655  0.116769
  0.189138  0.114210
  0.176930  0.111511
  0.165044  0.108672
  0.153492  0.105695
  0.142285  0.102581
  0.131435  0.099333
  0.120953  0.095955
  0.110848  0.092451
  0.101131  0.088828
  0.091812  0.085092
  0.082900  0.081252
  0.074403  0.077318
  0.066331  0.073303
  0.058691  0.069220
  0.051491  0.065087
  0.044738  0.060921
  0.038439  0.056741
  0.032600  0.052568
  0.027226  0.048423
  0.022325  0.044329
  0.017899  0.040307
  0.013954  0.036380
  0.010493  0.032570
  0.007520  0.028896
  0.005038  0.025377
  0.003050  0.022030
  0.001557  0.018871
  0.000561  0.015912
  0.000062  0.013163
  0.000062  0.010634
  0.000561  0.008330
  0.001557  0.006254
  0.003050  0.004409
  0.005038  0.002794
  0.007520  0.001410
  0.010493  0.000253
  0.013954  -0.000680
  0.017899  -0.001395
  0.022325  -0.001897
  0.027226  -0.002193
  0.032600  -0.002290
  0.038439  -0.002195
  0.044738  -0.001915
  0.051491  -0.001459
  0.058691  -0.000833
  0.066331  -0.000046
  0.074403  0.000894
  0.082900  0.001979
  0.091812  0.003202
  0.101131  0.004553
  0.110848  0.006025
  0.120953  0.007611
  0.131435  0.009301
  0.142285  0.011090
  0.153492  0.012969
  0.165044  0.014931
  0.176930  0.016969
  0.189138  0.019077
  0.201655  0.021246
  0.214470  0.023471
  0.227570  0.025745
  0.240941  0.028061
  0.254571  0.030413
  0.268445  0.032796
  0.282550  0.035202
  0.296872  0.037625
  0.311396  0.040060
  0.326109  0.042500
  0.340994  0.044937
  0.356038  0.047364
  0.371226  0.049772
  0.386542  0.052153
  0.401971  0.054496
  0.417498  0.056790
  0.433107  0.059025
  0.448783  0.061188
  0.464509  0.063266
  0.480272  0.065244
  0.496053  0.067111
  0.511839  0.068850
  0.527613  0.070447
  0.543359  0.071889
  0.559063  0.073161
  0.574707  0.074252
  0.590277  0.075150
  0.605757  0.075845
  0.621131  0.076329
  0.636385  0.076596
  0.651503  0.076643
  0.666469  0.076467
  0.681270  0.076069
  0.695890  0.075452
  0.710315  0.074621
  0.724530  0.073585
  0.738522  0.072352
  0.752275  0.070934
  0.765777  0.069346
  0.779014  0.067601
  0.791974  0.065716
  0.804642  0.063707
  0.817006  0.061593
  0.829054  0.059390
  0.840775  0.057115
  0.852155  0.054784
  0.863185  0.052413
  0.873852  0.050016
  0.884147  0.047606
  0.894059  0.045299
  0.903579  0.043024
  0.912695  0.040793
  0.921401  0.038617
  0.929686  0.036505
  0.937544  0.034464
  0.944964  0.032502
  0.951942  0.030622
  0.958469  0.028829
  0.964539  0.027125
  0.970146  0.025511
  0.975284  0.023985
  0.979948  0.022548
  0.984134  0.021198
  0.987838  0.019931
  0.991055  0.018745
  0.993782  0.017637
  0.996018  0.016601
  0.997759  0.015635
  0.999003  0.014733
  0.999751  0.013892
  1.000000  0.013106
