  1.000000  0.014377
  0.999751  0.015393
  0.999003  0.016485
  0.997759  0.017662
  0.996018  0.018928
  0.993782  0.020292
  0.991055  0.021758
  0.987838  0.023334
  0.984134  0.025025
  0.979948  0.026835
  0.975284  0.028771
  0.970146  0.030834
  0.964539  0.033030
  0.958469  0.035358
  0.951942  0.037820
  0.944964  0.040415
  0.937544  0.043141
  0.929686  0.045994
  0.921401  0.048968
  0.912695  0.052057
  0.903579  0.055254
  0.894059  0.058548
  0.884147  0.061929
  0.873852  0.065498
  0.863185  0.069109
  0.852155  0.072751
  0.840775  0.076412
  0.829054  0.080078
  0.817006  0.083737
  0.804642  0.087374
  0.791974  0.090972
  0.779014  0.094517
  0.765777  0.097994
  0.752275  0.101387
  0.738522  0.104683
  0.724530  0.107867
  0.710315  0.110928
  0.695890  0.113854
  0.681270  0.116635
  0.666469  0.119264
  0.651503  0.121732
  0.636385  0.124036
  0.621131  0.126169
  0.605757  0.128131
  0.590277  0.129919
  0.574707  0.131531
  0.559063  0.132968
  0.543359  0.134231
  0.527613  0.135321
  0.511839  0.136241
  0.496053  0.136991
  0.480272  0.137576
  0.464509  0.137996
  0.448783  0.138256
  0.433107  0.138356
  0.417498  0.138300
  0.401971  0.138089
  0.386542  0.137727
  0.371226  0.137214
  0.356038  0.136553
  0.340994  0.135744
  0.326109  0.134787
  0.311396  0.133684
  0.296872  0.132434
  0.282550  0.131038
  0.268445  0.129495
  0.254571  0.127804
  0.240941  0.125965
  0.227570  0.123977
  0.214470  0.121839
  0.201655  0.119551
  0.189138  0.117111
  0.176930  0.114518
  0.165044  0.111772
  0.153492  0.108874
  0.142285  0.105823
  0.131435  0.102621
  0.120953  0.099271
  0.110848  0.095777
  0.101131  0.092146
  0.091812  0.088383
  0.082900  0.084497
  0.074403  0.080500
  0.066331  0.076405
  0.058691  0.072227
  0.051491  0.067983
  0.044738  0.063694
  0.038439  0.059381
  0.032600  0.055066
  0.027226  0.050775
  0.022325  0.046532
  0.017899  0.042361
  0.013954  0.038288
  0.010493  0.034336
  0.007520  0.030528
  0.005038  0.026885
  0.003050  0.023427
  0.001557  0.020169
  0.000561  0.017125
  0.000062  0.014309
  0.000062  0.011727
  0.000561  0.009387
  0.001557  0.007292
  0.003050  0.005444
  0.005038  0.003842
  0.007520  0.002484
  0.010493  0.001368
  0.013954  0.000488
  0.017899  -0.000163
  0.022325  -0.000591
  0.027226  -0.000805
  0.032600  -0.000812
  0.038439  -0.000622
  0.044738  -0.000243
  0.051491  0.000317
  0.058691  0.001048
  0.066331  0.001941
  0.074403  0.002987
  0.082900  0.004178
  0.091812  0.005504
  0.101131  0.006956
  0.110848  0.008526
  0.120953  0.010205
  0.131435  0.011982
  0.142285  0.013851
  0.153492  0.015802
  0.165044  0.017827
  0.176930  0.019917
  0.189138  0.022064
  0.201655  0.024260
  0.214470  0.026496
  0.227570  0.028763
  0.240941  0.031054
  0.254571  0.033362
  0.268445  0.035677
  0.282550  0.037994
  0.296872  0.040303
  0.311396  0.042600
  0.326109  0.044875
  0.340994  0.047122
  0.356038  0.049333
  0.371226  0.051501
  0.386542  0.053617
  0.401971  0.055673
  0.417498  0.057660
  0.433107  0.059570
  0.448783  0.061392
  0.464509  0.063116
  0.480272  0.064733
  0.496053  0.066233
  0.511839  0.067604
  0.527613  0.068837
  0.543359  0.069922
  0.559063  0.070851
  0.574707  0.071614
  0.590277  0.072205
  0.605757  0.072618
  0.621131  0.072848
  0.636385  0.072892
  0.651503  0.072750
  0.666469  0.072422
  0.681270  0.071910
  0.695890  0.071217
  0.710315  0.070350
  0.724530  0.069316
  0.738522  0.068123
  0.752275  0.066781
  0.765777  0.065300
  0.779014  0.063694
  0.791974  0.061975
  0.804642  0.060156
  0.817006  0.058250
  0.829054  0.056271
  0.840775  0.054231
  0.852155  0.052142
  0.863185  0.050015
  0.873852  0.047863
  0.884147  0.045693
  0.894059  0.043616
  0.903579  0.041561
  0.912695  0.039539
  0.921401  0.037560
  0.929686  0.035630
  0.937544  0.033758
  0.944964  0.031949
  0.951942  0.030208
  0.958469  0.028540
  0.964539  0.026945
  0.970146  0.025428
  0.975284  0.023987
  0.979948  0.022623
  0.984134  0.021335
  0.987838  0.020121
  0.991055  0.018980
  0.993782  0.017908
  0.996018  0.016903
  0.997759  0.015962
  0.999003  0.015080
  0.999751  0.014254
  1.000000  0.013480
