  1.000000  0.013724
  0.999751  0.014713
  0.999003  0.015778
  0.997759  0.016927
  0.996018  0.018165
  0.993782  0.019498
  0.991055  0.020935
  0.987838  0.022479
  0.984134  0.024138
  0.979948  0.025917
  0.975284  0.027820
  0.970146  0.029852
  0.964539  0.032015
  0.958469  0.034312
  0.951942  0.036743
  0.944964  0.039308
  0.937544  0.042005
  0.929686  0.044831
  0.921401  0.047780
  0.912695  0.050847
  0.903579  0.054024
  0.894059  0.057302
  0.884147  0.060671
  0.873852  0.064230
  0.863185  0.067837
  0.852155  0.071481
  0.840775  0.075150
  0.829054  0.078832
  0.817006  0.082513
  0.804642  0.086179
  0.791974  0.089815
  0.779014  0.093406
  0.765777  0.096937
  0.752275  0.100394
  0.738522  0.103761
  0.724530  0.107025
  0.710315  0.110175
  0.695890  0.113197
  0.681270  0.116083
  0.666469  0.118823
  0.651503  0.121409
  0.636385  0.123836
  0.621131  0.126096
  0.605757  0.128188
  0.590277  0.130107
  0.574707  0.131851
  0.559063  0.133418
  0.543359  0.134809
  0.527613  0.136021
  0.511839  0.137057
  0.496053  0.137915
  0.480272  0.138598
  0.464509  0.139106
  0.448783  0.139440
  0.433107  0.139601
  0.417498  0.139591
  0.401971  0.139410
  0.386542  0.139061
  0.371226  0.138544
  0.356038  0.137861
  0.340994  0.137012
  0.326109  0.135999
  0.311396  0.134823
  0.296872  0.133485
  0.282550  0.131985
  0.268445  0.130326
  0.254571  0.128507
  0.240941  0.126531
  0.227570  0.124399
  0.214470  0.122111
  0.201655  0.119669
  0.189138  0.117075
  0.176930  0.114330
  0.165044  0.111437
  0.153492  0.108397
  0.142285  0.105213
  0.131435  0.101888
  0.120953  0.098428
  0.110848  0.094837
  0.101131  0.091123
  0.091812  0.087293
  0.082900  0.083356
  0.074403  0.079323
  0.066331  0.075207
  0.058691  0.071022
  0.051491  0.066786
  0.044738  0.062515
  0.038439  0.058231
  0.032600  0.053953
  0.027226  0.049703
  0.022325  0.045505
  0.017899  0.041380
  0.013954  0.037351
  0.010493  0.033439
  0.007520  0.029666
  0.005038  0.026051
  0.003050  0.022612
  0.001557  0.019364
  0.000561  0.016320
  0.000062  0.013494
  0.000062  0.010892
  0.000561  0.008523
  0.001557  0.006391
  0.003050  0.004500
  0.005038  0.002849
  0.007520  0.001440
  0.010493  0.000271
  0.013954  -0.000662
  0.017899  -0.001362
  0.022325  -0.001834
  0.027226  -0.002085
  0.032600  -0.002119
  0.038439  -0.001945
  0.044738  -0.001569
  0.051491  -0.000997
  0.058691  -0.000239
  0.066331  0.000700
  0.074403  0.001809
  0.082900  0.003082
  0.091812  0.004510
  0.101131  0.006083
  0.110848  0.007793
  0.120953  0.009630
  0.131435  0.011585
  0.142285  0.013648
  0.153492  0.015811
  0.165044  0.018062
  0.176930  0.020392
  0.189138  0.022791
  0.201655  0.025249
  0.214470  0.027756
  0.227570  0.030301
  0.240941  0.032874
  0.254571  0.035467
  0.268445  0.038070
  0.282550  0.040673
  0.296872  0.043268
  0.311396  0.045846
  0.326109  0.048399
  0.340994  0.050917
  0.356038  0.053391
  0.371226  0.055813
  0.386542  0.058173
  0.401971  0.060461
  0.417498  0.062668
  0.433107  0.064783
  0.448783  0.066795
  0.464509  0.068692
  0.480272  0.070464
  0.496053  0.072099
  0.511839  0.073585
  0.527613  0.074911
  0.543359  0.076065
  0.559063  0.077037
  0.574707  0.077818
  0.590277  0.078400
  0.605757  0.078775
  0.621131  0.078938
  0.636385  0.078888
  0.651503  0.078621
  0.666469  0.078140
  0.681270  0.077446
  0.695890  0.076544
  0.710315  0.075442
  0.724530  0.074148
  0.738522  0.072673
  0.752275  0.071030
  0.765777  0.069232
  0.779014  0.067295
  0.791974  0.065235
  0.804642  0.063069
  0.817006  0.060814
  0.829054  0.058486
  0.840775  0.056102
  0.852155  0.053677
  0.863185  0.051227
  0.873852  0.048764
  0.884147  0.046302
  0.894059  0.043952
  0.903579  0.041644
  0.912695  0.039390
  0.921401  0.037199
  0.929686  0.035080
  0.937544  0.033039
  0.944964  0.031082
  0.951942  0.029213
  0.958469  0.027435
  0.964539  0.025750
  0.970146  0.024157
  0.975284  0.022656
  0.979948  0.021246
  0.984134  0.019923
  0.987838  0.018686
  0.991055  0.017530
  0.993782  0.016452
  0.996018  0.015447
  0.997759  0.014512
  0.999003  0.013641
  0.999751  0.012830
  1.000000  0.012075
