  1.000000  0.015414
  0.999751  0.016447
  0.999003  0.017554
  0.997759  0.018743
  0.996018  0.020017
  0.993782  0.021385
  0.991055  0.022850
  0.987838  0.024418
  0.984134  0.026093
  0.979948  0.027881
  0.975284  0.029785
  0.970146  0.031807
  0.964539  0.033949
  0.958469  0.036212
  0.951942  0.038595
  0.944964  0.041097
  0.937544  0.043715
  0.929686  0.046445
  0.921401  0.049280
  0.912695  0.052216
  0.903579  0.055243
  0.894059  0.058353
  0.884147  0.061536
  0.873852  0.064894
  0.863185  0.068282
  0.852155  0.071691
  0.840775  0.075113
  0.829054  0.078537
  0.817006  0.081951
  0.804642  0.085344
  0.791974  0.088703
  0.779014  0.092017
  0.765777  0.095273
  0.752275  0.098458
  0.738522  0.101560
  0.724530  0.104568
  0.710315  0.107472
  0.695890  0.110260
  0.681270  0.112925
  0.666469  0.115458
  0.651503  0.117852
  0.636385  0.120100
  0.621131  0.122198
  0.605757  0.124140
  0.590277  0.125924
  0.574707  0.127546
  0.559063  0.129003
  0.543359  0.130295
  0.527613  0.131418
  0.511839  0.132373
  0.496053  0.133159
  0.480272  0.133775
  0.464509  0.134221
  0.448783  0.134496
  0.433107  0.134602
  0.417498  0.134538
  0.401971  0.134304
  0.386542  0.133902
  0.371226  0.133332
  0.356038  0.132595
  0.340994  0.131692
  0.326109  0.130624
  0.311396  0.129392
  0.296872  0.127999
  0.282550  0.126444
  0.268445  0.124731
  0.254571  0.122862
  0.240941  0.120838
  0.227570  0.118662
  0.214470  0.116337
  0.201655  0.113866
  0.189138  0.111251
  0.176930  0.108496
  0.165044  0.105604
  0.153492  0.102578
  0.142285  0.099423
  0.131435  0.096143
  0.120953  0.092743
  0.110848  0.089232
  0.101131  0.085615
  0.091812  0.081900
  0.082900  0.078098
  0.074403  0.074218
  0.066331  0.070273
  0.058691  0.066277
  0.051491  0.062246
  0.044738  0.058195
  0.038439  0.054143
  0.032600  0.050108
  0.027226  0.046111
  0.022325  0.042171
  0.017899  0.038309
  0.013954  0.034544
  0.010493  0.030895
  0.007520  0.027381
  0.005038  0.024019
  0.003050  0.020823
  0.001557  0.017807
  0.000561  0.014983
  0.000062  0.012361
  0.000062  0.009947
  0.000561  0.007746
  0.001557  0.005764
  0.003050  0.004000
  0.005038  0.002456
  0.007520  0.001130
  0.010493  0.000021
  0.013954  -0.000876
  0.017899  -0.001564
  0.022325  -0.002049
  0.027226  -0.002337
  0.032600  -0.002434
  0.038439  -0.002347
  0.044738  -0.002082
  0.051491  -0.001647
  0.058691  -0.001048
  0.066331  -0.000294
  0.074403  0.000609
  0.082900  0.001653
  0.091812  0.002830
  0.101131  0.004132
  0.110848  0.005552
  0.120953  0.007082
  0.131435  0.008715
  0.142285  0.010442
  0.153492  0.012257
  0.165044  0.014152
  0.176930  0.016120
  0.189138  0.018155
  0.201655  0.020248
  0.214470  0.022393
  0.227570  0.024583
  0.240941  0.026812
  0.254571  0.029073
  0.268445  0.031360
  0.282550  0.033666
  0.296872  0.035985
  0.311396  0.038311
  0.326109  0.040637
  0.340994  0.042956
  0.356038  0.045261
  0.371226  0.047543
  0.386542  0.049794
  0.401971  0.052006
  0.417498  0.054167
  0.433107  0.056268
  0.448783  0.058298
  0.464509  0.060244
  0.480272  0.062095
  0.496053  0.063838
  0.511839  0.065461
  0.527613  0.066950
  0.543359  0.068295
  0.559063  0.069482
  0.574707  0.070502
  0.590277  0.071345
  0.605757  0.072003
  0.621131  0.072468
  0.636385  0.072738
  0.651503  0.072808
  0.666469  0.072677
  0.681270  0.072348
  0.695890  0.071822
  0.710315  0.071104
  0.724530  0.070202
  0.738522  0.069124
  0.752275  0.067880
  0.765777  0.066481
  0.779014  0.064941
  0.791974  0.063272
  0.804642  0.061489
  0.817006  0.059606
  0.829054  0.057638
  0.840775  0.055598
  0.852155  0.053500
  0.863185  0.051356
  0.873852  0.049179
  0.884147  0.046978
  0.894059  0.044867
  0.903579  0.042775
  0.912695  0.040714
  0.921401  0.038693
  0.929686  0.036721
  0.937544  0.034806
  0.944964  0.032954
  0.951942  0.031170
  0.958469  0.029460
  0.964539  0.027825
  0.970146  0.026268
  0.975284  0.024789
  0.979948  0.023389
  0.984134  0.022066
  0.987838  0.020820
  0.991055  0.019647
  0.993782  0.018545
  0.996018  0.017512
  0.997759  0.016543
  0.999003  0.015636
  0.999751  0.014786
  1.000000  0.013989
