  1.000000  0.014088
  0.999751  0.015084
  0.999003  0.016156
  0.997759  0.017310
  0.996018  0.018553
  0.993782  0.019890
  0.991055  0.021329
  0.987838  0.022874
  0.984134  0.024533
  0.979948  0.026308
  0.975284  0.028206
  0.970146  0.030230
  0.964539  0.032382
  0.958469  0.034665
  0.951942  0.037079
  0.944964  0.039623
  0.937544  0.042295
  0.929686  0.045091
  0.921401  0.048007
  0.912695  0.051036
  0.903579  0.054170
  0.894059  0.057400
  0.884147  0.060717
  0.873852  0.064219
  0.863185  0.067764
  0.852155  0.071341
  0.840775  0.074940
  0.829054  0.078547
  0.817006  0.082150
  0.804642  0.085735
  0.791974  0.089286
  0.779014  0.092791
  0.765777  0.096233
  0.752275  0.099598
  0.738522  0.102873
  0.724530  0.106045
  0.710315  0.109100
  0.695890  0.112029
  0.681270  0.114821
  0.666469  0.117467
  0.651503  0.119960
  0.636385  0.122294
  0.621131  0.124464
  0.605757  0.126466
  0.590277  0.128297
  0.574707  0.129955
  0.559063  0.131439
  0.543359  0.132747
  0.527613  0.133881
  0.511839  0.134841
  0.496053  0.135627
  0.480272  0.136240
  0.464509  0.136683
  0.448783  0.136956
  0.433107  0.137060
  0.417498  0.136997
  0.401971  0.136768
  0.386542  0.136376
  0.371226  0.135822
  0.356038  0.135106
  0.340994  0.134231
  0.326109  0.133197
  0.311396  0.132005
  0.296872  0.130657
  0.282550  0.129153
  0.268445  0.127495
  0.254571  0.125683
  0.240941  0.123718
  0.227570  0.121602
  0.214470  0.119336
  0.201655  0.116921
  0.189138  0.114359
  0.176930  0.111650
  0.165044  0.108796
  0.153492  0.105800
  0.142285  0.102664
  0.131435  0.099391
  0.120953  0.095987
  0.110848  0.092456
  0.101131  0.088806
  0.091812  0.085043
  0.082900  0.081178
  0.074403  0.077221
  0.066331  0.073186
  0.058691  0.069086
  0.051491  0.064940
  0.044738  0.060764
  0.038439  0.056579
  0.032600  0.052406
  0.027226  0.048267
  0.022325  0.044184
  0.017899  0.040179
  0.013954  0.036275
  0.010493  0.032493
  0.007520  0.028854
  0.005038  0.025376
  0.003050  0.022076
  0.001557  0.018969
  0.000561  0.016068
  0.000062  0.013382
  0.000062  0.010920
  0.000561  0.008687
  0.001557  0.006686
  0.003050  0.004918
  0.005038  0.003383
  0.007520  0.002080
  0.010493  0.001005
  0.013954  0.000153
  0.017899  -0.000481
  0.022325  -0.000905
  0.027226  -0.001124
  0.032600  -0.001148
  0.038439  -0.000983
  0.044738  -0.000639
  0.051491  -0.000122
  0.058691  0.000558
  0.066331  0.001393
  0.074403  0.002375
  0.082900  0.003496
  0.091812  0.004747
  0.101131  0.006119
  0.110848  0.007605
  0.120953  0.009196
  0.131435  0.010884
  0.142285  0.012660
  0.153492  0.014518
  0.165044  0.016449
  0.176930  0.018446
  0.189138  0.020501
  0.201655  0.022606
  0.214470  0.024754
  0.227570  0.026938
  0.240941  0.029150
  0.254571  0.031383
  0.268445  0.033631
  0.282550  0.035886
  0.296872  0.038143
  0.311396  0.040394
  0.326109  0.042633
  0.340994  0.044852
  0.356038  0.047045
  0.371226  0.049203
  0.386542  0.051319
  0.401971  0.053385
  0.417498  0.055390
  0.433107  0.057326
  0.448783  0.059183
  0.464509  0.060949
  0.480272  0.062615
  0.496053  0.064170
  0.511839  0.065601
  0.527613  0.066899
  0.543359  0.068053
  0.559063  0.069052
  0.574707  0.069887
  0.590277  0.070552
  0.605757  0.071037
  0.621131  0.071340
  0.636385  0.071455
  0.651503  0.071381
  0.666469  0.071118
  0.681270  0.070667
  0.695890  0.070032
  0.710315  0.069219
  0.724530  0.068234
  0.738522  0.067085
  0.752275  0.065783
  0.765777  0.064338
  0.779014  0.062764
  0.791974  0.061073
  0.804642  0.059279
  0.817006  0.057395
  0.829054  0.055435
  0.840775  0.053412
  0.852155  0.051340
  0.863185  0.049229
  0.873852  0.047092
  0.884147  0.044938
  0.894059  0.042875
  0.903579  0.040835
  0.912695  0.038829
  0.921401  0.036865
  0.929686  0.034952
  0.937544  0.033098
  0.944964  0.031307
  0.951942  0.029585
  0.958469  0.027936
  0.964539  0.026362
  0.970146  0.024864
  0.975284  0.023444
  0.979948  0.022100
  0.984134  0.020833
  0.987838  0.019639
  0.991055  0.018517
  0.993782  0.017465
  0.996018  0.016479
  0.997759  0.015555
  0.999003  0.014691
  0.999751  0.013881
  1.000000  0.013124
