  1.000000  0.015133
  0.999751  0.016178
  0.999003  0.017300
  0.997759  0.018505
  0.996018  0.019802
  0.993782  0.021195
  0.991055  0.022691
  0.987838  0.024296
  0.984134  0.026014
  0.979948  0.027852
  0.975284  0.029813
  0.970146  0.031900
  0.964539  0.034116
  0.958469  0.036462
  0.951942  0.038939
  0.944964  0.041546
  0.937544  0.044279
  0.929686  0.047135
  0.921401  0.050108
  0.912695  0.053192
  0.903579  0.056378
  0.894059  0.059658
  0.884147  0.063021
  0.873852  0.066570
  0.863185  0.070158
  0.852155  0.073774
  0.840775  0.077407
  0.829054  0.081046
  0.817006  0.084678
  0.804642  0.088288
  0.791974  0.091864
  0.779014  0.095391
  0.765777  0.098854
  0.752275  0.102239
  0.738522  0.105533
  0.724530  0.108723
  0.710315  0.111797
  0.695890  0.114743
  0.681270  0.117552
  0.666469  0.120215
  0.651503  0.122724
  0.636385  0.125073
  0.621131  0.127256
  0.605757  0.129269
  0.590277  0.131109
  0.574707  0.132773
  0.559063  0.134259
  0.543359  0.135566
  0.527613  0.136693
  0.511839  0.137642
  0.496053  0.138411
  0.480272  0.139001
  0.464509  0.139414
  0.448783  0.139649
  0.433107  0.139709
  0.417498  0.139593
  0.401971  0.139304
  0.386542  0.138843
  0.371226  0.138212
  0.356038  0.137412
  0.340994  0.136445
  0.326109  0.135311
  0.311396  0.134012
  0.296872  0.132550
  0.282550  0.130927
  0.268445  0.129143
  0.254571  0.127202
  0.240941  0.125104
  0.227570  0.122853
  0.214470  0.120449
  0.201655  0.117896
  0.189138  0.115195
  0.176930  0.112350
  0.165044  0.109362
  0.153492  0.106235
  0.142285  0.102972
  0.131435  0.099579
  0.120953  0.096060
  0.110848  0.092423
  0.101131  0.088674
  0.091812  0.084822
  0.082900  0.080877
  0.074403  0.076850
  0.066331  0.072757
  0.058691  0.068610
  0.051491  0.064428
  0.044738  0.060230
  0.038439  0.056035
  0.032600  0.051864
  0.027226  0.047739
  0.022325  0.043683
  0.017899  0.039718
  0.013954  0.035866
  0.010493  0.032149
  0.007520  0.028585
  0.005038  0.025194
  0.003050  0.021992
  0.001557  0.018993
  0.000561  0.016209
  0.000062  0.013649
  0.000062  0.011321
  0.000561  0.009228
  0.001557  0.007374
  0.003050  0.005757
  0.005038  0.004377
  0.007520  0.003231
  0.010493  0.002314
  0.013954  0.001620
  0.017899  0.001142
  0.022325  0.000872
  0.027226  0.000801
  0.032600  0.000922
  0.038439  0.001224
  0.044738  0.001699
  0.051491  0.002338
  0.058691  0.003131
  0.066331  0.004070
  0.074403  0.005145
  0.082900  0.006347
  0.091812  0.007668
  0.101131  0.009100
  0.110848  0.010633
  0.120953  0.012260
  0.131435  0.013972
  0.142285  0.015762
  0.153492  0.017622
  0.165044  0.019545
  0.176930  0.021523
  0.189138  0.023548
  0.201655  0.025614
  0.214470  0.027713
  0.227570  0.029838
  0.240941  0.031983
  0.254571  0.034140
  0.268445  0.036303
  0.282550  0.038466
  0.296872  0.040622
  0.311396  0.042765
  0.326109  0.044888
  0.340994  0.046985
  0.356038  0.049049
  0.371226  0.051072
  0.386542  0.053049
  0.401971  0.054970
  0.417498  0.056828
  0.433107  0.058614
  0.448783  0.060319
  0.464509  0.061934
  0.480272  0.063448
  0.496053  0.064854
  0.511839  0.066140
  0.527613  0.067297
  0.543359  0.068316
  0.559063  0.069188
  0.574707  0.069907
  0.590277  0.070464
  0.605757  0.070854
  0.621131  0.071073
  0.636385  0.071118
  0.651503  0.070989
  0.666469  0.070685
  0.681270  0.070207
  0.695890  0.069561
  0.710315  0.068750
  0.724530  0.067781
  0.738522  0.066662
  0.752275  0.065402
  0.765777  0.064010
  0.779014  0.062498
  0.791974  0.060877
  0.804642  0.059159
  0.817006  0.057356
  0.829054  0.055480
  0.840775  0.053543
  0.852155  0.051555
  0.863185  0.049527
  0.873852  0.047468
  0.884147  0.045388
  0.894059  0.043394
  0.903579  0.041417
  0.912695  0.039467
  0.921401  0.037552
  0.929686  0.035682
  0.937544  0.033862
  0.944964  0.032100
  0.951942  0.030399
  0.958469  0.028765
  0.964539  0.027200
  0.970146  0.025706
  0.975284  0.024285
  0.979948  0.022937
  0.984134  0.021661
  0.987838  0.020457
  0.991055  0.019321
  0.993782  0.018253
  0.996018  0.017250
  0.997759  0.016308
  0.999003  0.015424
  0.999751  0.014596
  1.000000  0.013818
