  1.000000  0.012969
  0.999751  0.013928
  0.999003  0.014963
  0.997759  0.016081
  0.996018  0.017287
  0.993782  0.018589
  0.991055  0.019993
  0.987838  0.021506
  0.984134  0.023134
  0.979948  0.024881
  0.975284  0.026755
  0.970146  0.028758
  0.964539  0.030894
  0.958469  0.033166
  0.951942  0.035574
  0.944964  0.038120
  0.937544  0.040801
  0.929686  0.043614
  0.921401  0.046555
  0.912695  0.049617
  0.903579  0.052794
  0.894059  0.056076
  0.884147  0.059453
  0.873852  0.063021
  0.863185  0.066642
  0.852155  0.070304
  0.840775  0.073994
  0.829054  0.077700
  0.817006  0.081406
  0.804642  0.085097
  0.791974  0.088758
  0.779014  0.092372
  0.765777  0.095924
  0.752275  0.099397
  0.738522  0.102778
  0.724530  0.106050
  0.710315  0.109201
  0.695890  0.112218
  0.681270  0.115090
  0.666469  0.117809
  0.651503  0.120365
  0.636385  0.122752
  0.621131  0.124964
  0.605757  0.126998
  0.590277  0.128849
  0.574707  0.130516
  0.559063  0.131997
  0.543359  0.133292
  0.527613  0.134400
  0.511839  0.135322
  0.496053  0.136060
  0.480272  0.136615
  0.464509  0.136988
  0.448783  0.137182
  0.433107  0.137197
  0.417498  0.137036
  0.401971  0.136701
  0.386542  0.136194
  0.371226  0.135518
  0.356038  0.134675
  0.340994  0.133667
  0.326109  0.132496
  0.311396  0.131163
  0.296872  0.129672
  0.282550  0.128025
  0.268445  0.126224
  0.254571  0.124270
  0.240941  0.122166
  0.227570  0.119916
  0.214470  0.117520
  0.201655  0.114982
  0.189138  0.112305
  0.176930  0.109491
  0.165044  0.106543
  0.153492  0.103465
  0.142285  0.100259
  0.131435  0.096931
  0.120953  0.093485
  0.110848  0.089929
  0.101131  0.086268
  0.091812  0.082512
  0.082900  0.078668
  0.074403  0.074749
  0.066331  0.070765
  0.058691  0.066732
  0.051491  0.062665
  0.044738  0.058580
  0.038439  0.054497
  0.032600  0.050434
  0.027226  0.046412
  0.022325  0.042450
  0.017899  0.038571
  0.013954  0.034793
  0.010493  0.031136
  0.007520  0.027619
  0.005038  0.024260
  0.003050  0.021073
  0.001557  0.018072
  0.000561  0.015270
  0.000062  0.012674
  0.000062  0.010294
  0.000561  0.008133
  0.001557  0.006195
  0.003050  0.004482
  0.005038  0.002993
  0.007520  0.001727
  0.010493  0.000681
  0.013954  -0.000149
  0.017899  -0.000767
  0.022325  -0.001181
  0.027226  -0.001396
  0.032600  -0.001419
  0.038439  -0.001257
  0.044738  -0.000919
  0.051491  -0.000410
  0.058691  0.000260
  0.066331  0.001084
  0.074403  0.002055
  0.082900  0.003164
  0.091812  0.004403
  0.101131  0.005764
  0.110848  0.007240
  0.120953  0.008823
  0.131435  0.010504
  0.142285  0.012276
  0.153492  0.014132
  0.165044  0.016065
  0.176930  0.018066
  0.189138  0.020129
  0.201655  0.022246
  0.214470  0.024410
  0.227570  0.026614
  0.240941  0.028852
  0.254571  0.031117
  0.268445  0.033401
  0.282550  0.035700
  0.296872  0.038006
  0.311396  0.040313
  0.326109  0.042614
  0.340994  0.044902
  0.356038  0.047170
  0.371226  0.049409
  0.386542  0.051611
  0.401971  0.053766
  0.417498  0.055866
  0.433107  0.057898
  0.448783  0.059853
  0.464509  0.061718
  0.480272  0.063482
  0.496053  0.065130
  0.511839  0.066651
  0.527613  0.068032
  0.543359  0.069260
  0.559063  0.070323
  0.574707  0.071210
  0.590277  0.071911
  0.605757  0.072417
  0.621131  0.072722
  0.636385  0.072821
  0.651503  0.072711
  0.666469  0.072390
  0.681270  0.071860
  0.695890  0.071124
  0.710315  0.070189
  0.724530  0.069061
  0.738522  0.067751
  0.752275  0.066271
  0.765777  0.064633
  0.779014  0.062854
  0.791974  0.060948
  0.804642  0.058933
  0.817006  0.056825
  0.829054  0.054642
  0.840775  0.052400
  0.852155  0.050116
  0.863185  0.047803
  0.873852  0.045477
  0.884147  0.043150
  0.894059  0.040927
  0.903579  0.038744
  0.912695  0.036613
  0.921401  0.034542
  0.929686  0.032541
  0.937544  0.030615
  0.944964  0.028770
  0.951942  0.027011
  0.958469  0.025339
  0.964539  0.023757
  0.970146  0.022263
  0.975284  0.020858
  0.979948  0.019539
  0.984134  0.018304
  0.987838  0.017151
  0.991055  0.016074
  0.993782  0.015072
  0.996018  0.014139
  0.997759  0.013271
  0.999003  0.012465
  0.999751  0.011714
  1.000000  0.011017
