  1.000000  0.013898
  0.999751  0.014898
  0.999003  0.015975
  0.997759  0.017137
  0.996018  0.018389
  0.993782  0.019738
  0.991055  0.021190
  0.987838  0.022753
  0.984134  0.024431
  0.979948  0.026231
  0.975284  0.028156
  0.970146  0.030212
  0.964539  0.032401
  0.958469  0.034726
  0.951942  0.037187
  0.944964  0.039783
  0.937544  0.042513
  0.929686  0.045374
  0.921401  0.048360
  0.912695  0.051464
  0.903579  0.054679
  0.894059  0.057996
  0.884147  0.061405
  0.873852  0.065003
  0.863185  0.068648
  0.852155  0.072329
  0.840775  0.076032
  0.829054  0.079744
  0.817006  0.083452
  0.804642  0.087139
  0.791974  0.090791
  0.779014  0.094391
  0.765777  0.097924
  0.752275  0.101374
  0.738522  0.104726
  0.724530  0.107967
  0.710315  0.111084
  0.695890  0.114064
  0.681270  0.116898
  0.666469  0.119576
  0.651503  0.122091
  0.636385  0.124438
  0.621131  0.126611
  0.605757  0.128608
  0.590277  0.130426
  0.574707  0.132064
  0.559063  0.133521
  0.543359  0.134797
  0.527613  0.135895
  0.511839  0.136815
  0.496053  0.137560
  0.480272  0.138131
  0.464509  0.138532
  0.448783  0.138763
  0.433107  0.138829
  0.417498  0.138730
  0.401971  0.138470
  0.386542  0.138050
  0.371226  0.137474
  0.356038  0.136741
  0.340994  0.135855
  0.326109  0.134815
  0.311396  0.133623
  0.296872  0.132280
  0.282550  0.130785
  0.268445  0.129141
  0.254571  0.127346
  0.240941  0.125401
  0.227570  0.123307
  0.214470  0.121062
  0.201655  0.118668
  0.189138  0.116124
  0.176930  0.113431
  0.165044  0.110589
  0.153492  0.107599
  0.142285  0.104463
  0.131435  0.101184
  0.120953  0.097764
  0.110848  0.094211
  0.101131  0.090529
  0.091812  0.086727
  0.082900  0.082814
  0.074403  0.078802
  0.066331  0.074705
  0.058691  0.070538
  0.051491  0.066319
  0.044738  0.062069
  0.038439  0.057809
  0.032600  0.053561
  0.027226  0.049351
  0.022325  0.045202
  0.017899  0.041139
  0.013954  0.037185
  0.010493  0.033365
  0.007520  0.029700
  0.005038  0.026210
  0.003050  0.022913
  0.001557  0.019825
  0.000561  0.016958
  0.000062  0.014322
  0.000062  0.011924
  0.000561  0.009770
  0.001557  0.007861
  0.003050  0.006197
  0.005038  0.004775
  0.007520  0.003593
  0.010493  0.002644
  0.013954  0.001923
  0.017899  0.001419
  0.022325  0.001125
  0.027226  0.001031
  0.032600  0.001128
  0.038439  0.001404
  0.044738  0.001851
  0.051491  0.002457
  0.058691  0.003214
  0.066331  0.004112
  0.074403  0.005141
  0.082900  0.006293
  0.091812  0.007558
  0.101131  0.008928
  0.110848  0.010396
  0.120953  0.011953
  0.131435  0.013592
  0.142285  0.015307
  0.153492  0.017091
  0.165044  0.018938
  0.176930  0.020843
  0.189138  0.022799
  0.201655  0.024803
  0.214470  0.026847
  0.227570  0.028927
  0.240941  0.031039
  0.254571  0.033177
  0.268445  0.035337
  0.282550  0.037514
  0.296872  0.039704
  0.311396  0.041900
  0.326109  0.044098
  0.340994  0.046292
  0.356038  0.048475
  0.371226  0.050640
  0.386542  0.052778
  0.401971  0.054881
  0.417498  0.056939
  0.433107  0.058943
  0.448783  0.060879
  0.464509  0.062738
  0.480272  0.064505
  0.496053  0.066168
  0.511839  0.067713
  0.527613  0.069128
  0.543359  0.070398
  0.559063  0.071512
  0.574707  0.072457
  0.590277  0.073223
  0.605757  0.073800
  0.621131  0.074180
  0.636385  0.074359
  0.651503  0.074331
  0.666469  0.074096
  0.681270  0.073653
  0.695890  0.073004
  0.710315  0.072156
  0.724530  0.071114
  0.738522  0.069888
  0.752275  0.068488
  0.765777  0.066927
  0.779014  0.065220
  0.791974  0.063381
  0.804642  0.061425
  0.817006  0.059371
  0.829054  0.057233
  0.840775  0.055027
  0.852155  0.052770
  0.863185  0.050476
  0.873852  0.048158
  0.884147  0.045828
  0.894059  0.043599
  0.903579  0.041402
  0.912695  0.039248
  0.921401  0.037147
  0.929686  0.035109
  0.937544  0.033140
  0.944964  0.031247
  0.951942  0.029435
  0.958469  0.027707
  0.964539  0.026064
  0.970146  0.024508
  0.975284  0.023038
  0.979948  0.021654
  0.984134  0.020354
  0.987838  0.019134
  0.991055  0.017992
  0.993782  0.016925
  0.996018  0.015929
  0.997759  0.014999
  0.999003  0.014131
  0.999751  0.013322
  1.000000  0.012567
