  1.000000  0.015307
  0.999751  0.016350
  0.999003  0.017470
  0.997759  0.018673
  0.996018  0.019965
  0.993782  0.021353
  0.991055  0.022842
  0.987838  0.024437
  0.984134  0.026145
  0.979948  0.027970
  0.975284  0.029915
  0.970146  0.031985
  0.964539  0.034180
  0.958469  0.036503
  0.951942  0.038953
  0.944964  0.041529
  0.937544  0.044228
  0.929686  0.047046
  0.921401  0.049977
  0.912695  0.053015
  0.903579  0.056151
  0.894059  0.059376
  0.884147  0.062681
  0.873852  0.066167
  0.863185  0.069686
  0.852155  0.073230
  0.840775  0.076787
  0.829054  0.080345
  0.817006  0.083891
  0.804642  0.087413
  0.791974  0.090897
  0.779014  0.094327
  0.765777  0.097691
  0.752275  0.100973
  0.738522  0.104162
  0.724530  0.107244
  0.710315  0.110206
  0.695890  0.113039
  0.681270  0.115733
  0.666469  0.118278
  0.651503  0.120668
  0.636385  0.122897
  0.621131  0.124960
  0.605757  0.126852
  0.590277  0.128571
  0.574707  0.130115
  0.559063  0.131482
  0.543359  0.132671
  0.527613  0.133684
  0.511839  0.134520
  0.496053  0.135181
  0.480272  0.135667
  0.464509  0.135980
  0.448783  0.136121
  0.433107  0.136093
  0.417498  0.135896
  0.401971  0.135533
  0.386542  0.135006
  0.371226  0.134317
  0.356038  0.133467
  0.340994  0.132458
  0.326109  0.131292
  0.311396  0.129970
  0.296872  0.128495
  0.282550  0.126868
  0.268445  0.125090
  0.254571  0.123163
  0.240941  0.121090
  0.227570  0.118871
  0.214470  0.116510
  0.201655  0.114007
  0.189138  0.111366
  0.176930  0.108587
  0.165044  0.105675
  0.153492  0.102630
  0.142285  0.099458
  0.131435  0.096161
  0.120953  0.092746
  0.110848  0.089218
  0.101131  0.085584
  0.091812  0.081853
  0.082900  0.078033
  0.074403  0.074137
  0.066331  0.070177
  0.058691  0.066167
  0.051491  0.062125
  0.044738  0.058068
  0.038439  0.054016
  0.032600  0.049988
  0.027226  0.046006
  0.022325  0.042091
  0.017899  0.038265
  0.013954  0.034549
  0.010493  0.030962
  0.007520  0.027526
  0.005038  0.024255
  0.003050  0.021168
  0.001557  0.018276
  0.000561  0.015591
  0.000062  0.013122
  0.000062  0.010876
  0.000561  0.008856
  0.001557  0.007065
  0.003050  0.005502
  0.005038  0.004166
  0.007520  0.003053
  0.010493  0.002159
  0.013954  0.001477
  0.017899  0.001002
  0.022325  0.000725
  0.027226  0.000637
  0.032600  0.000730
  0.038439  0.000995
  0.044738  0.001424
  0.051491  0.002006
  0.058691  0.002735
  0.066331  0.003599
  0.074403  0.004592
  0.082900  0.005704
  0.091812  0.006928
  0.101131  0.008256
  0.110848  0.009679
  0.120953  0.011191
  0.131435  0.012784
  0.142285  0.014452
  0.153492  0.016188
  0.165044  0.017986
  0.176930  0.019841
  0.189138  0.021746
  0.201655  0.023695
  0.214470  0.025684
  0.227570  0.027706
  0.240941  0.029757
  0.254571  0.031832
  0.268445  0.033924
  0.282550  0.036030
  0.296872  0.038145
  0.311396  0.040262
  0.326109  0.042377
  0.340994  0.044484
  0.356038  0.046576
  0.371226  0.048646
  0.386542  0.050686
  0.401971  0.052690
  0.417498  0.054648
  0.433107  0.056551
  0.448783  0.058388
  0.464509  0.060150
  0.480272  0.061825
  0.496053  0.063402
  0.511839  0.064869
  0.527613  0.066216
  0.543359  0.067431
  0.559063  0.068504
  0.574707  0.069424
  0.590277  0.070184
  0.605757  0.070776
  0.621131  0.071194
  0.636385  0.071434
  0.651503  0.071492
  0.666469  0.071367
  0.681270  0.071060
  0.695890  0.070575
  0.710315  0.069913
  0.724530  0.069083
  0.738522  0.068089
  0.752275  0.066942
  0.765777  0.065650
  0.779014  0.064225
  0.791974  0.062679
  0.804642  0.061023
  0.817006  0.059269
  0.829054  0.057430
  0.840775  0.055519
  0.852155  0.053546
  0.863185  0.051522
  0.873852  0.049458
  0.884147  0.047363
  0.894059  0.045349
  0.903579  0.043346
  0.912695  0.041364
  0.921401  0.039413
  0.929686  0.037500
  0.937544  0.035635
  0.944964  0.033825
  0.951942  0.032074
  0.958469  0.030387
  0.964539  0.028769
  0.970146  0.027222
  0.975284  0.025747
  0.979948  0.024345
  0.984134  0.023016
  0.987838  0.021760
  0.991055  0.020574
  0.993782  0.019457
  0.996018  0.018405
  0.997759  0.017417
  0.999003  0.016489
  0.999751  0.015617
  1.000000  0.014799
