  1.000000  0.014982
  0.999751  0.016021
  0.999003  0.017139
  0.997759  0.018341
  0.996018  0.019634
  0.993782  0.021024
  0.991055  0.022517
  0.987838  0.024120
  0.984134  0.025838
  0.979948  0.027676
  0.975284  0.029638
  0.970146  0.031728
  0.964539  0.033949
  0.958469  0.036302
  0.951942  0.038787
  0.944964  0.041404
  0.937544  0.044149
  0.929686  0.047019
  0.921401  0.050009
  0.912695  0.053110
  0.903579  0.056316
  0.894059  0.059616
  0.884147  0.063001
  0.873852  0.066571
  0.863185  0.070179
  0.852155  0.073815
  0.840775  0.077465
  0.829054  0.081118
  0.817006  0.084760
  0.804642  0.088375
  0.791974  0.091950
  0.779014  0.095468
  0.765777  0.098915
  0.752275  0.102276
  0.738522  0.105537
  0.724530  0.108683
  0.710315  0.111704
  0.695890  0.114587
  0.681270  0.117324
  0.666469  0.119905
  0.651503  0.122323
  0.636385  0.124574
  0.621131  0.126653
  0.605757  0.128557
  0.590277  0.130285
  0.574707  0.131834
  0.559063  0.133206
  0.543359  0.134401
  0.527613  0.135420
  0.511839  0.136266
  0.496053  0.136941
  0.480272  0.137447
  0.464509  0.137787
  0.448783  0.137963
  0.433107  0.137979
  0.417498  0.137837
  0.401971  0.137538
  0.386542  0.137087
  0.371226  0.136484
  0.356038  0.135733
  0.340994  0.134833
  0.326109  0.133786
  0.311396  0.132593
  0.296872  0.131254
  0.282550  0.129770
  0.268445  0.128141
  0.254571  0.126366
  0.240941  0.124446
  0.227570  0.122381
  0.214470  0.120169
  0.201655  0.117811
  0.189138  0.115306
  0.176930  0.112654
  0.165044  0.109854
  0.153492  0.106909
  0.142285  0.103817
  0.131435  0.100583
  0.120953  0.097209
  0.110848  0.093699
  0.101131  0.090061
  0.091812  0.086302
  0.082900  0.082429
  0.074403  0.078456
  0.066331  0.074395
  0.058691  0.070262
  0.051491  0.066075
  0.044738  0.061854
  0.038439  0.057619
  0.032600  0.053395
  0.027226  0.049204
  0.022325  0.045071
  0.017899  0.041020
  0.013954  0.037076
  0.010493  0.033262
  0.007520  0.029599
  0.005038  0.026107
  0.003050  0.022805
  0.001557  0.019708
  0.000561  0.016828
  0.000062  0.014177
  0.000062  0.011760
  0.000561  0.009583
  0.001557  0.007648
  0.003050  0.005954
  0.005038  0.004500
  0.007520  0.003283
  0.010493  0.002296
  0.013954  0.001533
  0.017899  0.000987
  0.022325  0.000648
  0.027226  0.000506
  0.032600  0.000554
  0.038439  0.000779
  0.044738  0.001173
  0.051491  0.001727
  0.058691  0.002429
  0.066331  0.003272
  0.074403  0.004245
  0.082900  0.005341
  0.091812  0.006550
  0.101131  0.007865
  0.110848  0.009278
  0.120953  0.010782
  0.131435  0.012370
  0.142285  0.014036
  0.153492  0.015774
  0.165044  0.017579
  0.176930  0.019447
  0.189138  0.021373
  0.201655  0.023352
  0.214470  0.025379
  0.227570  0.027451
  0.240941  0.029564
  0.254571  0.031715
  0.268445  0.033898
  0.282550  0.036111
  0.296872  0.038350
  0.311396  0.040609
  0.326109  0.042885
  0.340994  0.045170
  0.356038  0.047459
  0.371226  0.049744
  0.386542  0.052017
  0.401971  0.054268
  0.417498  0.056486
  0.433107  0.058660
  0.448783  0.060778
  0.464509  0.062826
  0.480272  0.064789
  0.496053  0.066653
  0.511839  0.068402
  0.527613  0.070020
  0.543359  0.071492
  0.559063  0.072803
  0.574707  0.073940
  0.590277  0.074888
  0.605757  0.075637
  0.621131  0.076178
  0.636385  0.076503
  0.651503  0.076606
  0.666469  0.076484
  0.681270  0.076138
  0.695890  0.075568
  0.710315  0.074779
  0.724530  0.073779
  0.738522  0.072576
  0.752275  0.071183
  0.765777  0.069611
  0.779014  0.067877
  0.791974  0.065997
  0.804642  0.063987
  0.817006  0.061866
  0.829054  0.059652
  0.840775  0.057362
  0.852155  0.055014
  0.863185  0.052622
  0.873852  0.050203
  0.884147  0.047770
  0.894059  0.045440
  0.903579  0.043142
  0.912695  0.040889
  0.921401  0.038691
  0.929686  0.036559
  0.937544  0.034500
  0.944964  0.032520
  0.951942  0.030626
  0.958469  0.028819
  0.964539  0.027103
  0.970146  0.025479
  0.975284  0.023945
  0.979948  0.022502
  0.984134  0.021146
  0.987838  0.019875
  0.991055  0.018686
  0.993782  0.017574
  0.996018  0.016537
  0.997759  0.015570
  0.999003  0.014668
  0.999751  0.013827
  1.000000  0.013042
