  1.000000  0.014219
  0.999751  0.015190
  0.999003  0.016233
  0.997759  0.017353
  0.996018  0.018556
  0.993782  0.019849
  0.991055  0.021236
  0.987838  0.022722
  0.984134  0.024314
  0.979948  0.026014
  0.975284  0.027828
  0.970146  0.029757
  0.964539  0.031804
  0.958469  0.033970
  0.951942  0.036255
  0.944964  0.038658
  0.937544  0.041177
  0.929686  0.043806
  0.921401  0.046542
  0.912695  0.049377
  0.903579  0.052305
  0.894059  0.055317
  0.884147  0.058402
  0.873852  0.061657
  0.863185  0.064944
  0.852155  0.068253
  0.840775  0.071576
  0.829054  0.074899
  0.817006  0.078213
  0.804642  0.081504
  0.791974  0.084760
  0.779014  0.087966
  0.765777  0.091112
  0.752275  0.094183
  0.738522  0.097167
  0.724530  0.100053
  0.710315  0.102830
  0.695890  0.105488
  0.681270  0.108019
  0.666469  0.110415
  0.651503  0.112671
  0.636385  0.114780
  0.621131  0.116739
  0.605757  0.118546
  0.590277  0.120197
  0.574707  0.121692
  0.559063  0.123029
  0.543359  0.124210
  0.527613  0.125234
  0.511839  0.126104
  0.496053  0.126819
  0.480272  0.127381
  0.464509  0.127793
  0.448783  0.128055
  0.433107  0.128169
  0.417498  0.128136
  0.401971  0.127959
  0.386542  0.127638
  0.371226  0.127175
  0.356038  0.126571
  0.340994  0.125826
  0.326109  0.124941
  0.311396  0.123915
  0.296872  0.122751
  0.282550  0.121446
  0.268445  0.120002
  0.254571  0.118418
  0.240941  0.116694
  0.227570  0.114830
  0.214470  0.112825
  0.201655  0.110678
  0.189138  0.108391
  0.176930  0.105963
  0.165044  0.103393
  0.153492  0.100683
  0.142285  0.097834
  0.131435  0.094847
  0.120953  0.091726
  0.110848  0.088475
  0.101131  0.085099
  0.091812  0.081605
  0.082900  0.078000
  0.074403  0.074295
  0.066331  0.070500
  0.058691  0.066628
  0.051491  0.062696
  0.044738  0.058721
  0.038439  0.054719
  0.032600  0.050712
  0.027226  0.046719
  0.022325  0.042761
  0.017899  0.038859
  0.013954  0.035033
  0.010493  0.031305
  0.007520  0.027691
  0.005038  0.024211
  0.003050  0.020878
  0.001557  0.017708
  0.000561  0.014712
  0.000062  0.011899
  0.000062  0.009276
  0.000561  0.006849
  0.001557  0.004621
  0.003050  0.002593
  0.005038  0.000765
  0.007520  -0.000863
  0.010493  -0.002294
  0.013954  -0.003532
  0.017899  -0.004580
  0.022325  -0.005443
  0.027226  -0.006127
  0.032600  -0.006638
  0.038439  -0.006981
  0.044738  -0.007163
  0.051491  -0.007190
  0.058691  -0.007069
  0.066331  -0.006806
  0.074403  -0.006408
  0.082900  -0.005881
  0.091812  -0.005235
  0.101131  -0.004475
  0.110848  -0.003609
  0.120953  -0.002645
  0.131435  -0.001592
  0.142285  -0.000456
  0.153492  0.000756
  0.165044  0.002035
  0.176930  0.003374
  0.189138  0.004766
  0.201655  0.006203
  0.214470  0.007678
  0.227570  0.009184
  0.240941  0.010714
  0.254571  0.012262
  0.268445  0.013822
  0.282550  0.015388
  0.296872  0.016954
  0.311396  0.018517
  0.326109  0.020070
  0.340994  0.021610
  0.356038  0.023133
  0.371226  0.024633
  0.386542  0.026107
  0.401971  0.027551
  0.417498  0.028961
  0.433107  0.030332
  0.448783  0.031660
  0.464509  0.032940
  0.480272  0.034169
  0.496053  0.035342
  0.511839  0.036453
  0.527613  0.037498
  0.543359  0.038473
  0.559063  0.039372
  0.574707  0.040192
  0.590277  0.040929
  0.605757  0.041579
  0.621131  0.042138
  0.636385  0.042606
  0.651503  0.042978
  0.666469  0.043255
  0.681270  0.043436
  0.695890  0.043519
  0.710315  0.043507
  0.724530  0.043399
  0.738522  0.043198
  0.752275  0.042906
  0.765777  0.042524
  0.779014  0.042058
  0.791974  0.041509
  0.804642  0.040881
  0.817006  0.040179
  0.829054  0.039405
  0.840775  0.038563
  0.852155  0.037658
  0.863185  0.036692
  0.873852  0.035668
  0.884147  0.034589
  0.894059  0.033536
  0.903579  0.032456
  0.912695  0.031355
  0.921401  0.030239
  0.929686  0.029115
  0.937544  0.027988
  0.944964  0.026865
  0.951942  0.025752
  0.958469  0.024654
  0.964539  0.023576
  0.970146  0.022522
  0.975284  0.021497
  0.979948  0.020503
  0.984134  0.019544
  0.987838  0.018620
  0.991055  0.017735
  0.993782  0.016887
  0.996018  0.016078
  0.997759  0.015307
  0.999003  0.014574
  0.999751  0.013877
  1.000000  0.013214
