  1.000000  0.015726
  0.999751  0.016776
  0.999003  0.017902
  0.997759  0.019109
  0.996018  0.020405
  0.993782  0.021793
  0.991055  0.023281
  0.987838  0.024872
  0.984134  0.026573
  0.979948  0.028387
  0.975284  0.030318
  0.970146  0.032368
  0.964539  0.034539
  0.958469  0.036832
  0.951942  0.039246
  0.944964  0.041780
  0.937544  0.044431
  0.929686  0.047193
  0.921401  0.050063
  0.912695  0.053032
  0.903579  0.056093
  0.894059  0.059238
  0.884147  0.062456
  0.873852  0.065850
  0.863185  0.069274
  0.852155  0.072719
  0.840775  0.076176
  0.829054  0.079634
  0.817006  0.083083
  0.804642  0.086510
  0.791974  0.089903
  0.779014  0.093250
  0.765777  0.096538
  0.752275  0.099755
  0.738522  0.102889
  0.724530  0.105927
  0.710315  0.108860
  0.695890  0.111677
  0.681270  0.114368
  0.666469  0.116925
  0.651503  0.119341
  0.636385  0.121609
  0.621131  0.123723
  0.605757  0.125679
  0.590277  0.127473
  0.574707  0.129100
  0.559063  0.130559
  0.543359  0.131846
  0.527613  0.132960
  0.511839  0.133900
  0.496053  0.134665
  0.480272  0.135253
  0.464509  0.135664
  0.448783  0.135898
  0.433107  0.135955
  0.417498  0.135835
  0.401971  0.135538
  0.386542  0.135065
  0.371226  0.134418
  0.356038  0.133597
  0.340994  0.132603
  0.326109  0.131439
  0.311396  0.130106
  0.296872  0.128605
  0.282550  0.126941
  0.268445  0.125114
  0.254571  0.123129
  0.240941  0.120987
  0.227570  0.118694
  0.214470  0.116253
  0.201655  0.113666
  0.189138  0.110939
  0.176930  0.108076
  0.165044  0.105081
  0.153492  0.101958
  0.142285  0.098713
  0.131435  0.095352
  0.120953  0.091880
  0.110848  0.088304
  0.101131  0.084634
  0.091812  0.080876
  0.082900  0.077041
  0.074403  0.073138
  0.066331  0.069181
  0.058691  0.065181
  0.051491  0.061154
  0.044738  0.057115
  0.038439  0.053081
  0.032600  0.049070
  0.027226  0.045098
  0.022325  0.041184
  0.017899  0.037347
  0.013954  0.033604
  0.010493  0.029971
  0.007520  0.026464
  0.005038  0.023099
  0.003050  0.019888
  0.001557  0.016842
  0.000561  0.013971
  0.000062  0.011282
  0.000062  0.008781
  0.000561  0.006472
  0.001557  0.004357
  0.003050  0.002436
  0.005038  0.000709
  0.007520  -0.000826
  0.010493  -0.002171
  0.013954  -0.003330
  0.017899  -0.004306
  0.022325  -0.005106
  0.027226  -0.005734
  0.032600  -0.006195
  0.038439  -0.006497
  0.044738  -0.006644
  0.051491  -0.006642
  0.058691  -0.006499
  0.066331  -0.006220
  0.074403  -0.005812
  0.082900  -0.005282
  0.091812  -0.004637
  0.101131  -0.003884
  0.110848  -0.003031
  0.120953  -0.002083
  0.131435  -0.001050
  0.142285  0.000063
  0.153492  0.001247
  0.165044  0.002497
  0.176930  0.003805
  0.189138  0.005164
  0.201655  0.006568
  0.214470  0.008009
  0.227570  0.009482
  0.240941  0.010979
  0.254571  0.012496
  0.268445  0.014026
  0.282550  0.015566
  0.296872  0.017108
  0.311396  0.018650
  0.326109  0.020186
  0.340994  0.021712
  0.356038  0.023224
  0.371226  0.024717
  0.386542  0.026187
  0.401971  0.027631
  0.417498  0.029042
  0.433107  0.030418
  0.448783  0.031752
  0.464509  0.033041
  0.480272  0.034279
  0.496053  0.035461
  0.511839  0.036582
  0.527613  0.037636
  0.543359  0.038618
  0.559063  0.039523
  0.574707  0.040346
  0.590277  0.041083
  0.605757  0.041730
  0.621131  0.042283
  0.636385  0.042740
  0.651503  0.043099
  0.666469  0.043357
  0.681270  0.043515
  0.695890  0.043572
  0.710315  0.043528
  0.724530  0.043386
  0.738522  0.043148
  0.752275  0.042814
  0.765777  0.042390
  0.779014  0.041878
  0.791974  0.041282
  0.804642  0.040607
  0.817006  0.039857
  0.829054  0.039037
  0.840775  0.038149
  0.852155  0.037200
  0.863185  0.036193
  0.873852  0.035131
  0.884147  0.034018
  0.894059  0.032934
  0.903579  0.031826
  0.912695  0.030702
  0.921401  0.029567
  0.929686  0.028428
  0.937544  0.027291
  0.944964  0.026161
  0.951942  0.025046
  0.958469  0.023949
  0.964539  0.022876
  0.970146  0.021830
  0.975284  0.020815
  0.979948  0.019834
  0.984134  0.018889
  0.987838  0.017981
  0.991055  0.017113
  0.993782  0.016283
  0.996018  0.015493
  0.997759  0.014741
  0.999003  0.014027
  0.999751  0.013349
  1.000000  0.012706
