  1.000000  0.013280
  0.999751  0.014238
  0.999003  0.015271
  0.997759  0.016384
  0.996018  0.017585
  0.993782  0.018878
  0.991055  0.020271
  0.987838  0.021770
  0.984134  0.023380
  0.979948  0.025106
  0.975284  0.026953
  0.970146  0.028926
  0.964539  0.031026
  0.958469  0.033257
  0.951942  0.035619
  0.944964  0.038111
  0.937544  0.040732
  0.929686  0.043478
  0.921401  0.046345
  0.912695  0.049326
  0.903579  0.052415
  0.894059  0.055602
  0.884147  0.058877
  0.873852  0.062336
  0.863185  0.065841
  0.852155  0.069380
  0.840775  0.072943
  0.829054  0.076517
  0.817006  0.080087
  0.804642  0.083640
  0.791974  0.087159
  0.779014  0.090632
  0.765777  0.094041
  0.752275  0.097372
  0.738522  0.100610
  0.724530  0.103743
  0.710315  0.106756
  0.695890  0.109639
  0.681270  0.112381
  0.666469  0.114973
  0.651503  0.117407
  0.636385  0.119677
  0.621131  0.121778
  0.605757  0.123705
  0.590277  0.125456
  0.574707  0.127027
  0.559063  0.128419
  0.543359  0.129631
  0.527613  0.130662
  0.511839  0.131514
  0.496053  0.132188
  0.480272  0.132685
  0.464509  0.133006
  0.448783  0.133154
  0.433107  0.133131
  0.417498  0.132938
  0.401971  0.132577
  0.386542  0.132051
  0.371226  0.131362
  0.356038  0.130513
  0.340994  0.129505
  0.326109  0.128340
  0.311396  0.127021
  0.296872  0.125549
  0.282550  0.123926
  0.268445  0.122156
  0.254571  0.120239
  0.240941  0.118178
  0.227570  0.115975
  0.214470  0.113633
  0.201655  0.111154
  0.189138  0.108540
  0.176930  0.105795
  0.165044  0.102920
  0.153492  0.099919
  0.142285  0.096795
  0.131435  0.093553
  0.120953  0.090199
  0.110848  0.086738
  0.101131  0.083177
  0.091812  0.079524
  0.082900  0.075789
  0.074403  0.071981
  0.066331  0.068113
  0.058691  0.064199
  0.051491  0.060254
  0.044738  0.056293
  0.038439  0.052336
  0.032600  0.048400
  0.027226  0.044504
  0.022325  0.040669
  0.017899  0.036912
  0.013954  0.033253
  0.010493  0.029710
  0.007520  0.026300
  0.005038  0.023037
  0.003050  0.019935
  0.001557  0.017005
  0.000561  0.014258
  0.000062  0.011700
  0.000062  0.009336
  0.000561  0.007169
  0.001557  0.005201
  0.003050  0.003429
  0.005038  0.001853
  0.007520  0.000469
  0.010493  -0.000727
  0.013954  -0.001740
  0.017899  -0.002576
  0.022325  -0.003242
  0.027226  -0.003746
  0.032600  -0.004094
  0.038439  -0.004294
  0.044738  -0.004354
  0.051491  -0.004279
  0.058691  -0.004079
  0.066331  -0.003760
  0.074403  -0.003328
  0.082900  -0.002792
  0.091812  -0.002158
  0.101131  -0.001433
  0.110848  -0.000624
  0.120953  0.000264
  0.131435  0.001223
  0.142285  0.002248
  0.153492  0.003334
  0.165044  0.004475
  0.176930  0.005666
  0.189138  0.006902
  0.201655  0.008180
  0.214470  0.009493
  0.227570  0.010837
  0.240941  0.012210
  0.254571  0.013605
  0.268445  0.015021
  0.282550  0.016453
  0.296872  0.017898
  0.311396  0.019352
  0.326109  0.020811
  0.340994  0.022273
  0.356038  0.023733
  0.371226  0.025186
  0.386542  0.026628
  0.401971  0.028055
  0.417498  0.029461
  0.433107  0.030840
  0.448783  0.032187
  0.464509  0.033495
  0.480272  0.034757
  0.496053  0.035966
  0.511839  0.037115
  0.527613  0.038198
  0.543359  0.039206
  0.559063  0.040133
  0.574707  0.040972
  0.590277  0.041717
  0.605757  0.042362
  0.621131  0.042904
  0.636385  0.043338
  0.651503  0.043662
  0.666469  0.043872
  0.681270  0.043969
  0.695890  0.043952
  0.710315  0.043823
  0.724530  0.043583
  0.738522  0.043235
  0.752275  0.042783
  0.765777  0.042231
  0.779014  0.041586
  0.791974  0.040852
  0.804642  0.040035
  0.817006  0.039143
  0.829054  0.038181
  0.840775  0.037156
  0.852155  0.036074
  0.863185  0.034941
  0.873852  0.033763
  0.884147  0.032545
  0.894059  0.031364
  0.903579  0.030171
  0.912695  0.028973
  0.921401  0.027777
  0.929686  0.026590
  0.937544  0.025418
  0.944964  0.024266
  0.951942  0.023138
  0.958469  0.022040
  0.964539  0.020976
  0.970146  0.019947
  0.975284  0.018957
  0.979948  0.018008
  0.984134  0.017100
  0.987838  0.016234
  0.991055  0.015411
  0.993782  0.014629
  0.996018  0.013889
  0.997759  0.013188
  0.999003  0.012526
  0.999751  0.011900
  1.000000  0.011309
