  1.000000  0.014608
  0.999751  0.015612
  0.999003  0.016691
  0.997759  0.017850
  0.996018  0.019097
  0.993782  0.020436
  0.991055  0.021873
  0.987838  0.023414
  0.984134  0.025065
  0.979948  0.026829
  0.975284  0.028710
  0.970146  0.030713
  0.964539  0.032839
  0.958469  0.035089
  0.951942  0.037464
  0.944964  0.039963
  0.937544  0.042582
  0.929686  0.045318
  0.921401  0.048165
  0.912695  0.051118
  0.903579  0.054169
  0.894059  0.057308
  0.884147  0.060527
  0.873852  0.063924
  0.863185  0.067357
  0.852155  0.070816
  0.840775  0.074292
  0.829054  0.077774
  0.817006  0.081248
  0.804642  0.084703
  0.791974  0.088125
  0.779014  0.091501
  0.765777  0.094817
  0.752275  0.098060
  0.738522  0.101217
  0.724530  0.104275
  0.710315  0.107224
  0.695890  0.110053
  0.681270  0.112752
  0.666469  0.115314
  0.651503  0.117730
  0.636385  0.119994
  0.621131  0.122102
  0.605757  0.124049
  0.590277  0.125832
  0.574707  0.127448
  0.559063  0.128896
  0.543359  0.130173
  0.527613  0.131280
  0.511839  0.132217
  0.496053  0.132982
  0.480272  0.133577
  0.464509  0.134003
  0.448783  0.134259
  0.433107  0.134346
  0.417498  0.134266
  0.401971  0.134019
  0.386542  0.133606
  0.371226  0.133030
  0.356038  0.132291
  0.340994  0.131389
  0.326109  0.130327
  0.311396  0.129105
  0.296872  0.127726
  0.282550  0.126189
  0.268445  0.124497
  0.254571  0.122652
  0.240941  0.120654
  0.227570  0.118507
  0.214470  0.116211
  0.201655  0.113769
  0.189138  0.111184
  0.176930  0.108457
  0.165044  0.105591
  0.153492  0.102590
  0.142285  0.099456
  0.131435  0.096194
  0.120953  0.092809
  0.110848  0.089308
  0.101131  0.085698
  0.091812  0.081986
  0.082900  0.078182
  0.074403  0.074298
  0.066331  0.070344
  0.058691  0.066337
  0.051491  0.062291
  0.044738  0.058223
  0.038439  0.054152
  0.032600  0.050097
  0.027226  0.046079
  0.022325  0.042116
  0.017899  0.038229
  0.013954  0.034438
  0.010493  0.030762
  0.007520  0.027217
  0.005038  0.023819
  0.003050  0.020583
  0.001557  0.017520
  0.000561  0.014639
  0.000062  0.011949
  0.000062  0.009455
  0.000561  0.007158
  0.001557  0.005060
  0.003050  0.003161
  0.005038  0.001458
  0.007520  -0.000052
  0.010493  -0.001374
  0.013954  -0.002513
  0.017899  -0.003475
  0.022325  -0.004267
  0.027226  -0.004896
  0.032600  -0.005371
  0.038439  -0.005697
  0.044738  -0.005883
  0.051491  -0.005935
  0.058691  -0.005861
  0.066331  -0.005668
  0.074403  -0.005363
  0.082900  -0.004952
  0.091812  -0.004442
  0.101131  -0.003840
  0.110848  -0.003150
  0.120953  -0.002380
  0.131435  -0.001535
  0.142285  -0.000620
  0.153492  0.000360
  0.165044  0.001402
  0.176930  0.002500
  0.189138  0.003652
  0.201655  0.004852
  0.214470  0.006098
  0.227570  0.007385
  0.240941  0.008711
  0.254571  0.010073
  0.268445  0.011467
  0.282550  0.012891
  0.296872  0.014342
  0.311396  0.015816
  0.326109  0.017311
  0.340994  0.018823
  0.356038  0.020347
  0.371226  0.021880
  0.386542  0.023417
  0.401971  0.024952
  0.417498  0.026479
  0.433107  0.027993
  0.448783  0.029485
  0.464509  0.030949
  0.480272  0.032377
  0.496053  0.033760
  0.511839  0.035091
  0.527613  0.036359
  0.543359  0.037557
  0.559063  0.038676
  0.574707  0.039709
  0.590277  0.040649
  0.605757  0.041487
  0.621131  0.042220
  0.636385  0.042842
  0.651503  0.043348
  0.666469  0.043737
  0.681270  0.044007
  0.695890  0.044157
  0.710315  0.044187
  0.724530  0.044099
  0.738522  0.043896
  0.752275  0.043581
  0.765777  0.043158
  0.779014  0.042632
  0.791974  0.042008
  0.804642  0.041293
  0.817006  0.040493
  0.829054  0.039614
  0.840775  0.038662
  0.852155  0.037642
  0.863185  0.036562
  0.873852  0.035427
  0.884147  0.034240
  0.894059  0.033084
  0.903579  0.031908
  0.912695  0.030719
  0.921401  0.029523
  0.929686  0.028329
  0.937544  0.027142
  0.944964  0.025968
  0.951942  0.024815
  0.958469  0.023685
  0.964539  0.022585
  0.970146  0.021517
  0.975284  0.020485
  0.979948  0.019491
  0.984134  0.018537
  0.987838  0.017625
  0.991055  0.016754
  0.993782  0.015924
  0.996018  0.015137
  0.997759  0.014389
  0.999003  0.013681
  0.999751  0.013010
  1.000000  0.012375
