  1.000000  0.016522
  0.999751  0.017599
  0.999003  0.018752
  0.997759  0.019986
  0.996018  0.021307
  0.993782  0.022721
  0.991055  0.024233
  0.987838  0.025848
  0.984134  0.027570
  0.979948  0.029403
  0.975284  0.031350
  0.970146  0.033414
  0.964539  0.035595
  0.958469  0.037894
  0.951942  0.040309
  0.944964  0.042838
  0.937544  0.045479
  0.929686  0.048226
  0.921401  0.051072
  0.912695  0.054012
  0.903579  0.057037
  0.894059  0.060139
  0.884147  0.063307
  0.873852  0.066646
  0.863185  0.070007
  0.852155  0.073383
  0.840775  0.076764
  0.829054  0.080142
  0.817006  0.083505
  0.804642  0.086844
  0.791974  0.090146
  0.779014  0.093400
  0.765777  0.096593
  0.752275  0.099716
  0.738522  0.102755
  0.724530  0.105700
  0.710315  0.108541
  0.695890  0.111267
  0.681270  0.113870
  0.666469  0.116342
  0.651503  0.118675
  0.636385  0.120862
  0.621131  0.122898
  0.605757  0.124777
  0.590277  0.126495
  0.574707  0.128049
  0.559063  0.129434
  0.543359  0.130648
  0.527613  0.131690
  0.511839  0.132556
  0.496053  0.133246
  0.480272  0.133758
  0.464509  0.134092
  0.448783  0.134247
  0.433107  0.134222
  0.417498  0.134017
  0.401971  0.133634
  0.386542  0.133072
  0.371226  0.132333
  0.356038  0.131418
  0.340994  0.130330
  0.326109  0.129069
  0.311396  0.127639
  0.296872  0.126042
  0.282550  0.124281
  0.268445  0.122361
  0.254571  0.120285
  0.240941  0.118058
  0.227570  0.115684
  0.214470  0.113167
  0.201655  0.110514
  0.189138  0.107729
  0.176930  0.104818
  0.165044  0.101785
  0.153492  0.098638
  0.142285  0.095381
  0.131435  0.092021
  0.120953  0.088566
  0.110848  0.085022
  0.101131  0.081397
  0.091812  0.077700
  0.082900  0.073940
  0.074403  0.070127
  0.066331  0.066271
  0.058691  0.062386
  0.051491  0.058483
  0.044738  0.054577
  0.038439  0.050683
  0.032600  0.046816
  0.027226  0.042991
  0.022325  0.039224
  0.017899  0.035532
  0.013954  0.031930
  0.010493  0.028432
  0.007520  0.025052
  0.005038  0.021804
  0.003050  0.018699
  0.001557  0.015746
  0.000561  0.012955
  0.000062  0.010333
  0.000062  0.007885
  0.000561  0.005614
  0.001557  0.003524
  0.003050  0.001615
  0.005038  -0.000112
  0.007520  -0.001657
  0.010493  -0.003024
  0.013954  -0.004212
  0.017899  -0.005227
  0.022325  -0.006070
  0.027226  -0.006747
  0.032600  -0.007261
  0.038439  -0.007617
  0.044738  -0.007820
  0.051491  -0.007874
  0.058691  -0.007786
  0.066331  -0.007561
  0.074403  -0.007204
  0.082900  -0.006722
  0.091812  -0.006121
  0.101131  -0.005407
  0.110848  -0.004587
  0.120953  -0.003669
  0.131435  -0.002658
  0.142285  -0.001561
  0.153492  -0.000386
  0.165044  0.000862
  0.176930  0.002176
  0.189138  0.003550
  0.201655  0.004976
  0.214470  0.006449
  0.227570  0.007963
  0.240941  0.009512
  0.254571  0.011091
  0.268445  0.012694
  0.282550  0.014316
  0.296872  0.015953
  0.311396  0.017599
  0.326109  0.019249
  0.340994  0.020899
  0.356038  0.022543
  0.371226  0.024176
  0.386542  0.025792
  0.401971  0.027385
  0.417498  0.028949
  0.433107  0.030478
  0.448783  0.031964
  0.464509  0.033400
  0.480272  0.034779
  0.496053  0.036092
  0.511839  0.037332
  0.527613  0.038490
  0.543359  0.039560
  0.559063  0.040534
  0.574707  0.041405
  0.590277  0.042167
  0.605757  0.042815
  0.621131  0.043344
  0.636385  0.043752
  0.651503  0.044036
  0.666469  0.044194
  0.681270  0.044228
  0.695890  0.044138
  0.710315  0.043927
  0.724530  0.043598
  0.738522  0.043156
  0.752275  0.042605
  0.765777  0.041952
  0.779014  0.041203
  0.791974  0.040366
  0.804642  0.039448
  0.817006  0.038457
  0.829054  0.037401
  0.840775  0.036287
  0.852155  0.035122
  0.863185  0.033914
  0.873852  0.032669
  0.884147  0.031392
  0.894059  0.030159
  0.903579  0.028923
  0.912695  0.027690
  0.921401  0.026468
  0.929686  0.025263
  0.937544  0.024080
  0.944964  0.022924
  0.951942  0.021801
  0.958469  0.020712
  0.964539  0.019663
  0.970146  0.018654
  0.975284  0.017688
  0.979948  0.016765
  0.984134  0.015887
  0.987838  0.015053
  0.991055  0.014264
  0.993782  0.013517
  0.996018  0.012811
  0.997759  0.012146
  0.999003  0.011519
  0.999751  0.010929
  1.000000  0.010373
