  1.000000  0.016032
  0.999751  0.017086
  0.999003  0.018215
  0.997759  0.019424
  0.996018  0.020719
  0.993782  0.022106
  0.991055  0.023590
  0.987838  0.025176
  0.984134  0.026869
  0.979948  0.028672
  0.975284  0.030588
  0.970146  0.032620
  0.964539  0.034770
  0.958469  0.037037
  0.951942  0.039421
  0.944964  0.041919
  0.937544  0.044529
  0.929686  0.047246
  0.921401  0.050063
  0.912695  0.052975
  0.903579  0.055974
  0.894059  0.059051
  0.884147  0.062196
  0.873852  0.065511
  0.863185  0.068852
  0.852155  0.072211
  0.840775  0.075578
  0.829054  0.078944
  0.817006  0.082299
  0.804642  0.085631
  0.791974  0.088931
  0.779014  0.092186
  0.765777  0.095385
  0.752275  0.098516
  0.738522  0.101568
  0.724530  0.104530
  0.710315  0.107393
  0.695890  0.110146
  0.681270  0.112782
  0.666469  0.115292
  0.651503  0.117670
  0.636385  0.119909
  0.621131  0.122003
  0.605757  0.123949
  0.590277  0.125742
  0.574707  0.127378
  0.559063  0.128855
  0.543359  0.130170
  0.527613  0.131322
  0.511839  0.132308
  0.496053  0.133127
  0.480272  0.133778
  0.464509  0.134260
  0.448783  0.134572
  0.433107  0.134714
  0.417498  0.134685
  0.401971  0.134484
  0.386542  0.134113
  0.371226  0.133571
  0.356038  0.132859
  0.340994  0.131978
  0.326109  0.130928
  0.311396  0.129710
  0.296872  0.128325
  0.282550  0.126775
  0.268445  0.125062
  0.254571  0.123189
  0.240941  0.121156
  0.227570  0.118967
  0.214470  0.116625
  0.201655  0.114133
  0.189138  0.111494
  0.176930  0.108711
  0.165044  0.105788
  0.153492  0.102729
  0.142285  0.099538
  0.131435  0.096222
  0.120953  0.092784
  0.110848  0.089234
  0.101131  0.085579
  0.091812  0.081827
  0.082900  0.077988
  0.074403  0.074073
  0.066331  0.070096
  0.058691  0.066070
  0.051491  0.062011
  0.044738  0.057936
  0.038439  0.053864
  0.032600  0.049813
  0.027226  0.045804
  0.022325  0.041855
  0.017899  0.037987
  0.013954  0.034219
  0.010493  0.030569
  0.007520  0.027054
  0.005038  0.023691
  0.003050  0.020492
  0.001557  0.017469
  0.000561  0.014632
  0.000062  0.011989
  0.000062  0.009545
  0.000561  0.007302
  0.001557  0.005262
  0.003050  0.003424
  0.005038  0.001787
  0.007520  0.000346
  0.010493  -0.000901
  0.013954  -0.001961
  0.017899  -0.002839
  0.022325  -0.003542
  0.027226  -0.004078
  0.032600  -0.004453
  0.038439  -0.004675
  0.044738  -0.004751
  0.051491  -0.004690
  0.058691  -0.004497
  0.066331  -0.004180
  0.074403  -0.003747
  0.082900  -0.003206
  0.091812  -0.002562
  0.101131  -0.001824
  0.110848  -0.000999
  0.120953  -0.000093
  0.131435  0.000887
  0.142285  0.001933
  0.153492  0.003040
  0.165044  0.004202
  0.176930  0.005413
  0.189138  0.006666
  0.201655  0.007957
  0.214470  0.009278
  0.227570  0.010626
  0.240941  0.011995
  0.254571  0.013380
  0.268445  0.014776
  0.282550  0.016180
  0.296872  0.017587
  0.311396  0.018994
  0.326109  0.020397
  0.340994  0.021793
  0.356038  0.023179
  0.371226  0.024550
  0.386542  0.025903
  0.401971  0.027235
  0.417498  0.028543
  0.433107  0.029823
  0.448783  0.031070
  0.464509  0.032282
  0.480272  0.033453
  0.496053  0.034580
  0.511839  0.035657
  0.527613  0.036681
  0.543359  0.037646
  0.559063  0.038549
  0.574707  0.039384
  0.590277  0.040148
  0.605757  0.040837
  0.621131  0.041447
  0.636385  0.041976
  0.651503  0.042420
  0.666469  0.042778
  0.681270  0.043048
  0.695890  0.043228
  0.710315  0.043320
  0.724530  0.043321
  0.738522  0.043234
  0.752275  0.043058
  0.765777  0.042796
  0.779014  0.042448
  0.791974  0.042019
  0.804642  0.041509
  0.817006  0.040921
  0.829054  0.040258
  0.840775  0.039521
  0.852155  0.038715
  0.863185  0.037840
  0.873852  0.036899
  0.884147  0.035895
  0.894059  0.034909
  0.903579  0.033886
  0.912695  0.032832
  0.921401  0.031755
  0.929686  0.030659
  0.937544  0.029552
  0.944964  0.028439
  0.951942  0.027328
  0.958469  0.026224
  0.964539  0.025133
  0.970146  0.024061
  0.975284  0.023011
  0.979948  0.021988
  0.984134  0.020996
  0.987838  0.020037
  0.991055  0.019112
  0.993782  0.018225
  0.996018  0.017374
  0.997759  0.016561
  0.999003  0.015784
  0.999751  0.015044
  1.000000  0.014339
