  1.000000  0.013607
  0.999751  0.014564
  0.999003  0.015594
  0.997759  0.016701
  0.996018  0.017893
  0.993782  0.019175
  0.991055  0.020553
  0.987838  0.022033
  0.984134  0.023619
  0.979948  0.025317
  0.975284  0.027130
  0.970146  0.029063
  0.964539  0.031117
  0.958469  0.033294
  0.951942  0.035594
  0.944964  0.038017
  0.937544  0.040561
  0.929686  0.043222
  0.921401  0.045995
  0.912695  0.048875
  0.903579  0.051854
  0.894059  0.054925
  0.884147  0.058079
  0.873852  0.061410
  0.863185  0.064782
  0.852155  0.068189
  0.840775  0.071618
  0.829054  0.075059
  0.817006  0.078502
  0.804642  0.081933
  0.791974  0.085339
  0.779014  0.088709
  0.765777  0.092027
  0.752275  0.095283
  0.738522  0.098462
  0.724530  0.101552
  0.710315  0.104542
  0.695890  0.107421
  0.681270  0.110179
  0.666469  0.112806
  0.651503  0.115294
  0.636385  0.117637
  0.621131  0.119827
  0.605757  0.121859
  0.590277  0.123727
  0.574707  0.125428
  0.559063  0.126958
  0.543359  0.128312
  0.527613  0.129490
  0.511839  0.130487
  0.496053  0.131303
  0.480272  0.131935
  0.464509  0.132383
  0.448783  0.132645
  0.433107  0.132721
  0.417498  0.132611
  0.401971  0.132314
  0.386542  0.131831
  0.371226  0.131164
  0.356038  0.130314
  0.340994  0.129283
  0.326109  0.128072
  0.311396  0.126685
  0.296872  0.125125
  0.282550  0.123395
  0.268445  0.121500
  0.254571  0.119443
  0.240941  0.117231
  0.227570  0.114867
  0.214470  0.112357
  0.201655  0.109708
  0.189138  0.106925
  0.176930  0.104013
  0.165044  0.100979
  0.153492  0.097830
  0.142285  0.094571
  0.131435  0.091209
  0.120953  0.087753
  0.110848  0.084210
  0.101131  0.080588
  0.091812  0.076896
  0.082900  0.073144
  0.074403  0.069342
  0.066331  0.065502
  0.058691  0.061636
  0.051491  0.057758
  0.044738  0.053882
  0.038439  0.050023
  0.032600  0.046198
  0.027226  0.042422
  0.022325  0.038711
  0.017899  0.035082
  0.013954  0.031551
  0.010493  0.028133
  0.007520  0.024842
  0.005038  0.021691
  0.003050  0.018691
  0.001557  0.015853
  0.000561  0.013185
  0.000062  0.010695
  0.000062  0.008386
  0.000561  0.006262
  0.001557  0.004326
  0.003050  0.002577
  0.005038  0.001015
  0.007520  -0.000362
  0.010493  -0.001555
  0.013954  -0.002568
  0.017899  -0.003406
  0.022325  -0.004072
  0.027226  -0.004573
  0.032600  -0.004913
  0.038439  -0.005097
  0.044738  -0.005133
  0.051491  -0.005025
  0.058691  -0.004779
  0.066331  -0.004403
  0.074403  -0.003901
  0.082900  -0.003282
  0.091812  -0.002552
  0.101131  -0.001716
  0.110848  -0.000784
  0.120953  0.000239
  0.131435  0.001345
  0.142285  0.002527
  0.153492  0.003778
  0.165044  0.005091
  0.176930  0.006459
  0.189138  0.007875
  0.201655  0.009332
  0.214470  0.010822
  0.227570  0.012340
  0.240941  0.013879
  0.254571  0.015432
  0.268445  0.016995
  0.282550  0.018560
  0.296872  0.020122
  0.311396  0.021677
  0.326109  0.023219
  0.340994  0.024743
  0.356038  0.026244
  0.371226  0.027716
  0.386542  0.029155
  0.401971  0.030556
  0.417498  0.031912
  0.433107  0.033218
  0.448783  0.034469
  0.464509  0.035658
  0.480272  0.036780
  0.496053  0.037828
  0.511839  0.038796
  0.527613  0.039678
  0.543359  0.040469
  0.559063  0.041163
  0.574707  0.041756
  0.590277  0.042243
  0.605757  0.042622
  0.621131  0.042889
  0.636385  0.043044
  0.651503  0.043085
  0.666469  0.043014
  0.681270  0.042832
  0.695890  0.042541
  0.710315  0.042144
  0.724530  0.041646
  0.738522  0.041052
  0.752275  0.040366
  0.765777  0.039596
  0.779014  0.038747
  0.791974  0.037828
  0.804642  0.036844
  0.817006  0.035803
  0.829054  0.034712
  0.840775  0.033579
  0.852155  0.032409
  0.863185  0.031208
  0.873852  0.029983
  0.884147  0.028738
  0.894059  0.027541
  0.903579  0.026349
  0.912695  0.025169
  0.921401  0.024005
  0.929686  0.022862
  0.937544  0.021747
  0.944964  0.020662
  0.951942  0.019611
  0.958469  0.018597
  0.964539  0.017622
  0.970146  0.016689
  0.975284  0.015798
  0.979948  0.014949
  0.984134  0.014144
  0.987838  0.013381
  0.991055  0.012660
  0.993782  0.011980
  0.996018  0.011339
  0.997759  0.010736
  0.999003  0.010169
  0.999751  0.009636
  1.000000  0.009134
