  1.000000  0.016787
  0.999751  0.017879
  0.999003  0.019048
  0.997759  0.020300
  0.996018  0.021640
  0.993782  0.023073
  0.991055  0.024606
  0.987838  0.026244
  0.984134  0.027989
  0.979948  0.029848
  0.975284  0.031822
  0.970146  0.033913
  0.964539  0.036124
  0.958469  0.038453
  0.951942  0.040901
  0.944964  0.043464
  0.937544  0.046139
  0.929686  0.048922
  0.921401  0.051805
  0.912695  0.054782
  0.903579  0.057846
  0.894059  0.060986
  0.884147  0.064192
  0.873852  0.067571
  0.863185  0.070971
  0.852155  0.074385
  0.840775  0.077803
  0.829054  0.081216
  0.817006  0.084613
  0.804642  0.087983
  0.791974  0.091314
  0.779014  0.094595
  0.765777  0.097813
  0.752275  0.100957
  0.738522  0.104016
  0.724530  0.106978
  0.710315  0.109833
  0.695890  0.112572
  0.681270  0.115185
  0.666469  0.117666
  0.651503  0.120007
  0.636385  0.122203
  0.621131  0.124247
  0.605757  0.126137
  0.590277  0.127868
  0.574707  0.129437
  0.559063  0.130842
  0.543359  0.132081
  0.527613  0.133154
  0.511839  0.134058
  0.496053  0.134793
  0.480272  0.135360
  0.464509  0.135757
  0.448783  0.135984
  0.433107  0.136043
  0.417498  0.135933
  0.401971  0.135654
  0.386542  0.135207
  0.371226  0.134594
  0.356038  0.133815
  0.340994  0.132872
  0.326109  0.131763
  0.311396  0.130492
  0.296872  0.129059
  0.282550  0.127467
  0.268445  0.125715
  0.254571  0.123807
  0.240941  0.121745
  0.227570  0.119530
  0.214470  0.117165
  0.201655  0.114653
  0.189138  0.111996
  0.176930  0.109197
  0.165044  0.106260
  0.153492  0.103187
  0.142285  0.099983
  0.131435  0.096653
  0.120953  0.093202
  0.110848  0.089638
  0.101131  0.085967
  0.091812  0.082199
  0.082900  0.078343
  0.074403  0.074411
  0.066331  0.070415
  0.058691  0.066369
  0.051491  0.062292
  0.044738  0.058198
  0.038439  0.054108
  0.032600  0.050041
  0.027226  0.046017
  0.022325  0.042057
  0.017899  0.038180
  0.013954  0.034407
  0.010493  0.030757
  0.007520  0.027246
  0.005038  0.023891
  0.003050  0.020706
  0.001557  0.017703
  0.000561  0.014892
  0.000062  0.012279
  0.000062  0.009870
  0.000561  0.007668
  0.001557  0.005673
  0.003050  0.003884
  0.005038  0.002299
  0.007520  0.000914
  0.010493  -0.000276
  0.013954  -0.001277
  0.017899  -0.002096
  0.022325  -0.002740
  0.027226  -0.003217
  0.032600  -0.003536
  0.038439  -0.003704
  0.044738  -0.003729
  0.051491  -0.003619
  0.058691  -0.003382
  0.066331  -0.003026
  0.074403  -0.002559
  0.082900  -0.001987
  0.091812  -0.001318
  0.101131  -0.000559
  0.110848  0.000283
  0.120953  0.001202
  0.131435  0.002191
  0.142285  0.003246
  0.153492  0.004360
  0.165044  0.005529
  0.176930  0.006747
  0.189138  0.008011
  0.201655  0.009316
  0.214470  0.010657
  0.227570  0.012031
  0.240941  0.013434
  0.254571  0.014861
  0.268445  0.016311
  0.282550  0.017779
  0.296872  0.019262
  0.311396  0.020757
  0.326109  0.022260
  0.340994  0.023768
  0.356038  0.025277
  0.371226  0.026782
  0.386542  0.028279
  0.401971  0.029763
  0.417498  0.031228
  0.433107  0.032668
  0.448783  0.034077
  0.464509  0.035447
  0.480272  0.036773
  0.496053  0.038045
  0.511839  0.039256
  0.527613  0.040399
  0.543359  0.041465
  0.559063  0.042447
  0.574707  0.043337
  0.590277  0.044130
  0.605757  0.044818
  0.621131  0.045396
  0.636385  0.045861
  0.651503  0.046209
  0.666469  0.046437
  0.681270  0.046544
  0.695890  0.046530
  0.710315  0.046396
  0.724530  0.046144
  0.738522  0.045777
  0.752275  0.045298
  0.765777  0.044713
  0.779014  0.044027
  0.791974  0.043247
  0.804642  0.042379
  0.817006  0.041429
  0.829054  0.040406
  0.840775  0.039315
  0.852155  0.038163
  0.863185  0.036958
  0.873852  0.035704
  0.884147  0.034408
  0.894059  0.033152
  0.903579  0.031884
  0.912695  0.030611
  0.921401  0.029341
  0.929686  0.028081
  0.937544  0.026836
  0.944964  0.025614
  0.951942  0.024418
  0.958469  0.023255
  0.964539  0.022127
  0.970146  0.021038
  0.975284  0.019990
  0.979948  0.018986
  0.984134  0.018026
  0.987838  0.017111
  0.991055  0.016241
  0.993782  0.015415
  0.996018  0.014633
  0.997759  0.013894
  0.999003  0.013195
  0.999751  0.012534
  1.000000  0.011911
