  1.000000  0.013492
  0.999751  0.014469
  0.999003  0.015522
  0.997759  0.016657
  0.996018  0.017881
  0.993782  0.019200
  0.991055  0.020620
  0.987838  0.022149
  0.984134  0.023791
  0.979948  0.025552
  0.975284  0.027436
  0.970146  0.029449
  0.964539  0.031592
  0.958469  0.033868
  0.951942  0.036278
  0.944964  0.038822
  0.937544  0.041497
  0.929686  0.044301
  0.921401  0.047228
  0.912695  0.050272
  0.903579  0.053427
  0.894059  0.056682
  0.884147  0.060029
  0.873852  0.063565
  0.863185  0.067149
  0.852155  0.070771
  0.840775  0.074418
  0.829054  0.078078
  0.817006  0.081738
  0.804642  0.085383
  0.791974  0.088997
  0.779014  0.092567
  0.765777  0.096075
  0.752275  0.099508
  0.738522  0.102850
  0.724530  0.106088
  0.710315  0.109208
  0.695890  0.112198
  0.681270  0.115048
  0.666469  0.117749
  0.651503  0.120290
  0.636385  0.122666
  0.621131  0.124871
  0.605757  0.126900
  0.590277  0.128749
  0.574707  0.130414
  0.559063  0.131894
  0.543359  0.133187
  0.527613  0.134293
  0.511839  0.135211
  0.496053  0.135942
  0.480272  0.136485
  0.464509  0.136843
  0.448783  0.137015
  0.433107  0.137004
  0.417498  0.136810
  0.401971  0.136435
  0.386542  0.135881
  0.371226  0.135151
  0.356038  0.134247
  0.340994  0.133170
  0.326109  0.131924
  0.311396  0.130511
  0.296872  0.128933
  0.282550  0.127194
  0.268445  0.125297
  0.254571  0.123246
  0.240941  0.121043
  0.227570  0.118692
  0.214470  0.116197
  0.201655  0.113562
  0.189138  0.110792
  0.176930  0.107889
  0.165044  0.104859
  0.153492  0.101705
  0.142285  0.098434
  0.131435  0.095050
  0.120953  0.091560
  0.110848  0.087970
  0.101131  0.084289
  0.091812  0.080524
  0.082900  0.076684
  0.074403  0.072780
  0.066331  0.068825
  0.058691  0.064830
  0.051491  0.060811
  0.044738  0.056783
  0.038439  0.052761
  0.032600  0.048765
  0.027226  0.044810
  0.022325  0.040916
  0.017899  0.037100
  0.013954  0.033379
  0.010493  0.029770
  0.007520  0.026289
  0.005038  0.022951
  0.003050  0.019767
  0.001557  0.016749
  0.000561  0.013907
  0.000062  0.011247
  0.000062  0.008775
  0.000561  0.006495
  0.001557  0.004408
  0.003050  0.002515
  0.005038  0.000815
  0.007520  -0.000693
  0.010493  -0.002013
  0.013954  -0.003148
  0.017899  -0.004102
  0.022325  -0.004881
  0.027226  -0.005491
  0.032600  -0.005936
  0.038439  -0.006224
  0.044738  -0.006359
  0.051491  -0.006349
  0.058691  -0.006200
  0.066331  -0.005918
  0.074403  -0.005511
  0.082900  -0.004983
  0.091812  -0.004344
  0.101131  -0.003599
  0.110848  -0.002755
  0.120953  -0.001820
  0.131435  -0.000800
  0.142285  0.000298
  0.153492  0.001468
  0.165044  0.002703
  0.176930  0.003997
  0.189138  0.005343
  0.201655  0.006737
  0.214470  0.008171
  0.227570  0.009640
  0.240941  0.011139
  0.254571  0.012662
  0.268445  0.014206
  0.282550  0.015764
  0.296872  0.017333
  0.311396  0.018909
  0.326109  0.020487
  0.340994  0.022063
  0.356038  0.023632
  0.371226  0.025190
  0.386542  0.026733
  0.401971  0.028256
  0.417498  0.029753
  0.433107  0.031219
  0.448783  0.032649
  0.464509  0.034037
  0.480272  0.035377
  0.496053  0.036661
  0.511839  0.037884
  0.527613  0.039039
  0.543359  0.040119
  0.559063  0.041118
  0.574707  0.042030
  0.590277  0.042850
  0.605757  0.043572
  0.621131  0.044191
  0.636385  0.044705
  0.651503  0.045110
  0.666469  0.045405
  0.681270  0.045588
  0.695890  0.045658
  0.710315  0.045617
  0.724530  0.045466
  0.738522  0.045207
  0.752275  0.044844
  0.765777  0.044379
  0.779014  0.043818
  0.791974  0.043164
  0.804642  0.042424
  0.817006  0.041603
  0.829054  0.040706
  0.840775  0.039738
  0.852155  0.038704
  0.863185  0.037611
  0.873852  0.036462
  0.884147  0.035262
  0.894059  0.034093
  0.903579  0.032903
  0.912695  0.031699
  0.921401  0.030487
  0.929686  0.029274
  0.937544  0.028068
  0.944964  0.026874
  0.951942  0.025697
  0.958469  0.024544
  0.964539  0.023418
  0.970146  0.022325
  0.975284  0.021266
  0.979948  0.020245
  0.984134  0.019264
  0.987838  0.018325
  0.991055  0.017427
  0.993782  0.016571
  0.996018  0.015757
  0.997759  0.014984
  0.999003  0.014250
  0.999751  0.013555
  1.000000  0.012897
