  1.000000  0.013091
  0.999751  0.014018
  0.999003  0.015015
  0.997759  0.016089
  0.996018  0.017246
  0.993782  0.018490
  0.991055  0.019829
  0.987838  0.021268
  0.984134  0.022812
  0.979948  0.024465
  0.975284  0.026233
  0.970146  0.028118
  0.964539  0.030122
  0.958469  0.032249
  0.951942  0.034498
  0.944964  0.036868
  0.937544  0.039358
  0.929686  0.041964
  0.921401  0.044681
  0.912695  0.047504
  0.903579  0.050425
  0.894059  0.053437
  0.884147  0.056529
  0.873852  0.059793
  0.863185  0.063097
  0.852155  0.066432
  0.840775  0.069786
  0.829054  0.073148
  0.817006  0.076505
  0.804642  0.079846
  0.791974  0.083155
  0.779014  0.086420
  0.765777  0.089626
  0.752275  0.092762
  0.738522  0.095812
  0.724530  0.098767
  0.710315  0.101614
  0.695890  0.104343
  0.681270  0.106945
  0.666469  0.109413
  0.651503  0.111740
  0.636385  0.113920
  0.621131  0.115950
  0.605757  0.117826
  0.590277  0.119547
  0.574707  0.121110
  0.559063  0.122516
  0.543359  0.123763
  0.527613  0.124853
  0.511839  0.125787
  0.496053  0.126565
  0.480272  0.127190
  0.464509  0.127662
  0.448783  0.127983
  0.433107  0.128154
  0.417498  0.128177
  0.401971  0.128054
  0.386542  0.127785
  0.371226  0.127372
  0.356038  0.126816
  0.340994  0.126117
  0.326109  0.125275
  0.311396  0.124290
  0.296872  0.123164
  0.282550  0.121894
  0.268445  0.120482
  0.254571  0.118927
  0.240941  0.117227
  0.227570  0.115384
  0.214470  0.113395
  0.201655  0.111261
  0.189138  0.108982
  0.176930  0.106556
  0.165044  0.103984
  0.153492  0.101266
  0.142285  0.098404
  0.131435  0.095399
  0.120953  0.092255
  0.110848  0.088977
  0.101131  0.085570
  0.091812  0.082041
  0.082900  0.078398
  0.074403  0.074653
  0.066331  0.070817
  0.058691  0.066907
  0.051491  0.062937
  0.044738  0.058927
  0.038439  0.054896
  0.032600  0.050866
  0.027226  0.046859
  0.022325  0.042897
  0.017899  0.039002
  0.013954  0.035197
  0.010493  0.031501
  0.007520  0.027936
  0.005038  0.024518
  0.003050  0.021263
  0.001557  0.018184
  0.000561  0.015294
  0.000062  0.012599
  0.000062  0.010105
  0.000561  0.007816
  0.001557  0.005732
  0.003050  0.003853
  0.005038  0.002175
  0.007520  0.000696
  0.010493  -0.000591
  0.013954  -0.001691
  0.017899  -0.002612
  0.022325  -0.003361
  0.027226  -0.003948
  0.032600  -0.004381
  0.038439  -0.004667
  0.044738  -0.004814
  0.051491  -0.004832
  0.058691  -0.004728
  0.066331  -0.004509
  0.074403  -0.004182
  0.082900  -0.003756
  0.091812  -0.003235
  0.101131  -0.002628
  0.110848  -0.001939
  0.120953  -0.001175
  0.131435  -0.000341
  0.142285  0.000559
  0.153492  0.001519
  0.165044  0.002537
  0.176930  0.003608
  0.189138  0.004730
  0.201655  0.005898
  0.214470  0.007110
  0.227570  0.008362
  0.240941  0.009652
  0.254571  0.010978
  0.268445  0.012336
  0.282550  0.013725
  0.296872  0.015141
  0.311396  0.016581
  0.326109  0.018043
  0.340994  0.019523
  0.356038  0.021017
  0.371226  0.022521
  0.386542  0.024028
  0.401971  0.025534
  0.417498  0.027033
  0.433107  0.028516
  0.448783  0.029978
  0.464509  0.031409
  0.480272  0.032801
  0.496053  0.034145
  0.511839  0.035432
  0.527613  0.036653
  0.543359  0.037798
  0.559063  0.038859
  0.574707  0.039828
  0.590277  0.040697
  0.605757  0.041459
  0.621131  0.042108
  0.636385  0.042640
  0.651503  0.043051
  0.666469  0.043340
  0.681270  0.043504
  0.695890  0.043543
  0.710315  0.043461
  0.724530  0.043257
  0.738522  0.042937
  0.752275  0.042505
  0.765777  0.041965
  0.779014  0.041325
  0.791974  0.040591
  0.804642  0.039769
  0.817006  0.038868
  0.829054  0.037895
  0.840775  0.036856
  0.852155  0.035760
  0.863185  0.034612
  0.873852  0.033418
  0.884147  0.032186
  0.894059  0.030991
  0.903579  0.029786
  0.912695  0.028579
  0.921401  0.027375
  0.929686  0.026182
  0.937544  0.025005
  0.944964  0.023851
  0.951942  0.022724
  0.958469  0.021629
  0.964539  0.020568
  0.970146  0.019545
  0.975284  0.018562
  0.979948  0.017620
  0.984134  0.016721
  0.987838  0.015865
  0.991055  0.015052
  0.993782  0.014281
  0.996018  0.013552
  0.997759  0.012862
  0.999003  0.012211
  0.999751  0.011596
  1.000000  0.011016
