  1.000000  0.013663
  0.999751  0.014626
  0.999003  0.015663
  0.997759  0.016778
  0.996018  0.017979
  0.993782  0.019271
  0.991055  0.020661
  0.987838  0.022154
  0.984134  0.023755
  0.979948  0.025469
  0.975284  0.027301
  0.970146  0.029253
  0.964539  0.031330
  0.958469  0.033532
  0.951942  0.035859
  0.944964  0.038312
  0.937544  0.040887
  0.929686  0.043582
  0.921401  0.046392
  0.912695  0.049310
  0.903579  0.052328
  0.894059  0.055440
  0.884147  0.058634
  0.873852  0.062006
  0.863185  0.065420
  0.852155  0.068864
  0.840775  0.072328
  0.829054  0.075800
  0.817006  0.079269
  0.804642  0.082719
  0.791974  0.086138
  0.779014  0.089511
  0.765777  0.092824
  0.752275  0.096064
  0.738522  0.099216
  0.724530  0.102269
  0.710315  0.105210
  0.695890  0.108029
  0.681270  0.110715
  0.666469  0.113260
  0.651503  0.115657
  0.636385  0.117900
  0.621131  0.119982
  0.605757  0.121901
  0.590277  0.123653
  0.574707  0.125236
  0.559063  0.126648
  0.543359  0.127888
  0.527613  0.128955
  0.511839  0.129851
  0.496053  0.130576
  0.480272  0.131130
  0.464509  0.131514
  0.448783  0.131730
  0.433107  0.131778
  0.417498  0.131660
  0.401971  0.131378
  0.386542  0.130932
  0.371226  0.130326
  0.356038  0.129560
  0.340994  0.128636
  0.326109  0.127554
  0.311396  0.126318
  0.296872  0.124928
  0.282550  0.123387
  0.268445  0.121696
  0.254571  0.119856
  0.240941  0.117870
  0.227570  0.115740
  0.214470  0.113468
  0.201655  0.111056
  0.189138  0.108507
  0.176930  0.105822
  0.165044  0.103005
  0.153492  0.100059
  0.142285  0.096986
  0.131435  0.093792
  0.120953  0.090481
  0.110848  0.087060
  0.101131  0.083535
  0.091812  0.079913
  0.082900  0.076204
  0.074403  0.072417
  0.066331  0.068565
  0.058691  0.064661
  0.051491  0.060719
  0.044738  0.056756
  0.038439  0.052789
  0.032600  0.048836
  0.027226  0.044915
  0.022325  0.041046
  0.017899  0.037248
  0.013954  0.033539
  0.010493  0.029937
  0.007520  0.026458
  0.005038  0.023118
  0.003050  0.019930
  0.001557  0.016906
  0.000561  0.014056
  0.000062  0.011387
  0.000062  0.008905
  0.000561  0.006613
  0.001557  0.004514
  0.003050  0.002608
  0.005038  0.000893
  0.007520  -0.000632
  0.010493  -0.001970
  0.013954  -0.003126
  0.017899  -0.004105
  0.022325  -0.004911
  0.027226  -0.005552
  0.032600  -0.006033
  0.038439  -0.006360
  0.044738  -0.006540
  0.051491  -0.006579
  0.058691  -0.006484
  0.066331  -0.006262
  0.074403  -0.005919
  0.082900  -0.005462
  0.091812  -0.004898
  0.101131  -0.004233
  0.110848  -0.003474
  0.120953  -0.002628
  0.131435  -0.001702
  0.142285  -0.000702
  0.153492  0.000367
  0.165044  0.001498
  0.176930  0.002686
  0.189138  0.003926
  0.201655  0.005211
  0.214470  0.006537
  0.227570  0.007898
  0.240941  0.009290
  0.254571  0.010708
  0.268445  0.012148
  0.282550  0.013607
  0.296872  0.015079
  0.311396  0.016562
  0.326109  0.018051
  0.340994  0.019542
  0.356038  0.021032
  0.371226  0.022515
  0.386542  0.023989
  0.401971  0.025447
  0.417498  0.026884
  0.433107  0.028296
  0.448783  0.029676
  0.464509  0.031019
  0.480272  0.032318
  0.496053  0.033566
  0.511839  0.034757
  0.527613  0.035883
  0.543359  0.036939
  0.559063  0.037916
  0.574707  0.038810
  0.590277  0.039614
  0.605757  0.040323
  0.621131  0.040932
  0.636385  0.041438
  0.651503  0.041837
  0.666469  0.042128
  0.681270  0.042309
  0.695890  0.042381
  0.710315  0.042343
  0.724530  0.042198
  0.738522  0.041947
  0.752275  0.041595
  0.765777  0.041144
  0.779014  0.040600
  0.791974  0.039967
  0.804642  0.039252
  0.817006  0.038459
  0.829054  0.037594
  0.840775  0.036664
  0.852155  0.035673
  0.863185  0.034627
  0.873852  0.033531
  0.884147  0.032390
  0.894059  0.031280
  0.903579  0.030152
  0.912695  0.029014
  0.921401  0.027872
  0.929686  0.026733
  0.937544  0.025602
  0.944964  0.024486
  0.951942  0.023389
  0.958469  0.022317
  0.964539  0.021273
  0.970146  0.020261
  0.975284  0.019283
  0.979948  0.018342
  0.984134  0.017440
  0.987838  0.016577
  0.991055  0.015755
  0.993782  0.014971
  0.996018  0.014228
  0.997759  0.013523
  0.999003  0.012855
  0.999751  0.012222
  1.000000  0.011624
