  1.000000  0.014858
  0.999751  0.015879
  0.999003  0.016975
  0.997759  0.018153
  0.996018  0.019418
  0.993782  0.020778
  0.991055  0.022238
  0.987838  0.023803
  0.984134  0.025479
  0.979948  0.027270
  0.975284  0.029181
  0.970146  0.031214
  0.964539  0.033372
  0.958469  0.035656
  0.951942  0.038067
  0.944964  0.040602
  0.937544  0.043260
  0.929686  0.046037
  0.921401  0.048926
  0.912695  0.051922
  0.903579  0.055017
  0.894059  0.058202
  0.884147  0.061467
  0.873852  0.064913
  0.863185  0.068394
  0.852155  0.071902
  0.840775  0.075426
  0.829054  0.078954
  0.817006  0.082475
  0.804642  0.085974
  0.791974  0.089439
  0.779014  0.092854
  0.765777  0.096208
  0.752275  0.099485
  0.738522  0.102672
  0.724530  0.105756
  0.710315  0.108726
  0.695890  0.111570
  0.681270  0.114279
  0.666469  0.116843
  0.651503  0.119255
  0.636385  0.121507
  0.621131  0.123594
  0.605757  0.125512
  0.590277  0.127257
  0.574707  0.128825
  0.559063  0.130214
  0.543359  0.131423
  0.527613  0.132451
  0.511839  0.133297
  0.496053  0.133962
  0.480272  0.134445
  0.464509  0.134747
  0.448783  0.134869
  0.433107  0.134812
  0.417498  0.134577
  0.401971  0.134165
  0.386542  0.133579
  0.371226  0.132820
  0.356038  0.131891
  0.340994  0.130794
  0.326109  0.129530
  0.311396  0.128103
  0.296872  0.126516
  0.282550  0.124770
  0.268445  0.122871
  0.254571  0.120820
  0.240941  0.118621
  0.227570  0.116279
  0.214470  0.113797
  0.201655  0.111179
  0.189138  0.108430
  0.176930  0.105553
  0.165044  0.102553
  0.153492  0.099435
  0.142285  0.096204
  0.131435  0.092865
  0.120953  0.089424
  0.110848  0.085889
  0.101131  0.082268
  0.091812  0.078567
  0.082900  0.074797
  0.074403  0.070968
  0.066331  0.067090
  0.058691  0.063177
  0.051491  0.059243
  0.044738  0.055302
  0.038439  0.051371
  0.032600  0.047466
  0.027226  0.043604
  0.022325  0.039801
  0.017899  0.036076
  0.013954  0.032445
  0.010493  0.028923
  0.007520  0.025526
  0.005038  0.022267
  0.003050  0.019157
  0.001557  0.016209
  0.000561  0.013429
  0.000062  0.010826
  0.000062  0.008403
  0.000561  0.006164
  0.001557  0.004111
  0.003050  0.002243
  0.005038  0.000559
  0.007520  -0.000941
  0.010493  -0.002261
  0.013954  -0.003406
  0.017899  -0.004379
  0.022325  -0.005185
  0.027226  -0.005830
  0.032600  -0.006320
  0.038439  -0.006660
  0.044738  -0.006857
  0.051491  -0.006916
  0.058691  -0.006843
  0.066331  -0.006644
  0.074403  -0.006327
  0.082900  -0.005897
  0.091812  -0.005360
  0.101131  -0.004724
  0.110848  -0.003993
  0.120953  -0.003175
  0.131435  -0.002277
  0.142285  -0.001302
  0.153492  -0.000258
  0.165044  0.000850
  0.176930  0.002018
  0.189138  0.003239
  0.201655  0.004509
  0.214470  0.005823
  0.227570  0.007176
  0.240941  0.008565
  0.254571  0.009984
  0.268445  0.011431
  0.282550  0.012901
  0.296872  0.014390
  0.311396  0.015896
  0.326109  0.017415
  0.340994  0.018943
  0.356038  0.020475
  0.371226  0.022009
  0.386542  0.023540
  0.401971  0.025062
  0.417498  0.026571
  0.433107  0.028062
  0.448783  0.029529
  0.464509  0.030965
  0.480272  0.032364
  0.496053  0.033719
  0.511839  0.035024
  0.527613  0.036271
  0.543359  0.037452
  0.559063  0.038561
  0.574707  0.039592
  0.590277  0.040537
  0.605757  0.041390
  0.621131  0.042148
  0.636385  0.042804
  0.651503  0.043355
  0.666469  0.043799
  0.681270  0.044133
  0.695890  0.044356
  0.710315  0.044467
  0.724530  0.044468
  0.738522  0.044360
  0.752275  0.044144
  0.765777  0.043824
  0.779014  0.043403
  0.791974  0.042885
  0.804642  0.042276
  0.817006  0.041579
  0.829054  0.040799
  0.840775  0.039942
  0.852155  0.039012
  0.863185  0.038013
  0.873852  0.036950
  0.884147  0.035826
  0.894059  0.034727
  0.903579  0.033598
  0.912695  0.032446
  0.921401  0.031278
  0.929686  0.030101
  0.937544  0.028923
  0.944964  0.027750
  0.951942  0.026588
  0.958469  0.025442
  0.964539  0.024319
  0.970146  0.023223
  0.975284  0.022157
  0.979948  0.021126
  0.984134  0.020130
  0.987838  0.019174
  0.991055  0.018257
  0.993782  0.017381
  0.996018  0.016545
  0.997759  0.015749
  0.999003  0.014992
  0.999751  0.014273
  1.000000  0.013591
