  1.000000  0.015377
  0.999751  0.016414
  0.999003  0.017526
  0.997759  0.018720
  0.996018  0.020002
  0.993782  0.021376
  0.991055  0.022849
  0.987838  0.024427
  0.984134  0.026113
  0.979948  0.027913
  0.975284  0.029829
  0.970146  0.031865
  0.964539  0.034023
  0.958469  0.036303
  0.951942  0.038705
  0.944964  0.041228
  0.937544  0.043868
  0.929686  0.046623
  0.921401  0.049485
  0.912695  0.052449
  0.903579  0.055508
  0.894059  0.058653
  0.884147  0.061874
  0.873852  0.065274
  0.863185  0.068708
  0.852155  0.072168
  0.840775  0.075645
  0.829054  0.079129
  0.817006  0.082610
  0.804642  0.086076
  0.791974  0.089515
  0.779014  0.092915
  0.765777  0.096264
  0.752275  0.099551
  0.738522  0.102763
  0.724530  0.105888
  0.710315  0.108917
  0.695890  0.111838
  0.681270  0.114642
  0.666469  0.117321
  0.651503  0.119865
  0.636385  0.122269
  0.621131  0.124525
  0.605757  0.126627
  0.590277  0.128571
  0.574707  0.130351
  0.559063  0.131963
  0.543359  0.133403
  0.527613  0.134668
  0.511839  0.135755
  0.496053  0.136660
  0.480272  0.137382
  0.464509  0.137918
  0.448783  0.138266
  0.433107  0.138425
  0.417498  0.138394
  0.401971  0.138171
  0.386542  0.137756
  0.371226  0.137151
  0.356038  0.136355
  0.340994  0.135370
  0.326109  0.134196
  0.311396  0.132837
  0.296872  0.131294
  0.282550  0.129571
  0.268445  0.127670
  0.254571  0.125598
  0.240941  0.123357
  0.227570  0.120952
  0.214470  0.118390
  0.201655  0.115675
  0.189138  0.112814
  0.176930  0.109811
  0.165044  0.106674
  0.153492  0.103408
  0.142285  0.100020
  0.131435  0.096518
  0.120953  0.092910
  0.110848  0.089203
  0.101131  0.085406
  0.091812  0.081530
  0.082900  0.077583
  0.074403  0.073579
  0.066331  0.069528
  0.058691  0.065445
  0.051491  0.061345
  0.044738  0.057243
  0.038439  0.053156
  0.032600  0.049101
  0.027226  0.045096
  0.022325  0.041159
  0.017899  0.037307
  0.013954  0.033558
  0.010493  0.029928
  0.007520  0.026432
  0.005038  0.023084
  0.003050  0.019898
  0.001557  0.016882
  0.000561  0.014048
  0.000062  0.011400
  0.000062  0.008945
  0.000561  0.006685
  0.001557  0.004623
  0.003050  0.002757
  0.005038  0.001087
  0.007520  -0.000389
  0.010493  -0.001675
  0.013954  -0.002775
  0.017899  -0.003693
  0.022325  -0.004435
  0.027226  -0.005007
  0.032600  -0.005416
  0.038439  -0.005667
  0.044738  -0.005767
  0.051491  -0.005722
  0.058691  -0.005540
  0.066331  -0.005227
  0.074403  -0.004790
  0.082900  -0.004235
  0.091812  -0.003571
  0.101131  -0.002802
  0.110848  -0.001938
  0.120953  -0.000984
  0.131435  0.000053
  0.142285  0.001165
  0.153492  0.002348
  0.165044  0.003593
  0.176930  0.004896
  0.189138  0.006250
  0.201655  0.007650
  0.214470  0.009089
  0.227570  0.010562
  0.240941  0.012064
  0.254571  0.013590
  0.268445  0.015135
  0.282550  0.016694
  0.296872  0.018264
  0.311396  0.019840
  0.326109  0.021417
  0.340994  0.022991
  0.356038  0.024559
  0.371226  0.026114
  0.386542  0.027653
  0.401971  0.029170
  0.417498  0.030660
  0.433107  0.032117
  0.448783  0.033535
  0.464509  0.034909
  0.480272  0.036230
  0.496053  0.037493
  0.511839  0.038691
  0.527613  0.039816
  0.543359  0.040863
  0.559063  0.041823
  0.574707  0.042691
  0.590277  0.043461
  0.605757  0.044128
  0.621131  0.044688
  0.636385  0.045137
  0.651503  0.045473
  0.666469  0.045693
  0.681270  0.045797
  0.695890  0.045785
  0.710315  0.045659
  0.724530  0.045420
  0.738522  0.045072
  0.752275  0.044618
  0.765777  0.044063
  0.779014  0.043411
  0.791974  0.042669
  0.804642  0.041843
  0.817006  0.040938
  0.829054  0.039962
  0.840775  0.038919
  0.852155  0.037817
  0.863185  0.036661
  0.873852  0.035455
  0.884147  0.034207
  0.894059  0.032995
  0.903579  0.031769
  0.912695  0.030536
  0.921401  0.029302
  0.929686  0.028075
  0.937544  0.026861
  0.944964  0.025665
  0.951942  0.024493
  0.958469  0.023349
  0.964539  0.022238
  0.970146  0.021163
  0.975284  0.020126
  0.979948  0.019131
  0.984134  0.018177
  0.987838  0.017267
  0.991055  0.016400
  0.993782  0.015576
  0.996018  0.014794
  0.997759  0.014053
  0.999003  0.013353
  0.999751  0.012690
  1.000000  0.012064
