  1.000000  0.015856
  0.999751  0.016891
  0.999003  0.017999
  0.997759  0.019186
  0.996018  0.020457
  0.993782  0.021817
  0.991055  0.023272
  0.987838  0.024826
  0.984134  0.026484
  0.979948  0.028249
  0.975284  0.030124
  0.970146  0.032112
  0.964539  0.034213
  0.958469  0.036428
  0.951942  0.038757
  0.944964  0.041196
  0.937544  0.043742
  0.929686  0.046392
  0.921401  0.049138
  0.912695  0.051975
  0.903579  0.054895
  0.894059  0.057888
  0.884147  0.060946
  0.873852  0.064168
  0.863185  0.067411
  0.852155  0.070669
  0.840775  0.073931
  0.829054  0.077189
  0.817006  0.080432
  0.804642  0.083650
  0.791974  0.086831
  0.779014  0.089964
  0.765777  0.093037
  0.752275  0.096039
  0.738522  0.098959
  0.724530  0.101786
  0.710315  0.104511
  0.695890  0.107124
  0.681270  0.109616
  0.666469  0.111981
  0.651503  0.114212
  0.636385  0.116303
  0.621131  0.118249
  0.605757  0.120045
  0.590277  0.121690
  0.574707  0.123179
  0.559063  0.124510
  0.543359  0.125682
  0.527613  0.126694
  0.511839  0.127544
  0.496053  0.128233
  0.480272  0.128760
  0.464509  0.129124
  0.448783  0.129327
  0.433107  0.129367
  0.417498  0.129246
  0.401971  0.128964
  0.386542  0.128522
  0.371226  0.127922
  0.356038  0.127163
  0.340994  0.126247
  0.326109  0.125174
  0.311396  0.123947
  0.296872  0.122566
  0.282550  0.121034
  0.268445  0.119352
  0.254571  0.117522
  0.240941  0.115546
  0.227570  0.113427
  0.214470  0.111167
  0.201655  0.108768
  0.189138  0.106234
  0.176930  0.103567
  0.165044  0.100771
  0.153492  0.097849
  0.142285  0.094804
  0.131435  0.091643
  0.120953  0.088369
  0.110848  0.084990
  0.101131  0.081512
  0.091812  0.077944
  0.082900  0.074294
  0.074403  0.070572
  0.066331  0.066790
  0.058691  0.062961
  0.051491  0.059101
  0.044738  0.055224
  0.038439  0.051347
  0.032600  0.047489
  0.027226  0.043667
  0.022325  0.039900
  0.017899  0.036206
  0.013954  0.032603
  0.010493  0.029108
  0.007520  0.025739
  0.005038  0.022508
  0.003050  0.019429
  0.001557  0.016514
  0.000561  0.013773
  0.000062  0.011211
  0.000062  0.008835
  0.000561  0.006647
  0.001557  0.004650
  0.003050  0.002844
  0.005038  0.001227
  0.007520  -0.000203
  0.010493  -0.001449
  0.013954  -0.002516
  0.017899  -0.003408
  0.022325  -0.004131
  0.027226  -0.004692
  0.032600  -0.005096
  0.038439  -0.005349
  0.044738  -0.005460
  0.051491  -0.005433
  0.058691  -0.005276
  0.066331  -0.004995
  0.074403  -0.004598
  0.082900  -0.004090
  0.091812  -0.003478
  0.101131  -0.002770
  0.110848  -0.001971
  0.120953  -0.001089
  0.131435  -0.000129
  0.142285  0.000901
  0.153492  0.001996
  0.165044  0.003150
  0.176930  0.004358
  0.189138  0.005613
  0.201655  0.006911
  0.214470  0.008246
  0.227570  0.009613
  0.240941  0.011008
  0.254571  0.012425
  0.268445  0.013860
  0.282550  0.015310
  0.296872  0.016769
  0.311396  0.018235
  0.326109  0.019703
  0.340994  0.021169
  0.356038  0.022630
  0.371226  0.024080
  0.386542  0.025515
  0.401971  0.026930
  0.417498  0.028321
  0.433107  0.029683
  0.448783  0.031008
  0.464509  0.032293
  0.480272  0.033529
  0.496053  0.034712
  0.511839  0.035833
  0.527613  0.036888
  0.543359  0.037869
  0.559063  0.038770
  0.574707  0.039584
  0.590277  0.040308
  0.605757  0.040935
  0.621131  0.041462
  0.636385  0.041886
  0.651503  0.042203
  0.666469  0.042412
  0.681270  0.042513
  0.695890  0.042505
  0.710315  0.042390
  0.724530  0.042170
  0.738522  0.041848
  0.752275  0.041426
  0.765777  0.040909
  0.779014  0.040303
  0.791974  0.039613
  0.804642  0.038843
  0.817006  0.038000
  0.829054  0.037090
  0.840775  0.036119
  0.852155  0.035093
  0.863185  0.034016
  0.873852  0.032894
  0.884147  0.031731
  0.894059  0.030604
  0.903579  0.029463
  0.912695  0.028315
  0.921401  0.027168
  0.929686  0.026027
  0.937544  0.024898
  0.944964  0.023786
  0.951942  0.022697
  0.958469  0.021635
  0.964539  0.020603
  0.970146  0.019605
  0.975284  0.018643
  0.979948  0.017719
  0.984134  0.016834
  0.987838  0.015990
  0.991055  0.015186
  0.993782  0.014421
  0.996018  0.013697
  0.997759  0.013011
  0.999003  0.012361
  0.999751  0.011747
  1.000000  0.011167
