  1.000000  0.015938
  0.999751  0.016994
  0.999003  0.018125
  0.997759  0.019337
  0.996018  0.020637
  0.993782  0.022029
  0.991055  0.023520
  0.987838  0.025114
  0.984134  0.026816
  0.979948  0.028630
  0.975284  0.030559
  0.970146  0.032607
  0.964539  0.034773
  0.958469  0.037060
  0.951942  0.039466
  0.944964  0.041989
  0.937544  0.044627
  0.929686  0.047375
  0.921401  0.050226
  0.912695  0.053175
  0.903579  0.056213
  0.894059  0.059333
  0.884147  0.062523
  0.873852  0.065887
  0.863185  0.069279
  0.852155  0.072691
  0.840775  0.076112
  0.829054  0.079534
  0.817006  0.082945
  0.804642  0.086335
  0.791974  0.089690
  0.779014  0.092999
  0.765777  0.096250
  0.752275  0.099431
  0.738522  0.102528
  0.724530  0.105532
  0.710315  0.108430
  0.695890  0.111212
  0.681270  0.113869
  0.666469  0.116392
  0.651503  0.118773
  0.636385  0.121005
  0.621131  0.123081
  0.605757  0.124995
  0.590277  0.126744
  0.574707  0.128321
  0.559063  0.129724
  0.543359  0.130949
  0.527613  0.131994
  0.511839  0.132855
  0.496053  0.133532
  0.480272  0.134023
  0.464509  0.134327
  0.448783  0.134443
  0.433107  0.134370
  0.417498  0.134108
  0.401971  0.133658
  0.386542  0.133022
  0.371226  0.132200
  0.356038  0.131195
  0.340994  0.130008
  0.326109  0.128643
  0.311396  0.127103
  0.296872  0.125392
  0.282550  0.123514
  0.268445  0.121474
  0.254571  0.119276
  0.240941  0.116927
  0.227570  0.114433
  0.214470  0.111800
  0.201655  0.109033
  0.189138  0.106141
  0.176930  0.103128
  0.165044  0.100003
  0.153492  0.096772
  0.142285  0.093441
  0.131435  0.090019
  0.120953  0.086513
  0.110848  0.082932
  0.101131  0.079283
  0.091812  0.075576
  0.082900  0.071820
  0.074403  0.068024
  0.066331  0.064201
  0.058691  0.060362
  0.051491  0.056519
  0.044738  0.052686
  0.038439  0.048878
  0.032600  0.045108
  0.027226  0.041392
  0.022325  0.037745
  0.017899  0.034182
  0.013954  0.030716
  0.010493  0.027364
  0.007520  0.024136
  0.005038  0.021046
  0.003050  0.018103
  0.001557  0.015318
  0.000561  0.012699
  0.000062  0.010250
  0.000062  0.007978
  0.000561  0.005886
  0.001557  0.003974
  0.003050  0.002244
  0.005038  0.000696
  0.007520  -0.000672
  0.010493  -0.001862
  0.013954  -0.002877
  0.017899  -0.003720
  0.022325  -0.004395
  0.027226  -0.004908
  0.032600  -0.005263
  0.038439  -0.005464
  0.044738  -0.005518
  0.051491  -0.005430
  0.058691  -0.005206
  0.066331  -0.004851
  0.074403  -0.004372
  0.082900  -0.003775
  0.091812  -0.003066
  0.101131  -0.002252
  0.110848  -0.001340
  0.120953  -0.000337
  0.131435  0.000750
  0.142285  0.001914
  0.153492  0.003149
  0.165044  0.004448
  0.176930  0.005803
  0.189138  0.007209
  0.201655  0.008657
  0.214470  0.010142
  0.227570  0.011657
  0.240941  0.013197
  0.254571  0.014755
  0.268445  0.016325
  0.282550  0.017903
  0.296872  0.019483
  0.311396  0.021062
  0.326109  0.022633
  0.340994  0.024194
  0.356038  0.025739
  0.371226  0.027264
  0.386542  0.028765
  0.401971  0.030237
  0.417498  0.031676
  0.433107  0.033078
  0.448783  0.034437
  0.464509  0.035749
  0.480272  0.037008
  0.496053  0.038209
  0.511839  0.039347
  0.527613  0.040417
  0.543359  0.041413
  0.559063  0.042329
  0.574707  0.043162
  0.590277  0.043906
  0.605757  0.044558
  0.621131  0.045113
  0.636385  0.045570
  0.651503  0.045925
  0.666469  0.046177
  0.681270  0.046326
  0.695890  0.046371
  0.710315  0.046312
  0.724530  0.046152
  0.738522  0.045891
  0.752275  0.045532
  0.765777  0.045079
  0.779014  0.044535
  0.791974  0.043904
  0.804642  0.043190
  0.817006  0.042398
  0.829054  0.041531
  0.840775  0.040594
  0.852155  0.039592
  0.863185  0.038529
  0.873852  0.037408
  0.884147  0.036232
  0.894059  0.035086
  0.903579  0.033915
  0.912695  0.032726
  0.921401  0.031525
  0.929686  0.030318
  0.937544  0.029113
  0.944964  0.027916
  0.951942  0.026732
  0.958469  0.025568
  0.964539  0.024428
  0.970146  0.023316
  0.975284  0.022237
  0.979948  0.021193
  0.984134  0.020187
  0.987838  0.019221
  0.991055  0.018295
  0.993782  0.017411
  0.996018  0.016568
  0.997759  0.015766
  0.999003  0.015004
  0.999751  0.014281
  1.000000  0.013594
