  1.000000  0.016022
  0.999751  0.017060
  0.999003  0.018170
  0.997759  0.019358
  0.996018  0.020629
  0.993782  0.021990
  0.991055  0.023444
  0.987838  0.024997
  0.984134  0.026652
  0.979948  0.028413
  0.975284  0.030283
  0.970146  0.032265
  0.964539  0.034358
  0.958469  0.036564
  0.951942  0.038880
  0.944964  0.041306
  0.937544  0.043836
  0.929686  0.046467
  0.921401  0.049193
  0.912695  0.052006
  0.903579  0.054898
  0.894059  0.057861
  0.884147  0.060886
  0.873852  0.064071
  0.863185  0.067273
  0.852155  0.070486
  0.840775  0.073699
  0.829054  0.076904
  0.817006  0.080090
  0.804642  0.083246
  0.791974  0.086361
  0.779014  0.089424
  0.765777  0.092422
  0.752275  0.095346
  0.738522  0.098185
  0.724530  0.100927
  0.710315  0.103564
  0.695890  0.106086
  0.681270  0.108487
  0.666469  0.110760
  0.651503  0.112898
  0.636385  0.114897
  0.621131  0.116753
  0.605757  0.118464
  0.590277  0.120027
  0.574707  0.121440
  0.559063  0.122703
  0.543359  0.123815
  0.527613  0.124777
  0.511839  0.125589
  0.496053  0.126252
  0.480272  0.126768
  0.464509  0.127136
  0.448783  0.127358
  0.433107  0.127435
  0.417498  0.127369
  0.401971  0.127160
  0.386542  0.126809
  0.371226  0.126318
  0.356038  0.125688
  0.340994  0.124918
  0.326109  0.124008
  0.311396  0.122960
  0.296872  0.121773
  0.282550  0.120447
  0.268445  0.118982
  0.254571  0.117379
  0.240941  0.115636
  0.227570  0.113754
  0.214470  0.111732
  0.201655  0.109571
  0.189138  0.107271
  0.176930  0.104831
  0.165044  0.102252
  0.153492  0.099536
  0.142285  0.096682
  0.131435  0.093694
  0.120953  0.090575
  0.110848  0.087330
  0.101131  0.083964
  0.091812  0.080483
  0.082900  0.076896
  0.074403  0.073212
  0.066331  0.069444
  0.058691  0.065605
  0.051491  0.061710
  0.044738  0.057776
  0.038439  0.053823
  0.032600  0.049868
  0.027226  0.045934
  0.022325  0.042040
  0.017899  0.038208
  0.013954  0.034458
  0.010493  0.030810
  0.007520  0.027282
  0.005038  0.023893
  0.003050  0.020657
  0.001557  0.017587
  0.000561  0.014695
  0.000062  0.011990
  0.000062  0.009479
  0.000561  0.007166
  0.001557  0.005053
  0.003050  0.003142
  0.005038  0.001432
  0.007520  -0.000079
  0.010493  -0.001393
  0.013954  -0.002516
  0.017899  -0.003452
  0.022325  -0.004206
  0.027226  -0.004786
  0.032600  -0.005198
  0.038439  -0.005448
  0.044738  -0.005543
  0.051491  -0.005490
  0.058691  -0.005297
  0.066331  -0.004969
  0.074403  -0.004514
  0.082900  -0.003940
  0.091812  -0.003253
  0.101131  -0.002461
  0.110848  -0.001572
  0.120953  -0.000591
  0.131435  0.000473
  0.142285  0.001614
  0.153492  0.002824
  0.165044  0.004099
  0.176930  0.005430
  0.189138  0.006812
  0.201655  0.008238
  0.214470  0.009702
  0.227570  0.011198
  0.240941  0.012721
  0.254571  0.014264
  0.268445  0.015824
  0.282550  0.017395
  0.296872  0.018972
  0.311396  0.020551
  0.326109  0.022128
  0.340994  0.023699
  0.356038  0.025258
  0.371226  0.026802
  0.386542  0.028326
  0.401971  0.029825
  0.417498  0.031294
  0.433107  0.032730
  0.448783  0.034125
  0.464509  0.035475
  0.480272  0.036774
  0.496053  0.038015
  0.511839  0.039193
  0.527613  0.040302
  0.543359  0.041335
  0.559063  0.042286
  0.574707  0.043151
  0.590277  0.043923
  0.605757  0.044598
  0.621131  0.045173
  0.636385  0.045643
  0.651503  0.046007
  0.666469  0.046262
  0.681270  0.046408
  0.695890  0.046444
  0.710315  0.046371
  0.724530  0.046191
  0.738522  0.045905
  0.752275  0.045517
  0.765777  0.045031
  0.779014  0.044450
  0.791974  0.043780
  0.804642  0.043024
  0.817006  0.042189
  0.829054  0.041279
  0.840775  0.040299
  0.852155  0.039255
  0.863185  0.038151
  0.873852  0.036991
  0.884147  0.035780
  0.894059  0.034602
  0.903579  0.033402
  0.912695  0.032187
  0.921401  0.030964
  0.929686  0.029740
  0.937544  0.028522
  0.944964  0.027315
  0.951942  0.026126
  0.958469  0.024959
  0.964539  0.023820
  0.970146  0.022713
  0.975284  0.021640
  0.979948  0.020606
  0.984134  0.019611
  0.987838  0.018657
  0.991055  0.017745
  0.993782  0.016876
  0.996018  0.016049
  0.997759  0.015263
  0.999003  0.014518
  0.999751  0.013811
  1.000000  0.013141
