  1.000000  0.015680
  0.999751  0.016734
  0.999003  0.017864
  0.997759  0.019078
  0.996018  0.020380
  0.993782  0.021777
  0.991055  0.023274
  0.987838  0.024877
  0.984134  0.026592
  0.979948  0.028421
  0.975284  0.030369
  0.970146  0.032440
  0.964539  0.034634
  0.958469  0.036953
  0.951942  0.039396
  0.944964  0.041963
  0.937544  0.044649
  0.929686  0.047450
  0.921401  0.050362
  0.912695  0.053376
  0.903579  0.056485
  0.894059  0.059679
  0.884147  0.062950
  0.873852  0.066398
  0.863185  0.069877
  0.852155  0.073376
  0.840775  0.076887
  0.829054  0.080396
  0.817006  0.083893
  0.804642  0.087364
  0.791974  0.090796
  0.779014  0.094175
  0.765777  0.097488
  0.752275  0.100721
  0.738522  0.103861
  0.724530  0.106895
  0.710315  0.109812
  0.695890  0.112601
  0.681270  0.115252
  0.666469  0.117757
  0.651503  0.120107
  0.636385  0.122297
  0.621131  0.124321
  0.605757  0.126175
  0.590277  0.127855
  0.574707  0.129359
  0.559063  0.130684
  0.543359  0.131829
  0.527613  0.132794
  0.511839  0.133579
  0.496053  0.134183
  0.480272  0.134608
  0.464509  0.134854
  0.448783  0.134923
  0.433107  0.134816
  0.417498  0.134534
  0.401971  0.134079
  0.386542  0.133454
  0.371226  0.132659
  0.356038  0.131699
  0.340994  0.130574
  0.326109  0.129287
  0.311396  0.127840
  0.296872  0.126237
  0.282550  0.124480
  0.268445  0.122573
  0.254571  0.120517
  0.240941  0.118317
  0.227570  0.115976
  0.214470  0.113498
  0.201655  0.110885
  0.189138  0.108143
  0.176930  0.105275
  0.165044  0.102285
  0.153492  0.099178
  0.142285  0.095957
  0.131435  0.092629
  0.120953  0.089199
  0.110848  0.085675
  0.101131  0.082064
  0.091812  0.078374
  0.082900  0.074613
  0.074403  0.070793
  0.066331  0.066924
  0.058691  0.063020
  0.051491  0.059095
  0.044738  0.055164
  0.038439  0.051244
  0.032600  0.047350
  0.027226  0.043502
  0.022325  0.039715
  0.017899  0.036007
  0.013954  0.032396
  0.010493  0.028898
  0.007520  0.025528
  0.005038  0.022299
  0.003050  0.019223
  0.001557  0.016312
  0.000561  0.013574
  0.000062  0.011015
  0.000062  0.008640
  0.000561  0.006452
  0.001557  0.004452
  0.003050  0.002640
  0.005038  0.001015
  0.007520  -0.000426
  0.010493  -0.001687
  0.013954  -0.002772
  0.017899  -0.003685
  0.022325  -0.004433
  0.027226  -0.005022
  0.032600  -0.005457
  0.038439  -0.005746
  0.044738  -0.005894
  0.051491  -0.005908
  0.058691  -0.005794
  0.066331  -0.005559
  0.074403  -0.005210
  0.082900  -0.004752
  0.091812  -0.004193
  0.101131  -0.003538
  0.110848  -0.002793
  0.120953  -0.001965
  0.131435  -0.001059
  0.142285  -0.000081
  0.153492  0.000964
  0.165044  0.002070
  0.176930  0.003234
  0.189138  0.004451
  0.201655  0.005716
  0.214470  0.007025
  0.227570  0.008373
  0.240941  0.009757
  0.254571  0.011174
  0.268445  0.012619
  0.282550  0.014090
  0.296872  0.015583
  0.311396  0.017094
  0.326109  0.018620
  0.340994  0.020158
  0.356038  0.021702
  0.371226  0.023249
  0.386542  0.024793
  0.401971  0.026330
  0.417498  0.027853
  0.433107  0.029356
  0.448783  0.030832
  0.464509  0.032274
  0.480272  0.033674
  0.496053  0.035025
  0.511839  0.036318
  0.527613  0.037544
  0.543359  0.038697
  0.559063  0.039767
  0.574707  0.040746
  0.590277  0.041629
  0.605757  0.042409
  0.621131  0.043080
  0.636385  0.043637
  0.651503  0.044078
  0.666469  0.044399
  0.681270  0.044600
  0.695890  0.044679
  0.710315  0.044638
  0.724530  0.044479
  0.738522  0.044204
  0.752275  0.043817
  0.765777  0.043322
  0.779014  0.042726
  0.791974  0.042034
  0.804642  0.041253
  0.817006  0.040388
  0.829054  0.039447
  0.840775  0.038437
  0.852155  0.037363
  0.863185  0.036232
  0.873852  0.035050
  0.884147  0.033822
  0.894059  0.032629
  0.903579  0.031420
  0.912695  0.030202
  0.921401  0.028984
  0.929686  0.027771
  0.937544  0.026570
  0.944964  0.025386
  0.951942  0.024227
  0.958469  0.023095
  0.964539  0.021996
  0.970146  0.020932
  0.975284  0.019906
  0.979948  0.018921
  0.984134  0.017978
  0.987838  0.017078
  0.991055  0.016220
  0.993782  0.015406
  0.996018  0.014633
  0.997759  0.013901
  0.999003  0.013208
  0.999751  0.012553
  1.000000  0.011934
