  1.000000  0.012606
  0.999751  0.013542
  0.999003  0.014553
  0.997759  0.015643
  0.996018  0.016821
  0.993782  0.018091
  0.991055  0.019461
  0.987838  0.020937
  0.984134  0.022524
  0.979948  0.024229
  0.975284  0.026055
  0.970146  0.028007
  0.964539  0.030089
  0.958469  0.032302
  0.951942  0.034649
  0.944964  0.037128
  0.937544  0.039739
  0.929686  0.042479
  0.921401  0.045345
  0.912695  0.048330
  0.903579  0.051429
  0.894059  0.054634
  0.884147  0.057937
  0.873852  0.061433
  0.863185  0.064988
  0.852155  0.068593
  0.840775  0.072238
  0.829054  0.075912
  0.817006  0.079605
  0.804642  0.083302
  0.791974  0.086992
  0.779014  0.090661
  0.765777  0.094296
  0.752275  0.097883
  0.738522  0.101409
  0.724530  0.104862
  0.710315  0.108228
  0.695890  0.111496
  0.681270  0.114654
  0.666469  0.117693
  0.651503  0.120603
  0.636385  0.123373
  0.621131  0.125997
  0.605757  0.128465
  0.590277  0.130771
  0.574707  0.132908
  0.559063  0.134867
  0.543359  0.136643
  0.527613  0.138231
  0.511839  0.139624
  0.496053  0.140817
  0.480272  0.141806
  0.464509  0.142584
  0.448783  0.143150
  0.433107  0.143498
  0.417498  0.143625
  0.401971  0.143531
  0.386542  0.143213
  0.371226  0.142670
  0.356038  0.141904
  0.340994  0.140915
  0.326109  0.139705
  0.311396  0.138277
  0.296872  0.136633
  0.282550  0.134780
  0.268445  0.132722
  0.254571  0.130465
  0.240941  0.128016
  0.227570  0.125382
  0.214470  0.122572
  0.201655  0.119594
  0.189138  0.116455
  0.176930  0.113166
  0.165044  0.109734
  0.153492  0.106170
  0.142285  0.102483
  0.131435  0.098682
  0.120953  0.094779
  0.110848  0.090785
  0.101131  0.086712
  0.091812  0.082571
  0.082900  0.078375
  0.074403  0.074139
  0.066331  0.069878
  0.058691  0.065608
  0.051491  0.061347
  0.044738  0.057112
  0.038439  0.052924
  0.032600  0.048801
  0.027226  0.044764
  0.022325  0.040833
  0.017899  0.037026
  0.013954  0.033363
  0.010493  0.029861
  0.007520  0.026536
  0.005038  0.023401
  0.003050  0.020470
  0.001557  0.017750
  0.000561  0.015250
  0.000062  0.012974
  0.000062  0.010923
  0.000561  0.009097
  0.001557  0.007494
  0.003050  0.006110
  0.005038  0.004937
  0.007520  0.003970
  0.010493  0.003199
  0.013954  0.002615
  0.017899  0.002208
  0.022325  0.001967
  0.027226  0.001880
  0.032600  0.001937
  0.038439  0.002127
  0.044738  0.002439
  0.051491  0.002863
  0.058691  0.003389
  0.066331  0.004009
  0.074403  0.004713
  0.082900  0.005493
  0.091812  0.006342
  0.101131  0.007252
  0.110848  0.008216
  0.120953  0.009227
  0.131435  0.010280
  0.142285  0.011368
  0.153492  0.012487
  0.165044  0.013633
  0.176930  0.014800
  0.189138  0.015984
  0.201655  0.017181
  0.214470  0.018387
  0.227570  0.019597
  0.240941  0.020808
  0.254571  0.022016
  0.268445  0.023218
  0.282550  0.024411
  0.296872  0.025591
  0.311396  0.026756
  0.326109  0.027903
  0.340994  0.029030
  0.356038  0.030134
  0.371226  0.031211
  0.386542  0.032261
  0.401971  0.033279
  0.417498  0.034264
  0.433107  0.035212
  0.448783  0.036120
  0.464509  0.036986
  0.480272  0.037807
  0.496053  0.038578
  0.511839  0.039296
  0.527613  0.039959
  0.543359  0.040563
  0.559063  0.041104
  0.574707  0.041580
  0.590277  0.041987
  0.605757  0.042324
  0.621131  0.042587
  0.636385  0.042775
  0.651503  0.042886
  0.666469  0.042920
  0.681270  0.042876
  0.695890  0.042753
  0.710315  0.042553
  0.724530  0.042276
  0.738522  0.041923
  0.752275  0.041496
  0.765777  0.040998
  0.779014  0.040430
  0.791974  0.039796
  0.804642  0.039098
  0.817006  0.038340
  0.829054  0.037523
  0.840775  0.036652
  0.852155  0.035728
  0.863185  0.034755
  0.873852  0.033735
  0.884147  0.032671
  0.894059  0.031636
  0.903579  0.030582
  0.912695  0.029513
  0.921401  0.028434
  0.929686  0.027352
  0.937544  0.026271
  0.944964  0.025197
  0.951942  0.024136
  0.958469  0.023091
  0.964539  0.022067
  0.970146  0.021068
  0.975284  0.020098
  0.979948  0.019159
  0.984134  0.018254
  0.987838  0.017384
  0.991055  0.016550
  0.993782  0.015753
  0.996018  0.014992
  0.997759  0.014268
  0.999003  0.013580
  0.999751  0.012926
  1.000000  0.012305
