  1.000000  0.012020
  0.999751  0.012930
  0.999003  0.013914
  0.997759  0.014978
  0.996018  0.016128
  0.993782  0.017372
  0.991055  0.018716
  0.987838  0.020166
  0.984134  0.021730
  0.979948  0.023412
  0.975284  0.025219
  0.970146  0.027155
  0.964539  0.029223
  0.958469  0.031428
  0.951942  0.033771
  0.944964  0.036252
  0.937544  0.038871
  0.929686  0.041626
  0.921401  0.044512
  0.912695  0.047525
  0.903579  0.050659
  0.894059  0.053905
  0.884147  0.057256
  0.873852  0.060803
  0.863185  0.064414
  0.852155  0.068079
  0.840775  0.071787
  0.829054  0.075524
  0.817006  0.079277
  0.804642  0.083032
  0.791974  0.086774
  0.779014  0.090488
  0.765777  0.094158
  0.752275  0.097769
  0.738522  0.101306
  0.724530  0.104755
  0.710315  0.108102
  0.695890  0.111335
  0.681270  0.114441
  0.666469  0.117411
  0.651503  0.120234
  0.636385  0.122902
  0.621131  0.125407
  0.605757  0.127744
  0.590277  0.129905
  0.574707  0.131886
  0.559063  0.133682
  0.543359  0.135288
  0.527613  0.136703
  0.511839  0.137922
  0.496053  0.138944
  0.480272  0.139765
  0.464509  0.140385
  0.448783  0.140802
  0.433107  0.141014
  0.417498  0.141022
  0.401971  0.140824
  0.386542  0.140421
  0.371226  0.139815
  0.356038  0.139006
  0.340994  0.137997
  0.326109  0.136788
  0.311396  0.135384
  0.296872  0.133787
  0.282550  0.132001
  0.268445  0.130030
  0.254571  0.127878
  0.240941  0.125552
  0.227570  0.123055
  0.214470  0.120395
  0.201655  0.117576
  0.189138  0.114605
  0.176930  0.111489
  0.165044  0.108234
  0.153492  0.104846
  0.142285  0.101334
  0.131435  0.097705
  0.120953  0.093967
  0.110848  0.090131
  0.101131  0.086206
  0.091812  0.082204
  0.082900  0.078135
  0.074403  0.074013
  0.066331  0.069854
  0.058691  0.065672
  0.051491  0.061485
  0.044738  0.057311
  0.038439  0.053171
  0.032600  0.049083
  0.027226  0.045069
  0.022325  0.041149
  0.017899  0.037343
  0.013954  0.033672
  0.010493  0.030152
  0.007520  0.026802
  0.005038  0.023636
  0.003050  0.020667
  0.001557  0.017906
  0.000561  0.015360
  0.000062  0.013036
  0.000062  0.010935
  0.000561  0.009060
  0.001557  0.007407
  0.003050  0.005974
  0.005038  0.004755
  0.007520  0.003744
  0.010493  0.002933
  0.013954  0.002314
  0.017899  0.001875
  0.022325  0.001608
  0.027226  0.001502
  0.032600  0.001545
  0.038439  0.001728
  0.044738  0.002040
  0.051491  0.002472
  0.058691  0.003014
  0.066331  0.003656
  0.074403  0.004390
  0.082900  0.005208
  0.091812  0.006100
  0.101131  0.007061
  0.110848  0.008081
  0.120953  0.009154
  0.131435  0.010273
  0.142285  0.011432
  0.153492  0.012624
  0.165044  0.013844
  0.176930  0.015085
  0.189138  0.016343
  0.201655  0.017611
  0.214470  0.018884
  0.227570  0.020156
  0.240941  0.021423
  0.254571  0.022680
  0.268445  0.023921
  0.282550  0.025143
  0.296872  0.026342
  0.311396  0.027514
  0.326109  0.028655
  0.340994  0.029763
  0.356038  0.030833
  0.371226  0.031864
  0.386542  0.032852
  0.401971  0.033795
  0.417498  0.034691
  0.433107  0.035536
  0.448783  0.036329
  0.464509  0.037066
  0.480272  0.037746
  0.496053  0.038365
  0.511839  0.038922
  0.527613  0.039413
  0.543359  0.039837
  0.559063  0.040192
  0.574707  0.040476
  0.590277  0.040686
  0.605757  0.040823
  0.621131  0.040884
  0.636385  0.040870
  0.651503  0.040780
  0.666469  0.040615
  0.681270  0.040376
  0.695890  0.040063
  0.710315  0.039679
  0.724530  0.039226
  0.738522  0.038705
  0.752275  0.038120
  0.765777  0.037474
  0.779014  0.036770
  0.791974  0.036012
  0.804642  0.035203
  0.817006  0.034347
  0.829054  0.033447
  0.840775  0.032508
  0.852155  0.031532
  0.863185  0.030522
  0.873852  0.029482
  0.884147  0.028414
  0.894059  0.027384
  0.903579  0.026348
  0.912695  0.025310
  0.921401  0.024276
  0.929686  0.023250
  0.937544  0.022237
  0.944964  0.021241
  0.951942  0.020266
  0.958469  0.019315
  0.964539  0.018392
  0.970146  0.017499
  0.975284  0.016638
  0.979948  0.015811
  0.984134  0.015020
  0.987838  0.014264
  0.991055  0.013544
  0.993782  0.012860
  0.996018  0.012212
  0.997759  0.011597
  0.999003  0.011016
  0.999751  0.010466
  1.000000  0.009946
