  1.000000  0.013014
  0.999751  0.013970
  0.999003  0.015001
  0.997759  0.016112
  0.996018  0.017312
  0.993782  0.018605
  0.991055  0.019999
  0.987838  0.021499
  0.984134  0.023111
  0.979948  0.024841
  0.975284  0.026693
  0.970146  0.028671
  0.964539  0.030779
  0.958469  0.033019
  0.951942  0.035392
  0.944964  0.037896
  0.937544  0.040532
  0.929686  0.043296
  0.921401  0.046183
  0.912695  0.049188
  0.903579  0.052305
  0.894059  0.055525
  0.884147  0.058839
  0.873852  0.062343
  0.863185  0.065902
  0.852155  0.069505
  0.840775  0.073143
  0.829054  0.076803
  0.817006  0.080474
  0.804642  0.084143
  0.791974  0.087796
  0.779014  0.091419
  0.765777  0.094998
  0.752275  0.098521
  0.738522  0.101973
  0.724530  0.105341
  0.710315  0.108613
  0.695890  0.111777
  0.681270  0.114822
  0.666469  0.117739
  0.651503  0.120519
  0.636385  0.123152
  0.621131  0.125633
  0.605757  0.127954
  0.590277  0.130110
  0.574707  0.132094
  0.559063  0.133903
  0.543359  0.135531
  0.527613  0.136975
  0.511839  0.138231
  0.496053  0.139296
  0.480272  0.140168
  0.464509  0.140843
  0.448783  0.141319
  0.433107  0.141594
  0.417498  0.141667
  0.401971  0.141538
  0.386542  0.141204
  0.371226  0.140668
  0.356038  0.139929
  0.340994  0.138989
  0.326109  0.137848
  0.311396  0.136508
  0.296872  0.134973
  0.282550  0.133247
  0.268445  0.131331
  0.254571  0.129231
  0.240941  0.126952
  0.227570  0.124499
  0.214470  0.121876
  0.201655  0.119091
  0.189138  0.116148
  0.176930  0.113055
  0.165044  0.109817
  0.153492  0.106443
  0.142285  0.102937
  0.131435  0.099310
  0.120953  0.095569
  0.110848  0.091723
  0.101131  0.087783
  0.091812  0.083760
  0.082900  0.079664
  0.074403  0.075510
  0.066331  0.071311
  0.058691  0.067084
  0.051491  0.062846
  0.044738  0.058614
  0.038439  0.054409
  0.032600  0.050250
  0.027226  0.046159
  0.022325  0.042155
  0.017899  0.038259
  0.013954  0.034490
  0.010493  0.030869
  0.007520  0.027411
  0.005038  0.024132
  0.003050  0.021046
  0.001557  0.018164
  0.000561  0.015495
  0.000062  0.013045
  0.000062  0.010818
  0.000561  0.008816
  0.001557  0.007039
  0.003050  0.005483
  0.005038  0.004145
  0.007520  0.003019
  0.010493  0.002100
  0.013954  0.001378
  0.017899  0.000847
  0.022325  0.000495
  0.027226  0.000314
  0.032600  0.000295
  0.038439  0.000426
  0.044738  0.000699
  0.051491  0.001105
  0.058691  0.001634
  0.066331  0.002277
  0.074403  0.003026
  0.082900  0.003872
  0.091812  0.004806
  0.101131  0.005821
  0.110848  0.006909
  0.120953  0.008061
  0.131435  0.009271
  0.142285  0.010532
  0.153492  0.011835
  0.165044  0.013176
  0.176930  0.014546
  0.189138  0.015939
  0.201655  0.017349
  0.214470  0.018769
  0.227570  0.020193
  0.240941  0.021615
  0.254571  0.023028
  0.268445  0.024428
  0.282550  0.025810
  0.296872  0.027169
  0.311396  0.028500
  0.326109  0.029800
  0.340994  0.031064
  0.356038  0.032289
  0.371226  0.033473
  0.386542  0.034611
  0.401971  0.035700
  0.417498  0.036739
  0.433107  0.037723
  0.448783  0.038650
  0.464509  0.039517
  0.480272  0.040322
  0.496053  0.041061
  0.511839  0.041731
  0.527613  0.042330
  0.543359  0.042856
  0.559063  0.043305
  0.574707  0.043676
  0.590277  0.043966
  0.605757  0.044174
  0.621131  0.044300
  0.636385  0.044341
  0.651503  0.044299
  0.666469  0.044173
  0.681270  0.043964
  0.695890  0.043673
  0.710315  0.043302
  0.724530  0.042853
  0.738522  0.042329
  0.752275  0.041733
  0.765777  0.041067
  0.779014  0.040336
  0.791974  0.039543
  0.804642  0.038693
  0.817006  0.037788
  0.829054  0.036833
  0.840775  0.035832
  0.852155  0.034788
  0.863185  0.033705
  0.873852  0.032586
  0.884147  0.031433
  0.894059  0.030320
  0.903579  0.029198
  0.912695  0.028071
  0.921401  0.026946
  0.929686  0.025828
  0.937544  0.024722
  0.944964  0.023632
  0.951942  0.022563
  0.958469  0.021520
  0.964539  0.020505
  0.970146  0.019522
  0.975284  0.018573
  0.979948  0.017660
  0.984134  0.016785
  0.987838  0.015949
  0.991055  0.015152
  0.993782  0.014393
  0.996018  0.013673
  0.997759  0.012990
  0.999003  0.012343
  0.999751  0.011731
  1.000000  0.011152
