  1.000000  0.010648
  0.999751  0.011480
  0.999003  0.012383
  0.997759  0.013361
  0.996018  0.014421
  0.993782  0.015571
  0.991055  0.016817
  0.987838  0.018165
  0.984134  0.019623
  0.979948  0.021195
  0.975284  0.022889
  0.970146  0.024710
  0.964539  0.026661
  0.958469  0.028747
  0.951942  0.030970
  0.944964  0.033332
  0.937544  0.035833
  0.929686  0.038472
  0.921401  0.041245
  0.912695  0.044149
  0.903579  0.047178
  0.894059  0.050326
  0.884147  0.053583
  0.873852  0.057039
  0.863185  0.060568
  0.852155  0.064160
  0.840775  0.067805
  0.829054  0.071489
  0.817006  0.075200
  0.804642  0.078923
  0.791974  0.082643
  0.779014  0.086346
  0.765777  0.090016
  0.752275  0.093637
  0.738522  0.097195
  0.724530  0.100675
  0.710315  0.104064
  0.695890  0.107350
  0.681270  0.110519
  0.666469  0.113562
  0.651503  0.116468
  0.636385  0.119228
  0.621131  0.121836
  0.605757  0.124284
  0.590277  0.126565
  0.574707  0.128673
  0.559063  0.130604
  0.543359  0.132352
  0.527613  0.133915
  0.511839  0.135287
  0.496053  0.136465
  0.480272  0.137447
  0.464509  0.138230
  0.448783  0.138811
  0.433107  0.139188
  0.417498  0.139360
  0.401971  0.139325
  0.386542  0.139084
  0.371226  0.138636
  0.356038  0.137982
  0.340994  0.137122
  0.326109  0.136059
  0.311396  0.134795
  0.296872  0.133331
  0.282550  0.131673
  0.268445  0.129823
  0.254571  0.127786
  0.240941  0.125566
  0.227570  0.123169
  0.214470  0.120601
  0.201655  0.117868
  0.189138  0.114975
  0.176930  0.111929
  0.165044  0.108737
  0.153492  0.105406
  0.142285  0.101943
  0.131435  0.098356
  0.120953  0.094654
  0.110848  0.090847
  0.101131  0.086944
  0.091812  0.082957
  0.082900  0.078897
  0.074403  0.074777
  0.066331  0.070614
  0.058691  0.066421
  0.051491  0.062218
  0.044738  0.058022
  0.038439  0.053854
  0.032600  0.049732
  0.027226  0.045679
  0.022325  0.041715
  0.017899  0.037860
  0.013954  0.034135
  0.010493  0.030557
  0.007520  0.027144
  0.005038  0.023912
  0.003050  0.020874
  0.001557  0.018039
  0.000561  0.015418
  0.000062  0.013016
  0.000062  0.010836
  0.000561  0.008879
  0.001557  0.007144
  0.003050  0.005628
  0.005038  0.004326
  0.007520  0.003233
  0.010493  0.002340
  0.013954  0.001640
  0.017899  0.001122
  0.022325  0.000779
  0.027226  0.000598
  0.032600  0.000571
  0.038439  0.000686
  0.044738  0.000935
  0.051491  0.001307
  0.058691  0.001793
  0.066331  0.002385
  0.074403  0.003073
  0.082900  0.003849
  0.091812  0.004705
  0.101131  0.005634
  0.110848  0.006628
  0.120953  0.007679
  0.131435  0.008780
  0.142285  0.009926
  0.153492  0.011109
  0.165044  0.012325
  0.176930  0.013566
  0.189138  0.014827
  0.201655  0.016103
  0.214470  0.017386
  0.227570  0.018673
  0.240941  0.019958
  0.254571  0.021236
  0.268445  0.022502
  0.282550  0.023752
  0.296872  0.024981
  0.311396  0.026187
  0.326109  0.027365
  0.340994  0.028511
  0.356038  0.029624
  0.371226  0.030700
  0.386542  0.031736
  0.401971  0.032729
  0.417498  0.033677
  0.433107  0.034577
  0.448783  0.035426
  0.464509  0.036221
  0.480272  0.036961
  0.496053  0.037641
  0.511839  0.038259
  0.527613  0.038813
  0.543359  0.039300
  0.559063  0.039718
  0.574707  0.040064
  0.590277  0.040336
  0.605757  0.040534
  0.621131  0.040655
  0.636385  0.040700
  0.651503  0.040667
  0.666469  0.040557
  0.681270  0.040371
  0.695890  0.040109
  0.710315  0.039773
  0.724530  0.039365
  0.738522  0.038887
  0.752275  0.038343
  0.765777  0.037734
  0.779014  0.037065
  0.791974  0.036338
  0.804642  0.035558
  0.817006  0.034728
  0.829054  0.033852
  0.840775  0.032932
  0.852155  0.031973
  0.863185  0.030978
  0.873852  0.029949
  0.884147  0.028889
  0.894059  0.027866
  0.903579  0.026834
  0.912695  0.025798
  0.921401  0.024764
  0.929686  0.023736
  0.937544  0.022718
  0.944964  0.021716
  0.951942  0.020734
  0.958469  0.019774
  0.964539  0.018841
  0.970146  0.017938
  0.975284  0.017065
  0.979948  0.016227
  0.984134  0.015422
  0.987838  0.014654
  0.991055  0.013921
  0.993782  0.013224
  0.996018  0.012562
  0.997759  0.011935
  0.999003  0.011341
  0.999751  0.010778
  1.000000  0.010246
