  1.000000  0.012182
  0.999751  0.013103
  0.999003  0.014097
  0.997759  0.015173
  0.996018  0.016336
  0.993782  0.017594
  0.991055  0.018952
  0.987838  0.020419
  0.984134  0.021999
  0.979948  0.023699
  0.975284  0.025524
  0.970146  0.027479
  0.964539  0.029569
  0.958469  0.031795
  0.951942  0.034161
  0.944964  0.036666
  0.937544  0.039309
  0.929686  0.042089
  0.921401  0.045002
  0.912695  0.048042
  0.903579  0.051203
  0.894059  0.054477
  0.884147  0.057854
  0.873852  0.061430
  0.863185  0.065070
  0.852155  0.068763
  0.840775  0.072497
  0.829054  0.076259
  0.817006  0.080036
  0.804642  0.083813
  0.791974  0.087576
  0.779014  0.091307
  0.765777  0.094993
  0.752275  0.098616
  0.738522  0.102163
  0.724530  0.105618
  0.710315  0.108967
  0.695890  0.112198
  0.681270  0.115299
  0.666469  0.118258
  0.651503  0.121067
  0.636385  0.123715
  0.621131  0.126197
  0.605757  0.128504
  0.590277  0.130631
  0.574707  0.132573
  0.559063  0.134326
  0.543359  0.135884
  0.527613  0.137246
  0.511839  0.138408
  0.496053  0.139368
  0.480272  0.140124
  0.464509  0.140675
  0.448783  0.141019
  0.433107  0.141156
  0.417498  0.141085
  0.401971  0.140806
  0.386542  0.140321
  0.371226  0.139631
  0.356038  0.138737
  0.340994  0.137643
  0.326109  0.136349
  0.311396  0.134861
  0.296872  0.133181
  0.282550  0.131315
  0.268445  0.129266
  0.254571  0.127040
  0.240941  0.124644
  0.227570  0.122082
  0.214470  0.119362
  0.201655  0.116489
  0.189138  0.113472
  0.176930  0.110316
  0.165044  0.107029
  0.153492  0.103618
  0.142285  0.100091
  0.131435  0.096455
  0.120953  0.092720
  0.110848  0.088895
  0.101131  0.084990
  0.091812  0.081015
  0.082900  0.076982
  0.074403  0.072902
  0.066331  0.068790
  0.058691  0.064660
  0.051491  0.060529
  0.044738  0.056414
  0.038439  0.052331
  0.032600  0.048301
  0.027226  0.044341
  0.022325  0.040471
  0.017899  0.036709
  0.013954  0.033075
  0.010493  0.029584
  0.007520  0.026253
  0.005038  0.023096
  0.003050  0.020126
  0.001557  0.017353
  0.000561  0.014785
  0.000062  0.012428
  0.000062  0.010286
  0.000561  0.008361
  0.001557  0.006651
  0.003050  0.005156
  0.005038  0.003872
  0.007520  0.002793
  0.010493  0.001914
  0.013954  0.001228
  0.017899  0.000726
  0.022325  0.000401
  0.027226  0.000244
  0.032600  0.000245
  0.038439  0.000395
  0.044738  0.000686
  0.051491  0.001109
  0.058691  0.001655
  0.066331  0.002315
  0.074403  0.003081
  0.082900  0.003945
  0.091812  0.004898
  0.101131  0.005933
  0.110848  0.007042
  0.120953  0.008215
  0.131435  0.009447
  0.142285  0.010728
  0.153492  0.012053
  0.165044  0.013412
  0.176930  0.014800
  0.189138  0.016209
  0.201655  0.017631
  0.214470  0.019059
  0.227570  0.020487
  0.240941  0.021907
  0.254571  0.023313
  0.268445  0.024700
  0.282550  0.026062
  0.296872  0.027394
  0.311396  0.028692
  0.326109  0.029951
  0.340994  0.031167
  0.356038  0.032338
  0.371226  0.033461
  0.386542  0.034532
  0.401971  0.035550
  0.417498  0.036513
  0.433107  0.037418
  0.448783  0.038263
  0.464509  0.039048
  0.480272  0.039769
  0.496053  0.040426
  0.511839  0.041017
  0.527613  0.041540
  0.543359  0.041994
  0.559063  0.042378
  0.574707  0.042690
  0.590277  0.042929
  0.605757  0.043095
  0.621131  0.043187
  0.636385  0.043205
  0.651503  0.043149
  0.666469  0.043019
  0.681270  0.042817
  0.695890  0.042542
  0.710315  0.042198
  0.724530  0.041785
  0.738522  0.041306
  0.752275  0.040762
  0.765777  0.040157
  0.779014  0.039492
  0.791974  0.038770
  0.804642  0.037995
  0.817006  0.037169
  0.829054  0.036295
  0.840775  0.035375
  0.852155  0.034412
  0.863185  0.033408
  0.873852  0.032367
  0.884147  0.031288
  0.894059  0.030245
  0.903579  0.029188
  0.912695  0.028122
  0.921401  0.027052
  0.929686  0.025984
  0.937544  0.024922
  0.944964  0.023871
  0.951942  0.022835
  0.958469  0.021819
  0.964539  0.020827
  0.970146  0.019861
  0.975284  0.018926
  0.979948  0.018023
  0.984134  0.017155
  0.987838  0.016322
  0.991055  0.015525
  0.993782  0.014765
  0.996018  0.014041
  0.997759  0.013353
  0.999003  0.012700
  0.999751  0.012080
  1.000000  0.011493
