  1.000000  0.011101
  0.999751  0.011967
  0.999003  0.012905
  0.997759  0.013922
  0.996018  0.015024
  0.993782  0.016220
  0.991055  0.017515
  0.987838  0.018916
  0.984134  0.020431
  0.979948  0.022066
  0.975284  0.023826
  0.970146  0.025718
  0.964539  0.027746
  0.958469  0.029914
  0.951942  0.032224
  0.944964  0.034679
  0.937544  0.037277
  0.929686  0.040019
  0.921401  0.042899
  0.912695  0.045915
  0.903579  0.049059
  0.894059  0.052326
  0.884147  0.055705
  0.873852  0.059288
  0.863185  0.062945
  0.852155  0.066665
  0.840775  0.070435
  0.829054  0.074242
  0.817006  0.078072
  0.804642  0.081909
  0.791974  0.085736
  0.779014  0.089538
  0.765777  0.093298
  0.752275  0.096999
  0.738522  0.100626
  0.724530  0.104162
  0.710315  0.107593
  0.695890  0.110906
  0.681270  0.114089
  0.666469  0.117129
  0.651503  0.120017
  0.636385  0.122744
  0.621131  0.125302
  0.605757  0.127684
  0.590277  0.129886
  0.574707  0.131900
  0.559063  0.133724
  0.543359  0.135352
  0.527613  0.136783
  0.511839  0.138014
  0.496053  0.139043
  0.480272  0.139867
  0.464509  0.140486
  0.448783  0.140898
  0.433107  0.141104
  0.417498  0.141102
  0.401971  0.140892
  0.386542  0.140477
  0.371226  0.139857
  0.356038  0.139034
  0.340994  0.138009
  0.326109  0.136786
  0.311396  0.135367
  0.296872  0.133756
  0.282550  0.131958
  0.268445  0.129975
  0.254571  0.127813
  0.240941  0.125478
  0.227570  0.122974
  0.214470  0.120307
  0.201655  0.117485
  0.189138  0.114512
  0.176930  0.111395
  0.165044  0.108142
  0.153492  0.104758
  0.142285  0.101250
  0.131435  0.097628
  0.120953  0.093898
  0.110848  0.090071
  0.101131  0.086157
  0.091812  0.082165
  0.082900  0.078108
  0.074403  0.073998
  0.066331  0.069850
  0.058691  0.065679
  0.051491  0.061502
  0.044738  0.057337
  0.038439  0.053202
  0.032600  0.049118
  0.027226  0.045105
  0.022325  0.041183
  0.017899  0.037371
  0.013954  0.033689
  0.010493  0.030155
  0.007520  0.026785
  0.005038  0.023596
  0.003050  0.020599
  0.001557  0.017805
  0.000561  0.015223
  0.000062  0.012859
  0.000062  0.010715
  0.000561  0.008794
  0.001557  0.007095
  0.003050  0.005613
  0.005038  0.004346
  0.007520  0.003288
  0.010493  0.002431
  0.013954  0.001768
  0.017899  0.001289
  0.022325  0.000986
  0.027226  0.000848
  0.032600  0.000866
  0.038439  0.001030
  0.044738  0.001330
  0.051491  0.001757
  0.058691  0.002302
  0.066331  0.002955
  0.074403  0.003708
  0.082900  0.004552
  0.091812  0.005480
  0.101131  0.006482
  0.110848  0.007551
  0.120953  0.008680
  0.131435  0.009860
  0.142285  0.011084
  0.153492  0.012345
  0.165044  0.013637
  0.176930  0.014951
  0.189138  0.016282
  0.201655  0.017623
  0.214470  0.018966
  0.227570  0.020305
  0.240941  0.021633
  0.254571  0.022946
  0.268445  0.024236
  0.282550  0.025500
  0.296872  0.026732
  0.311396  0.027927
  0.326109  0.029083
  0.340994  0.030196
  0.356038  0.031262
  0.371226  0.032279
  0.386542  0.033244
  0.401971  0.034156
  0.417498  0.035011
  0.433107  0.035810
  0.448783  0.036549
  0.464509  0.037228
  0.480272  0.037844
  0.496053  0.038398
  0.511839  0.038886
  0.527613  0.039308
  0.543359  0.039663
  0.559063  0.039950
  0.574707  0.040168
  0.590277  0.040316
  0.605757  0.040395
  0.621131  0.040403
  0.636385  0.040341
  0.651503  0.040210
  0.666469  0.040010
  0.681270  0.039743
  0.695890  0.039410
  0.710315  0.039012
  0.724530  0.038552
  0.738522  0.038032
  0.752275  0.037454
  0.765777  0.036821
  0.779014  0.036136
  0.791974  0.035401
  0.804642  0.034620
  0.817006  0.033796
  0.829054  0.032931
  0.840775  0.032028
  0.852155  0.031090
  0.863185  0.030120
  0.873852  0.029120
  0.884147  0.028091
  0.894059  0.027099
  0.903579  0.026099
  0.912695  0.025096
  0.921401  0.024095
  0.929686  0.023099
  0.937544  0.022114
  0.944964  0.021144
  0.951942  0.020192
  0.958469  0.019262
  0.964539  0.018357
  0.970146  0.017480
  0.975284  0.016633
  0.979948  0.015818
  0.984134  0.015036
  0.987838  0.014289
  0.991055  0.013576
  0.993782  0.012897
  0.996018  0.012253
  0.997759  0.011642
  0.999003  0.011063
  0.999751  0.010515
  1.000000  0.009996
