  1.000000  0.012147
  0.999751  0.013068
  0.999003  0.014064
  0.997759  0.015141
  0.996018  0.016307
  0.993782  0.017567
  0.991055  0.018928
  0.987838  0.020398
  0.984134  0.021983
  0.979948  0.023689
  0.975284  0.025520
  0.970146  0.027484
  0.964539  0.029582
  0.958469  0.031819
  0.951942  0.034196
  0.944964  0.036714
  0.937544  0.039373
  0.929686  0.042170
  0.921401  0.045101
  0.912695  0.048162
  0.903579  0.051346
  0.894059  0.054644
  0.884147  0.058049
  0.873852  0.061655
  0.863185  0.065326
  0.852155  0.069053
  0.840775  0.072823
  0.829054  0.076623
  0.817006  0.080441
  0.804642  0.084260
  0.791974  0.088067
  0.779014  0.091845
  0.765777  0.095578
  0.752275  0.099251
  0.738522  0.102849
  0.724530  0.106356
  0.710315  0.109759
  0.695890  0.113045
  0.681270  0.116201
  0.666469  0.119217
  0.651503  0.122082
  0.636385  0.124787
  0.621131  0.127325
  0.605757  0.129689
  0.590277  0.131872
  0.574707  0.133868
  0.559063  0.135673
  0.543359  0.137283
  0.527613  0.138694
  0.511839  0.139902
  0.496053  0.140905
  0.480272  0.141701
  0.464509  0.142288
  0.448783  0.142664
  0.433107  0.142829
  0.417498  0.142780
  0.401971  0.142520
  0.386542  0.142047
  0.371226  0.141364
  0.356038  0.140473
  0.340994  0.139375
  0.326109  0.138072
  0.311396  0.136569
  0.296872  0.134869
  0.282550  0.132978
  0.268445  0.130899
  0.254571  0.128639
  0.240941  0.126203
  0.227570  0.123598
  0.214470  0.120831
  0.201655  0.117908
  0.189138  0.114837
  0.176930  0.111626
  0.165044  0.108280
  0.153492  0.104809
  0.142285  0.101220
  0.131435  0.097522
  0.120953  0.093724
  0.110848  0.089836
  0.101131  0.085867
  0.091812  0.081830
  0.082900  0.077734
  0.074403  0.073594
  0.066331  0.069423
  0.058691  0.065236
  0.051491  0.061050
  0.044738  0.056882
  0.038439  0.052750
  0.032600  0.048673
  0.027226  0.044670
  0.022325  0.040760
  0.017899  0.036963
  0.013954  0.033295
  0.010493  0.029775
  0.007520  0.026418
  0.005038  0.023239
  0.003050  0.020248
  0.001557  0.017458
  0.000561  0.014875
  0.000062  0.012504
  0.000062  0.010349
  0.000561  0.008412
  0.001557  0.006690
  0.003050  0.005182
  0.005038  0.003883
  0.007520  0.002787
  0.010493  0.001889
  0.013954  0.001179
  0.017899  0.000651
  0.022325  0.000295
  0.027226  0.000101
  0.032600  0.000061
  0.038439  0.000165
  0.044738  0.000403
  0.051491  0.000767
  0.058691  0.001248
  0.066331  0.001837
  0.074403  0.002526
  0.082900  0.003306
  0.091812  0.004170
  0.101131  0.005109
  0.110848  0.006116
  0.120953  0.007184
  0.131435  0.008303
  0.142285  0.009468
  0.153492  0.010672
  0.165044  0.011907
  0.176930  0.013168
  0.189138  0.014446
  0.201655  0.015735
  0.214470  0.017030
  0.227570  0.018323
  0.240941  0.019608
  0.254571  0.020880
  0.268445  0.022133
  0.282550  0.023364
  0.296872  0.024566
  0.311396  0.025737
  0.326109  0.026873
  0.340994  0.027971
  0.356038  0.029028
  0.371226  0.030042
  0.386542  0.031011
  0.401971  0.031933
  0.417498  0.032807
  0.433107  0.033631
  0.448783  0.034405
  0.464509  0.035126
  0.480272  0.035795
  0.496053  0.036409
  0.511839  0.036968
  0.527613  0.037470
  0.543359  0.037915
  0.559063  0.038301
  0.574707  0.038628
  0.590277  0.038895
  0.605757  0.039101
  0.621131  0.039246
  0.636385  0.039329
  0.651503  0.039350
  0.666469  0.039310
  0.681270  0.039208
  0.695890  0.039045
  0.710315  0.038822
  0.724530  0.038539
  0.738522  0.038199
  0.752275  0.037801
  0.765777  0.037347
  0.779014  0.036840
  0.791974  0.036280
  0.804642  0.035669
  0.817006  0.035009
  0.829054  0.034300
  0.840775  0.033546
  0.852155  0.032746
  0.863185  0.031903
  0.873852  0.031017
  0.884147  0.030088
  0.894059  0.029187
  0.903579  0.028264
  0.912695  0.027325
  0.921401  0.026374
  0.929686  0.025415
  0.937544  0.024453
  0.944964  0.023494
  0.951942  0.022540
  0.958469  0.021599
  0.964539  0.020672
  0.970146  0.019764
  0.975284  0.018879
  0.979948  0.018020
  0.984134  0.017188
  0.987838  0.016386
  0.991055  0.015616
  0.993782  0.014877
  0.996018  0.014170
  0.997759  0.013496
  0.999003  0.012854
  0.999751  0.012243
  1.000000  0.011661
