  1.000000  0.011682
  0.999751  0.012576
  0.999003  0.013544
  0.997759  0.014591
  0.996018  0.015725
  0.993782  0.016952
  0.991055  0.018279
  0.987838  0.019712
  0.984134  0.021259
  0.979948  0.022925
  0.975284  0.024716
  0.970146  0.026637
  0.964539  0.028692
  0.958469  0.030885
  0.951942  0.033217
  0.944964  0.035690
  0.937544  0.038303
  0.929686  0.041055
  0.921401  0.043942
  0.912695  0.046958
  0.903579  0.050099
  0.894059  0.053357
  0.884147  0.056722
  0.873852  0.060288
  0.863185  0.063922
  0.852155  0.067615
  0.840775  0.071355
  0.829054  0.075128
  0.817006  0.078923
  0.804642  0.082723
  0.791974  0.086514
  0.779014  0.090280
  0.765777  0.094006
  0.752275  0.097676
  0.738522  0.101275
  0.724530  0.104788
  0.710315  0.108201
  0.695890  0.111501
  0.681270  0.114676
  0.666469  0.117714
  0.651503  0.120606
  0.636385  0.123342
  0.621131  0.125914
  0.605757  0.128315
  0.590277  0.130538
  0.574707  0.132577
  0.559063  0.134427
  0.543359  0.136082
  0.527613  0.137540
  0.511839  0.138796
  0.496053  0.139847
  0.480272  0.140691
  0.464509  0.141324
  0.448783  0.141744
  0.433107  0.141951
  0.417498  0.141943
  0.401971  0.141720
  0.386542  0.141281
  0.371226  0.140630
  0.356038  0.139766
  0.340994  0.138691
  0.326109  0.137409
  0.311396  0.135922
  0.296872  0.134236
  0.282550  0.132354
  0.268445  0.130282
  0.254571  0.128025
  0.240941  0.125590
  0.227570  0.122984
  0.214470  0.120214
  0.201655  0.117286
  0.189138  0.114210
  0.176930  0.110992
  0.165044  0.107640
  0.153492  0.104163
  0.142285  0.100568
  0.131435  0.096866
  0.120953  0.093065
  0.110848  0.089175
  0.101131  0.085207
  0.091812  0.081173
  0.082900  0.077083
  0.074403  0.072952
  0.066331  0.068792
  0.058691  0.064621
  0.051491  0.060453
  0.044738  0.056307
  0.038439  0.052200
  0.032600  0.048153
  0.027226  0.044182
  0.022325  0.040309
  0.017899  0.036551
  0.013954  0.032927
  0.010493  0.029453
  0.007520  0.026146
  0.005038  0.023019
  0.003050  0.020084
  0.001557  0.017351
  0.000561  0.014827
  0.000062  0.012517
  0.000062  0.010424
  0.000561  0.008549
  0.001557  0.006889
  0.003050  0.005442
  0.005038  0.004202
  0.007520  0.003164
  0.010493  0.002321
  0.013954  0.001664
  0.017899  0.001184
  0.022325  0.000871
  0.027226  0.000717
  0.032600  0.000710
  0.038439  0.000840
  0.044738  0.001100
  0.051491  0.001478
  0.058691  0.001966
  0.066331  0.002556
  0.074403  0.003238
  0.082900  0.004005
  0.091812  0.004849
  0.101131  0.005762
  0.110848  0.006738
  0.120953  0.007768
  0.131435  0.008848
  0.142285  0.009969
  0.153492  0.011128
  0.165044  0.012317
  0.176930  0.013532
  0.189138  0.014767
  0.201655  0.016017
  0.214470  0.017276
  0.227570  0.018539
  0.240941  0.019803
  0.254571  0.021061
  0.268445  0.022310
  0.282550  0.023547
  0.296872  0.024767
  0.311396  0.025966
  0.326109  0.027143
  0.340994  0.028293
  0.356038  0.029413
  0.371226  0.030502
  0.386542  0.031556
  0.401971  0.032573
  0.417498  0.033550
  0.433107  0.034484
  0.448783  0.035373
  0.464509  0.036214
  0.480272  0.037004
  0.496053  0.037740
  0.511839  0.038420
  0.527613  0.039041
  0.543359  0.039599
  0.559063  0.040093
  0.574707  0.040519
  0.590277  0.040876
  0.605757  0.041161
  0.621131  0.041372
  0.636385  0.041509
  0.651503  0.041571
  0.666469  0.041557
  0.681270  0.041467
  0.695890  0.041301
  0.710315  0.041060
  0.724530  0.040746
  0.738522  0.040360
  0.752275  0.039905
  0.765777  0.039382
  0.779014  0.038794
  0.791974  0.038144
  0.804642  0.037434
  0.817006  0.036669
  0.829054  0.035851
  0.840775  0.034983
  0.852155  0.034067
  0.863185  0.033107
  0.873852  0.032104
  0.884147  0.031061
  0.894059  0.030050
  0.903579  0.029022
  0.912695  0.027983
  0.921401  0.026937
  0.929686  0.025891
  0.937544  0.024848
  0.944964  0.023814
  0.951942  0.022793
  0.958469  0.021791
  0.964539  0.020811
  0.970146  0.019856
  0.975284  0.018931
  0.979948  0.018036
  0.984134  0.017174
  0.987838  0.016347
  0.991055  0.015555
  0.993782  0.014799
  0.996018  0.014079
  0.997759  0.013394
  0.999003  0.012743
  0.999751  0.012125
  1.000000  0.011539
