  1.000000  0.011622
  0.999751  0.012511
  0.999003  0.013474
  0.997759  0.014515
  0.996018  0.015643
  0.993782  0.016863
  0.991055  0.018182
  0.987838  0.019608
  0.984134  0.021146
  0.979948  0.022803
  0.975284  0.024584
  0.970146  0.026494
  0.964539  0.028538
  0.958469  0.030718
  0.951942  0.033037
  0.944964  0.035497
  0.937544  0.038095
  0.929686  0.040831
  0.921401  0.043702
  0.912695  0.046701
  0.903579  0.049824
  0.894059  0.053062
  0.884147  0.056407
  0.873852  0.059952
  0.863185  0.063564
  0.852155  0.067234
  0.840775  0.070950
  0.829054  0.074699
  0.817006  0.078467
  0.804642  0.082241
  0.791974  0.086005
  0.779014  0.089743
  0.765777  0.093441
  0.752275  0.097082
  0.738522  0.100652
  0.724530  0.104135
  0.710315  0.107518
  0.695890  0.110788
  0.681270  0.113933
  0.666469  0.116943
  0.651503  0.119806
  0.636385  0.122515
  0.621131  0.125062
  0.605757  0.127439
  0.590277  0.129642
  0.574707  0.131662
  0.559063  0.133497
  0.543359  0.135142
  0.527613  0.136593
  0.511839  0.137846
  0.496053  0.138900
  0.480272  0.139752
  0.464509  0.140398
  0.448783  0.140839
  0.433107  0.141072
  0.417498  0.141097
  0.401971  0.140912
  0.386542  0.140520
  0.371226  0.139920
  0.356038  0.139114
  0.340994  0.138103
  0.326109  0.136890
  0.311396  0.135478
  0.296872  0.133870
  0.282550  0.132070
  0.268445  0.130083
  0.254571  0.127914
  0.240941  0.125567
  0.227570  0.123049
  0.214470  0.120367
  0.201655  0.117526
  0.189138  0.114533
  0.176930  0.111396
  0.165044  0.108120
  0.153492  0.104713
  0.142285  0.101184
  0.131435  0.097540
  0.120953  0.093790
  0.110848  0.089943
  0.101131  0.086011
  0.091812  0.082003
  0.082900  0.077932
  0.074403  0.073811
  0.066331  0.069654
  0.058691  0.065476
  0.051491  0.061296
  0.044738  0.057130
  0.038439  0.052997
  0.032600  0.048918
  0.027226  0.044913
  0.022325  0.041000
  0.017899  0.037201
  0.013954  0.033534
  0.010493  0.030018
  0.007520  0.026668
  0.005038  0.023500
  0.003050  0.020526
  0.001557  0.017758
  0.000561  0.015202
  0.000062  0.012865
  0.000062  0.010749
  0.000561  0.008857
  0.001557  0.007186
  0.003050  0.005733
  0.005038  0.004494
  0.007520  0.003462
  0.010493  0.002631
  0.013954  0.001992
  0.017899  0.001535
  0.022325  0.001252
  0.027226  0.001131
  0.032600  0.001163
  0.038439  0.001338
  0.044738  0.001645
  0.051491  0.002075
  0.058691  0.002619
  0.066331  0.003267
  0.074403  0.004012
  0.082900  0.004844
  0.091812  0.005756
  0.101131  0.006740
  0.110848  0.007789
  0.120953  0.008896
  0.131435  0.010055
  0.142285  0.011258
  0.153492  0.012501
  0.165044  0.013778
  0.176930  0.015083
  0.189138  0.016412
  0.201655  0.017759
  0.214470  0.019118
  0.227570  0.020486
  0.240941  0.021858
  0.254571  0.023228
  0.268445  0.024593
  0.282550  0.025948
  0.296872  0.027290
  0.311396  0.028615
  0.326109  0.029919
  0.340994  0.031198
  0.356038  0.032449
  0.371226  0.033668
  0.386542  0.034850
  0.401971  0.035993
  0.417498  0.037093
  0.433107  0.038144
  0.448783  0.039143
  0.464509  0.040086
  0.480272  0.040967
  0.496053  0.041782
  0.511839  0.042528
  0.527613  0.043198
  0.543359  0.043789
  0.559063  0.044297
  0.574707  0.044718
  0.590277  0.045049
  0.605757  0.045287
  0.621131  0.045430
  0.636385  0.045477
  0.651503  0.045426
  0.666469  0.045279
  0.681270  0.045035
  0.695890  0.044696
  0.710315  0.044265
  0.724530  0.043744
  0.738522  0.043137
  0.752275  0.042448
  0.765777  0.041681
  0.779014  0.040842
  0.791974  0.039935
  0.804642  0.038967
  0.817006  0.037943
  0.829054  0.036868
  0.840775  0.035749
  0.852155  0.034589
  0.863185  0.033395
  0.873852  0.032171
  0.884147  0.030920
  0.894059  0.029716
  0.903579  0.028511
  0.912695  0.027311
  0.921401  0.026122
  0.929686  0.024948
  0.937544  0.023796
  0.944964  0.022670
  0.951942  0.021573
  0.958469  0.020510
  0.964539  0.019483
  0.970146  0.018494
  0.975284  0.017546
  0.979948  0.016640
  0.984134  0.015776
  0.987838  0.014954
  0.991055  0.014175
  0.993782  0.013438
  0.996018  0.012740
  0.997759  0.012082
  0.999003  0.011461
  0.999751  0.010876
  1.000000  0.010324
