  1.000000  0.011867
  0.999751  0.012767
  0.999003  0.013739
  0.997759  0.014790
  0.996018  0.015927
  0.993782  0.017156
  0.991055  0.018485
  0.987838  0.019918
  0.984134  0.021464
  0.979948  0.023127
  0.975284  0.024912
  0.970146  0.026826
  0.964539  0.028871
  0.958469  0.031051
  0.951942  0.033367
  0.944964  0.035820
  0.937544  0.038410
  0.929686  0.041134
  0.921401  0.043988
  0.912695  0.046968
  0.903579  0.050068
  0.894059  0.053280
  0.884147  0.056594
  0.873852  0.060105
  0.863185  0.063679
  0.852155  0.067308
  0.840775  0.070979
  0.829054  0.074681
  0.817006  0.078400
  0.804642  0.082123
  0.791974  0.085834
  0.779014  0.089519
  0.765777  0.093162
  0.752275  0.096750
  0.738522  0.100266
  0.724530  0.103697
  0.710315  0.107029
  0.695890  0.110250
  0.681270  0.113347
  0.666469  0.116311
  0.651503  0.119131
  0.636385  0.121799
  0.621131  0.124307
  0.605757  0.126648
  0.590277  0.128815
  0.574707  0.130804
  0.559063  0.132608
  0.543359  0.134224
  0.527613  0.135647
  0.511839  0.136875
  0.496053  0.137904
  0.480272  0.138731
  0.464509  0.139354
  0.448783  0.139772
  0.433107  0.139982
  0.417498  0.139984
  0.401971  0.139778
  0.386542  0.139363
  0.371226  0.138741
  0.356038  0.137913
  0.340994  0.136881
  0.326109  0.135646
  0.311396  0.134213
  0.296872  0.132585
  0.282550  0.130767
  0.268445  0.128763
  0.254571  0.126578
  0.240941  0.124219
  0.227570  0.121691
  0.214470  0.119002
  0.201655  0.116158
  0.189138  0.113167
  0.176930  0.110036
  0.165044  0.106771
  0.153492  0.103382
  0.142285  0.099875
  0.131435  0.096260
  0.120953  0.092544
  0.110848  0.088738
  0.101131  0.084851
  0.091812  0.080893
  0.082900  0.076877
  0.074403  0.072814
  0.066331  0.068718
  0.058691  0.064603
  0.051491  0.060484
  0.044738  0.056379
  0.038439  0.052304
  0.032600  0.048278
  0.027226  0.044319
  0.022325  0.040445
  0.017899  0.036675
  0.013954  0.033026
  0.010493  0.029515
  0.007520  0.026158
  0.005038  0.022969
  0.003050  0.019959
  0.001557  0.017139
  0.000561  0.014517
  0.000062  0.012100
  0.000062  0.009892
  0.000561  0.007894
  0.001557  0.006107
  0.003050  0.004529
  0.005038  0.003158
  0.007520  0.001989
  0.010493  0.001017
  0.013954  0.000237
  0.017899  -0.000360
  0.022325  -0.000780
  0.027226  -0.001032
  0.032600  -0.001123
  0.038439  -0.001062
  0.044738  -0.000857
  0.051491  -0.000516
  0.058691  -0.000048
  0.066331  0.000541
  0.074403  0.001240
  0.082900  0.002044
  0.091812  0.002943
  0.101131  0.003930
  0.110848  0.004996
  0.120953  0.006134
  0.131435  0.007335
  0.142285  0.008592
  0.153492  0.009898
  0.165044  0.011243
  0.176930  0.012622
  0.189138  0.014025
  0.201655  0.015445
  0.214470  0.016875
  0.227570  0.018306
  0.240941  0.019733
  0.254571  0.021147
  0.268445  0.022544
  0.282550  0.023916
  0.296872  0.025259
  0.311396  0.026568
  0.326109  0.027837
  0.340994  0.029064
  0.356038  0.030244
  0.371226  0.031374
  0.386542  0.032452
  0.401971  0.033474
  0.417498  0.034439
  0.433107  0.035344
  0.448783  0.036186
  0.464509  0.036965
  0.480272  0.037678
  0.496053  0.038322
  0.511839  0.038897
  0.527613  0.039401
  0.543359  0.039832
  0.559063  0.040189
  0.574707  0.040471
  0.590277  0.040677
  0.605757  0.040805
  0.621131  0.040857
  0.636385  0.040831
  0.651503  0.040730
  0.666469  0.040553
  0.681270  0.040301
  0.695890  0.039977
  0.710315  0.039583
  0.724530  0.039121
  0.738522  0.038593
  0.752275  0.038002
  0.765777  0.037352
  0.779014  0.036646
  0.791974  0.035887
  0.804642  0.035080
  0.817006  0.034226
  0.829054  0.033330
  0.840775  0.032396
  0.852155  0.031426
  0.863185  0.030423
  0.873852  0.029390
  0.884147  0.028330
  0.894059  0.027308
  0.903579  0.026279
  0.912695  0.025249
  0.921401  0.024222
  0.929686  0.023204
  0.937544  0.022197
  0.944964  0.021207
  0.951942  0.020237
  0.958469  0.019291
  0.964539  0.018373
  0.970146  0.017484
  0.975284  0.016626
  0.979948  0.015803
  0.984134  0.015013
  0.987838  0.014260
  0.991055  0.013542
  0.993782  0.012859
  0.996018  0.012212
  0.997759  0.011598
  0.999003  0.011017
  0.999751  0.010468
  1.000000  0.009948
