  1.000000  0.011382
  0.999751  0.012259
  0.999003  0.013208
  0.997759  0.014235
  0.996018  0.015348
  0.993782  0.016553
  0.991055  0.017857
  0.987838  0.019267
  0.984134  0.020788
  0.979948  0.022429
  0.975284  0.024193
  0.970146  0.026087
  0.964539  0.028115
  0.958469  0.030279
  0.951942  0.032584
  0.944964  0.035028
  0.937544  0.037614
  0.929686  0.040337
  0.921401  0.043196
  0.912695  0.046186
  0.903579  0.049299
  0.894059  0.052530
  0.884147  0.055869
  0.873852  0.059407
  0.863185  0.063013
  0.852155  0.066678
  0.840775  0.070389
  0.829054  0.074134
  0.817006  0.077897
  0.804642  0.081664
  0.791974  0.085420
  0.779014  0.089149
  0.765777  0.092834
  0.752275  0.096459
  0.738522  0.100009
  0.724530  0.103470
  0.710315  0.106827
  0.695890  0.110066
  0.681270  0.113176
  0.666469  0.116147
  0.651503  0.118967
  0.636385  0.121629
  0.621131  0.124125
  0.605757  0.126450
  0.590277  0.128596
  0.574707  0.130559
  0.559063  0.132335
  0.543359  0.133920
  0.527613  0.135312
  0.511839  0.136507
  0.496053  0.137505
  0.480272  0.138302
  0.464509  0.138899
  0.448783  0.139294
  0.433107  0.139486
  0.417498  0.139476
  0.401971  0.139263
  0.386542  0.138848
  0.371226  0.138233
  0.356038  0.137419
  0.340994  0.136409
  0.326109  0.135203
  0.311396  0.133806
  0.296872  0.132221
  0.282550  0.130451
  0.268445  0.128500
  0.254571  0.126374
  0.240941  0.124076
  0.227570  0.121613
  0.214470  0.118990
  0.201655  0.116212
  0.189138  0.113285
  0.176930  0.110217
  0.165044  0.107012
  0.153492  0.103677
  0.142285  0.100220
  0.131435  0.096649
  0.120953  0.092970
  0.110848  0.089194
  0.101131  0.085329
  0.091812  0.081388
  0.082900  0.077379
  0.074403  0.073318
  0.066331  0.069216
  0.058691  0.065090
  0.051491  0.060957
  0.044738  0.056833
  0.038439  0.052738
  0.032600  0.048691
  0.027226  0.044711
  0.022325  0.040820
  0.017899  0.037035
  0.013954  0.033377
  0.010493  0.029862
  0.007520  0.026508
  0.005038  0.023329
  0.003050  0.020337
  0.001557  0.017544
  0.000561  0.014957
  0.000062  0.012581
  0.000062  0.010422
  0.000561  0.008478
  0.001557  0.006750
  0.003050  0.005234
  0.005038  0.003926
  0.007520  0.002821
  0.010493  0.001912
  0.013954  0.001191
  0.017899  0.000648
  0.022325  0.000276
  0.027226  0.000064
  0.032600  0.000003
  0.038439  0.000084
  0.044738  0.000296
  0.051491  0.000631
  0.058691  0.001080
  0.066331  0.001634
  0.074403  0.002285
  0.082900  0.003025
  0.091812  0.003846
  0.101131  0.004741
  0.110848  0.005701
  0.120953  0.006720
  0.131435  0.007790
  0.142285  0.008905
  0.153492  0.010059
  0.165044  0.011246
  0.176930  0.012459
  0.189138  0.013693
  0.201655  0.014941
  0.214470  0.016198
  0.227570  0.017458
  0.240941  0.018715
  0.254571  0.019966
  0.268445  0.021204
  0.282550  0.022427
  0.296872  0.023629
  0.311396  0.024807
  0.326109  0.025958
  0.340994  0.027079
  0.356038  0.028166
  0.371226  0.029217
  0.386542  0.030231
  0.401971  0.031203
  0.417498  0.032133
  0.433107  0.033018
  0.448783  0.033856
  0.464509  0.034645
  0.480272  0.035383
  0.496053  0.036066
  0.511839  0.036695
  0.527613  0.037265
  0.543359  0.037776
  0.559063  0.038224
  0.574707  0.038609
  0.590277  0.038929
  0.605757  0.039181
  0.621131  0.039366
  0.636385  0.039482
  0.651503  0.039528
  0.666469  0.039505
  0.681270  0.039412
  0.695890  0.039251
  0.710315  0.039022
  0.724530  0.038725
  0.738522  0.038364
  0.752275  0.037938
  0.765777  0.037451
  0.779014  0.036905
  0.791974  0.036302
  0.804642  0.035644
  0.817006  0.034934
  0.829054  0.034174
  0.840775  0.033368
  0.852155  0.032516
  0.863185  0.031622
  0.873852  0.030687
  0.884147  0.029713
  0.894059  0.028767
  0.903579  0.027805
  0.912695  0.026830
  0.921401  0.025847
  0.929686  0.024862
  0.937544  0.023878
  0.944964  0.022901
  0.951942  0.021935
  0.958469  0.020984
  0.964539  0.020053
  0.970146  0.019145
  0.975284  0.018262
  0.979948  0.017408
  0.984134  0.016585
  0.987838  0.015794
  0.991055  0.015035
  0.993782  0.014310
  0.996018  0.013618
  0.997759  0.012960
  0.999003  0.012334
  0.999751  0.011739
  1.000000  0.011175
