  1.000000  0.012293
  0.999751  0.013216
  0.999003  0.014214
  0.997759  0.015291
  0.996018  0.016456
  0.993782  0.017715
  0.991055  0.019074
  0.987838  0.020540
  0.984134  0.022119
  0.979948  0.023816
  0.975284  0.025638
  0.970146  0.027589
  0.964539  0.029672
  0.958469  0.031890
  0.951942  0.034245
  0.944964  0.036737
  0.937544  0.039366
  0.929686  0.042129
  0.921401  0.045021
  0.912695  0.048038
  0.903579  0.051173
  0.894059  0.054418
  0.884147  0.057764
  0.873852  0.061305
  0.863185  0.064906
  0.852155  0.068558
  0.840775  0.072247
  0.829054  0.075963
  0.817006  0.079691
  0.804642  0.083418
  0.791974  0.087127
  0.779014  0.090804
  0.765777  0.094434
  0.752275  0.098001
  0.738522  0.101491
  0.724530  0.104889
  0.710315  0.108182
  0.695890  0.111358
  0.681270  0.114404
  0.666469  0.117312
  0.651503  0.120070
  0.636385  0.122672
  0.621131  0.125110
  0.605757  0.127379
  0.590277  0.129472
  0.574707  0.131385
  0.559063  0.133114
  0.543359  0.134655
  0.527613  0.136007
  0.511839  0.137167
  0.496053  0.138132
  0.480272  0.138903
  0.464509  0.139476
  0.448783  0.139852
  0.433107  0.140030
  0.417498  0.140009
  0.401971  0.139791
  0.386542  0.139375
  0.371226  0.138763
  0.356038  0.137956
  0.340994  0.136956
  0.326109  0.135764
  0.311396  0.134384
  0.296872  0.132819
  0.282550  0.131070
  0.268445  0.129143
  0.254571  0.127041
  0.240941  0.124769
  0.227570  0.122331
  0.214470  0.119732
  0.201655  0.116977
  0.189138  0.114072
  0.176930  0.111023
  0.165044  0.107834
  0.153492  0.104513
  0.142285  0.101065
  0.131435  0.097498
  0.120953  0.093820
  0.110848  0.090040
  0.101131  0.086167
  0.091812  0.082212
  0.082900  0.078186
  0.074403  0.074102
  0.066331  0.069974
  0.058691  0.065818
  0.051491  0.061651
  0.044738  0.057491
  0.038439  0.053358
  0.032600  0.049271
  0.027226  0.045252
  0.022325  0.041320
  0.017899  0.037496
  0.013954  0.033799
  0.010493  0.030248
  0.007520  0.026860
  0.005038  0.023649
  0.003050  0.020629
  0.001557  0.017810
  0.000561  0.015200
  0.000062  0.012806
  0.000062  0.010629
  0.000561  0.008672
  0.001557  0.006931
  0.003050  0.005405
  0.005038  0.004088
  0.007520  0.002973
  0.010493  0.002054
  0.013954  0.001322
  0.017899  0.000768
  0.022325  0.000381
  0.027226  0.000151
  0.032600  0.000069
  0.038439  0.000125
  0.044738  0.000307
  0.051491  0.000608
  0.058691  0.001018
  0.066331  0.001528
  0.074403  0.002129
  0.082900  0.002815
  0.091812  0.003576
  0.101131  0.004407
  0.110848  0.005301
  0.120953  0.006250
  0.131435  0.007249
  0.142285  0.008293
  0.153492  0.009376
  0.165044  0.010495
  0.176930  0.011644
  0.189138  0.012820
  0.201655  0.014019
  0.214470  0.015235
  0.227570  0.016466
  0.240941  0.017708
  0.254571  0.018957
  0.268445  0.020210
  0.282550  0.021465
  0.296872  0.022718
  0.311396  0.023966
  0.326109  0.025206
  0.340994  0.026435
  0.356038  0.027650
  0.371226  0.028848
  0.386542  0.030024
  0.401971  0.031177
  0.417498  0.032300
  0.433107  0.033392
  0.448783  0.034445
  0.464509  0.035458
  0.480272  0.036423
  0.496053  0.037337
  0.511839  0.038194
  0.527613  0.038989
  0.543359  0.039717
  0.559063  0.040372
  0.574707  0.040951
  0.590277  0.041449
  0.605757  0.041863
  0.621131  0.042188
  0.636385  0.042422
  0.651503  0.042565
  0.666469  0.042613
  0.681270  0.042567
  0.695890  0.042428
  0.710315  0.042195
  0.724530  0.041871
  0.738522  0.041459
  0.752275  0.040960
  0.765777  0.040380
  0.779014  0.039722
  0.791974  0.038990
  0.804642  0.038190
  0.817006  0.037326
  0.829054  0.036403
  0.840775  0.035427
  0.852155  0.034401
  0.863185  0.033331
  0.873852  0.032221
  0.884147  0.031075
  0.894059  0.029966
  0.903579  0.028845
  0.912695  0.027720
  0.921401  0.026597
  0.929686  0.025480
  0.937544  0.024376
  0.944964  0.023289
  0.951942  0.022224
  0.958469  0.021185
  0.964539  0.020176
  0.970146  0.019200
  0.975284  0.018259
  0.979948  0.017355
  0.984134  0.016490
  0.987838  0.015663
  0.991055  0.014876
  0.993782  0.014128
  0.996018  0.013418
  0.997759  0.012746
  0.999003  0.012110
  0.999751  0.011508
  1.000000  0.010939
