  1.000000  0.011819
  0.999751  0.012714
  0.999003  0.013682
  0.997759  0.014729
  0.996018  0.015861
  0.993782  0.017085
  0.991055  0.018407
  0.987838  0.019834
  0.984134  0.021373
  0.979948  0.023028
  0.975284  0.024806
  0.970146  0.026711
  0.964539  0.028746
  0.958469  0.030916
  0.951942  0.033221
  0.944964  0.035663
  0.937544  0.038240
  0.929686  0.040951
  0.921401  0.043791
  0.912695  0.046757
  0.903579  0.049841
  0.894059  0.053037
  0.884147  0.056335
  0.873852  0.059828
  0.863185  0.063386
  0.852155  0.066997
  0.840775  0.070650
  0.829054  0.074335
  0.817006  0.078037
  0.804642  0.081743
  0.791974  0.085439
  0.779014  0.089109
  0.765777  0.092739
  0.752275  0.096314
  0.738522  0.099820
  0.724530  0.103243
  0.710315  0.106568
  0.695890  0.109785
  0.681270  0.112881
  0.666469  0.115847
  0.651503  0.118672
  0.636385  0.121347
  0.621131  0.123866
  0.605757  0.126222
  0.590277  0.128408
  0.574707  0.130419
  0.559063  0.132250
  0.543359  0.133897
  0.527613  0.135355
  0.511839  0.136622
  0.496053  0.137694
  0.480272  0.138569
  0.464509  0.139245
  0.448783  0.139718
  0.433107  0.139988
  0.417498  0.140054
  0.401971  0.139915
  0.386542  0.139570
  0.371226  0.139021
  0.356038  0.138268
  0.340994  0.137313
  0.326109  0.136157
  0.311396  0.134802
  0.296872  0.133253
  0.282550  0.131512
  0.268445  0.129584
  0.254571  0.127472
  0.240941  0.125182
  0.227570  0.122720
  0.214470  0.120091
  0.201655  0.117301
  0.189138  0.114357
  0.176930  0.111264
  0.165044  0.108030
  0.153492  0.104661
  0.142285  0.101166
  0.131435  0.097551
  0.120953  0.093826
  0.110848  0.090001
  0.101131  0.086086
  0.091812  0.082091
  0.082900  0.078030
  0.074403  0.073915
  0.066331  0.069761
  0.058691  0.065584
  0.051491  0.061403
  0.044738  0.057235
  0.038439  0.053101
  0.032600  0.049021
  0.027226  0.045016
  0.022325  0.041107
  0.017899  0.037314
  0.013954  0.033657
  0.010493  0.030156
  0.007520  0.026826
  0.005038  0.023684
  0.003050  0.020742
  0.001557  0.018012
  0.000561  0.015500
  0.000062  0.013213
  0.000062  0.011154
  0.000561  0.009323
  0.001557  0.007718
  0.003050  0.006335
  0.005038  0.005169
  0.007520  0.004213
  0.010493  0.003460
  0.013954  0.002898
  0.017899  0.002520
  0.022325  0.002312
  0.027226  0.002266
  0.032600  0.002369
  0.038439  0.002611
  0.044738  0.002981
  0.051491  0.003468
  0.058691  0.004064
  0.066331  0.004759
  0.074403  0.005543
  0.082900  0.006408
  0.091812  0.007346
  0.101131  0.008349
  0.110848  0.009410
  0.120953  0.010522
  0.131435  0.011679
  0.142285  0.012873
  0.153492  0.014100
  0.165044  0.015355
  0.176930  0.016632
  0.189138  0.017925
  0.201655  0.019230
  0.214470  0.020542
  0.227570  0.021855
  0.240941  0.023166
  0.254571  0.024469
  0.268445  0.025761
  0.282550  0.027038
  0.296872  0.028295
  0.311396  0.029529
  0.326109  0.030736
  0.340994  0.031913
  0.356038  0.033056
  0.371226  0.034162
  0.386542  0.035228
  0.401971  0.036251
  0.417498  0.037225
  0.433107  0.038150
  0.448783  0.039019
  0.464509  0.039831
  0.480272  0.040581
  0.496053  0.041265
  0.511839  0.041881
  0.527613  0.042423
  0.543359  0.042890
  0.559063  0.043277
  0.574707  0.043582
  0.590277  0.043803
  0.605757  0.043937
  0.621131  0.043984
  0.636385  0.043942
  0.651503  0.043811
  0.666469  0.043591
  0.681270  0.043285
  0.695890  0.042892
  0.710315  0.042417
  0.724530  0.041861
  0.738522  0.041228
  0.752275  0.040522
  0.765777  0.039747
  0.779014  0.038908
  0.791974  0.038009
  0.804642  0.037056
  0.817006  0.036054
  0.829054  0.035008
  0.840775  0.033922
  0.852155  0.032802
  0.863185  0.031651
  0.873852  0.030475
  0.884147  0.029276
  0.894059  0.028123
  0.903579  0.026971
  0.912695  0.025825
  0.921401  0.024691
  0.929686  0.023574
  0.937544  0.022477
  0.944964  0.021406
  0.951942  0.020364
  0.958469  0.019354
  0.964539  0.018379
  0.970146  0.017442
  0.975284  0.016543
  0.979948  0.015684
  0.984134  0.014866
  0.987838  0.014088
  0.991055  0.013351
  0.993782  0.012653
  0.996018  0.011994
  0.997759  0.011371
  0.999003  0.010784
  0.999751  0.010231
  1.000000  0.009710
