  1.000000  0.012322
  0.999751  0.013240
  0.999003  0.014230
  0.997759  0.015300
  0.996018  0.016455
  0.993782  0.017702
  0.991055  0.019047
  0.987838  0.020497
  0.984134  0.022056
  0.979948  0.023732
  0.975284  0.025528
  0.970146  0.027449
  0.964539  0.029498
  0.958469  0.031678
  0.951942  0.033990
  0.944964  0.036434
  0.937544  0.039009
  0.929686  0.041713
  0.921401  0.044541
  0.912695  0.047489
  0.903579  0.050548
  0.894059  0.053714
  0.884147  0.056975
  0.873852  0.060426
  0.863185  0.063935
  0.852155  0.067491
  0.840775  0.071085
  0.829054  0.074704
  0.817006  0.078336
  0.804642  0.081969
  0.791974  0.085588
  0.779014  0.089180
  0.765777  0.092731
  0.752275  0.096225
  0.738522  0.099651
  0.724530  0.102993
  0.710315  0.106241
  0.695890  0.109381
  0.681270  0.112403
  0.666469  0.115296
  0.651503  0.118052
  0.636385  0.120661
  0.621131  0.123117
  0.605757  0.125413
  0.590277  0.127542
  0.574707  0.129499
  0.559063  0.131278
  0.543359  0.132876
  0.527613  0.134288
  0.511839  0.135510
  0.496053  0.136540
  0.480272  0.137375
  0.464509  0.138011
  0.448783  0.138447
  0.433107  0.138681
  0.417498  0.138711
  0.401971  0.138537
  0.386542  0.138159
  0.371226  0.137577
  0.356038  0.136792
  0.340994  0.135806
  0.326109  0.134620
  0.311396  0.133237
  0.296872  0.131661
  0.282550  0.129896
  0.268445  0.127946
  0.254571  0.125816
  0.240941  0.123511
  0.227570  0.121038
  0.214470  0.118402
  0.201655  0.115611
  0.189138  0.112671
  0.176930  0.109589
  0.165044  0.106373
  0.153492  0.103030
  0.142285  0.099566
  0.131435  0.095992
  0.120953  0.092315
  0.110848  0.088544
  0.101131  0.084691
  0.091812  0.080764
  0.082900  0.076775
  0.074403  0.072736
  0.066331  0.068662
  0.058691  0.064565
  0.051491  0.060463
  0.044738  0.056372
  0.038439  0.052309
  0.032600  0.048292
  0.027226  0.044341
  0.022325  0.040473
  0.017899  0.036707
  0.013954  0.033062
  0.010493  0.029553
  0.007520  0.026198
  0.005038  0.023009
  0.003050  0.020000
  0.001557  0.017181
  0.000561  0.014560
  0.000062  0.012144
  0.000062  0.009937
  0.000561  0.007940
  0.001557  0.006155
  0.003050  0.004579
  0.005038  0.003211
  0.007520  0.002045
  0.010493  0.001077
  0.013954  0.000300
  0.017899  -0.000292
  0.022325  -0.000707
  0.027226  -0.000954
  0.032600  -0.001039
  0.038439  -0.000972
  0.044738  -0.000761
  0.051491  -0.000413
  0.058691  0.000062
  0.066331  0.000657
  0.074403  0.001364
  0.082900  0.002175
  0.091812  0.003081
  0.101131  0.004075
  0.110848  0.005149
  0.120953  0.006295
  0.131435  0.007503
  0.142285  0.008768
  0.153492  0.010081
  0.165044  0.011434
  0.176930  0.012820
  0.189138  0.014231
  0.201655  0.015658
  0.214470  0.017094
  0.227570  0.018533
  0.240941  0.019966
  0.254571  0.021386
  0.268445  0.022789
  0.282550  0.024166
  0.296872  0.025514
  0.311396  0.026827
  0.326109  0.028100
  0.340994  0.029330
  0.356038  0.030512
  0.371226  0.031644
  0.386542  0.032722
  0.401971  0.033745
  0.417498  0.034708
  0.433107  0.035611
  0.448783  0.036451
  0.464509  0.037226
  0.480272  0.037933
  0.496053  0.038572
  0.511839  0.039140
  0.527613  0.039636
  0.543359  0.040057
  0.559063  0.040404
  0.574707  0.040674
  0.590277  0.040867
  0.605757  0.040982
  0.621131  0.041019
  0.636385  0.040978
  0.651503  0.040860
  0.666469  0.040666
  0.681270  0.040397
  0.695890  0.040055
  0.710315  0.039642
  0.724530  0.039161
  0.738522  0.038614
  0.752275  0.038004
  0.765777  0.037335
  0.779014  0.036611
  0.791974  0.035834
  0.804642  0.035008
  0.817006  0.034138
  0.829054  0.033226
  0.840775  0.032277
  0.852155  0.031293
  0.863185  0.030277
  0.873852  0.029233
  0.884147  0.028163
  0.894059  0.027131
  0.903579  0.026095
  0.912695  0.025059
  0.921401  0.024027
  0.929686  0.023004
  0.937544  0.021995
  0.944964  0.021004
  0.951942  0.020034
  0.958469  0.019089
  0.964539  0.018172
  0.970146  0.017285
  0.975284  0.016431
  0.979948  0.015611
  0.984134  0.014826
  0.987838  0.014077
  0.991055  0.013364
  0.993782  0.012687
  0.996018  0.012044
  0.997759  0.011436
  0.999003  0.010861
  0.999751  0.010317
  1.000000  0.009802
