  1.000000  0.011057
  0.999751  0.011923
  0.999003  0.012861
  0.997759  0.013878
  0.996018  0.014982
  0.993782  0.016179
  0.991055  0.017475
  0.987838  0.018879
  0.984134  0.020397
  0.979948  0.022036
  0.975284  0.023801
  0.970146  0.025699
  0.964539  0.027734
  0.958469  0.029910
  0.951942  0.032230
  0.944964  0.034696
  0.937544  0.037307
  0.929686  0.040063
  0.921401  0.042959
  0.912695  0.045993
  0.903579  0.049157
  0.894059  0.052445
  0.884147  0.055847
  0.873852  0.059455
  0.863185  0.063138
  0.852155  0.066886
  0.840775  0.070685
  0.829054  0.074522
  0.817006  0.078382
  0.804642  0.082249
  0.791974  0.086108
  0.779014  0.089941
  0.765777  0.093731
  0.752275  0.097462
  0.738522  0.101118
  0.724530  0.104682
  0.710315  0.108141
  0.695890  0.111480
  0.681270  0.114687
  0.666469  0.117750
  0.651503  0.120660
  0.636385  0.123407
  0.621131  0.125985
  0.605757  0.128385
  0.590277  0.130603
  0.574707  0.132634
  0.559063  0.134472
  0.543359  0.136115
  0.527613  0.137560
  0.511839  0.138804
  0.496053  0.139845
  0.480272  0.140683
  0.464509  0.141315
  0.448783  0.141742
  0.433107  0.141961
  0.417498  0.141974
  0.401971  0.141780
  0.386542  0.141380
  0.371226  0.140777
  0.356038  0.139971
  0.340994  0.138964
  0.326109  0.137758
  0.311396  0.136357
  0.296872  0.134764
  0.282550  0.132983
  0.268445  0.131018
  0.254571  0.128872
  0.240941  0.126551
  0.227570  0.124061
  0.214470  0.121406
  0.201655  0.118593
  0.189138  0.115627
  0.176930  0.112514
  0.165044  0.109261
  0.153492  0.105874
  0.142285  0.102360
  0.131435  0.098726
  0.120953  0.094982
  0.110848  0.091136
  0.101131  0.087198
  0.091812  0.083179
  0.082900  0.079090
  0.074403  0.074945
  0.066331  0.070757
  0.058691  0.066544
  0.051491  0.062322
  0.044738  0.058110
  0.038439  0.053927
  0.032600  0.049793
  0.027226  0.045730
  0.022325  0.041757
  0.017899  0.037896
  0.013954  0.034165
  0.010493  0.030585
  0.007520  0.027171
  0.005038  0.023940
  0.003050  0.020904
  0.001557  0.018074
  0.000561  0.015458
  0.000062  0.013063
  0.000062  0.010892
  0.000561  0.008945
  0.001557  0.007221
  0.003050  0.005717
  0.005038  0.004428
  0.007520  0.003348
  0.010493  0.002470
  0.013954  0.001785
  0.017899  0.001283
  0.022325  0.000954
  0.027226  0.000789
  0.032600  0.000776
  0.038439  0.000906
  0.044738  0.001169
  0.051491  0.001554
  0.058691  0.002053
  0.066331  0.002657
  0.074403  0.003356
  0.082900  0.004142
  0.091812  0.005008
  0.101131  0.005946
  0.110848  0.006949
  0.120953  0.008009
  0.131435  0.009120
  0.142285  0.010275
  0.153492  0.011471
  0.165044  0.012700
  0.176930  0.013958
  0.189138  0.015239
  0.201655  0.016538
  0.214470  0.017850
  0.227570  0.019170
  0.240941  0.020495
  0.254571  0.021818
  0.268445  0.023136
  0.282550  0.024445
  0.296872  0.025740
  0.311396  0.027018
  0.326109  0.028275
  0.340994  0.029507
  0.356038  0.030710
  0.371226  0.031880
  0.386542  0.033013
  0.401971  0.034105
  0.417498  0.035152
  0.433107  0.036149
  0.448783  0.037092
  0.464509  0.037976
  0.480272  0.038795
  0.496053  0.039546
  0.511839  0.040224
  0.527613  0.040824
  0.543359  0.041341
  0.559063  0.041771
  0.574707  0.042112
  0.590277  0.042359
  0.605757  0.042511
  0.621131  0.042565
  0.636385  0.042522
  0.651503  0.042380
  0.666469  0.042141
  0.681270  0.041806
  0.695890  0.041378
  0.710315  0.040860
  0.724530  0.040255
  0.738522  0.039568
  0.752275  0.038804
  0.765777  0.037968
  0.779014  0.037067
  0.791974  0.036107
  0.804642  0.035094
  0.817006  0.034035
  0.829054  0.032936
  0.840775  0.031802
  0.852155  0.030641
  0.863185  0.029457
  0.873852  0.028255
  0.884147  0.027040
  0.894059  0.025875
  0.903579  0.024720
  0.912695  0.023579
  0.921401  0.022458
  0.929686  0.021361
  0.937544  0.020292
  0.944964  0.019255
  0.951942  0.018253
  0.958469  0.017288
  0.964539  0.016363
  0.970146  0.015479
  0.975284  0.014636
  0.979948  0.013835
  0.984134  0.013076
  0.987838  0.012358
  0.991055  0.011680
  0.993782  0.011042
  0.996018  0.010442
  0.997759  0.009878
  0.999003  0.009348
  0.999751  0.008850
  1.000000  0.008383
