  1.000000  0.013920
  0.999751  0.014916
  0.999003  0.015987
  0.997759  0.017141
  0.996018  0.018384
  0.993782  0.019722
  0.991055  0.021161
  0.987838  0.022708
  0.984134  0.024367
  0.979948  0.026145
  0.975284  0.028045
  0.970146  0.030072
  0.964539  0.032227
  0.958469  0.034514
  0.951942  0.036932
  0.944964  0.039480
  0.937544  0.042158
  0.929686  0.044962
  0.921401  0.047887
  0.912695  0.050927
  0.903579  0.054075
  0.894059  0.057324
  0.884147  0.060664
  0.873852  0.064195
  0.863185  0.067777
  0.852155  0.071400
  0.840775  0.075055
  0.829054  0.078731
  0.817006  0.082416
  0.804642  0.086098
  0.791974  0.089765
  0.779014  0.093402
  0.765777  0.096998
  0.752275  0.100538
  0.738522  0.104011
  0.724530  0.107401
  0.710315  0.110699
  0.695890  0.113892
  0.681270  0.116970
  0.666469  0.119921
  0.651503  0.122737
  0.636385  0.125410
  0.621131  0.127930
  0.605757  0.130291
  0.590277  0.132486
  0.574707  0.134508
  0.559063  0.136350
  0.543359  0.138009
  0.527613  0.139477
  0.511839  0.140751
  0.496053  0.141826
  0.480272  0.142698
  0.464509  0.143363
  0.448783  0.143818
  0.433107  0.144059
  0.417498  0.144086
  0.401971  0.143895
  0.386542  0.143487
  0.371226  0.142862
  0.356038  0.142019
  0.340994  0.140962
  0.326109  0.139690
  0.311396  0.138209
  0.296872  0.136520
  0.282550  0.134630
  0.268445  0.132543
  0.254571  0.130265
  0.240941  0.127803
  0.227570  0.125164
  0.214470  0.122355
  0.201655  0.119385
  0.189138  0.116261
  0.176930  0.112993
  0.165044  0.109588
  0.153492  0.106056
  0.142285  0.102406
  0.131435  0.098646
  0.120953  0.094787
  0.110848  0.090838
  0.101131  0.086812
  0.091812  0.082719
  0.082900  0.078570
  0.074403  0.074378
  0.066331  0.070158
  0.058691  0.065924
  0.051491  0.061692
  0.044738  0.057478
  0.038439  0.053301
  0.032600  0.049177
  0.027226  0.045126
  0.022325  0.041165
  0.017899  0.037313
  0.013954  0.033588
  0.010493  0.030005
  0.007520  0.026580
  0.005038  0.023327
  0.003050  0.020259
  0.001557  0.017384
  0.000561  0.014712
  0.000062  0.012247
  0.000062  0.009995
  0.000561  0.007957
  0.001557  0.006133
  0.003050  0.004521
  0.005038  0.003118
  0.007520  0.001920
  0.010493  0.000923
  0.013954  0.000119
  0.017899  -0.000498
  0.022325  -0.000936
  0.027226  -0.001204
  0.032600  -0.001308
  0.038439  -0.001258
  0.044738  -0.001062
  0.051491  -0.000728
  0.058691  -0.000265
  0.066331  0.000321
  0.074403  0.001019
  0.082900  0.001823
  0.091812  0.002723
  0.101131  0.003713
  0.110848  0.004783
  0.120953  0.005927
  0.131435  0.007134
  0.142285  0.008398
  0.153492  0.009710
  0.165044  0.011064
  0.176930  0.012450
  0.189138  0.013861
  0.201655  0.015288
  0.214470  0.016725
  0.227570  0.018164
  0.240941  0.019597
  0.254571  0.021018
  0.268445  0.022421
  0.282550  0.023799
  0.296872  0.025148
  0.311396  0.026462
  0.326109  0.027738
  0.340994  0.028971
  0.356038  0.030159
  0.371226  0.031298
  0.386542  0.032386
  0.401971  0.033422
  0.417498  0.034402
  0.433107  0.035326
  0.448783  0.036191
  0.464509  0.036996
  0.480272  0.037741
  0.496053  0.038422
  0.511839  0.039040
  0.527613  0.039593
  0.543359  0.040079
  0.559063  0.040498
  0.574707  0.040848
  0.590277  0.041129
  0.605757  0.041340
  0.621131  0.041481
  0.636385  0.041551
  0.651503  0.041550
  0.666469  0.041479
  0.681270  0.041339
  0.695890  0.041130
  0.710315  0.040854
  0.724530  0.040512
  0.738522  0.040105
  0.752275  0.039637
  0.765777  0.039107
  0.779014  0.038520
  0.791974  0.037876
  0.804642  0.037179
  0.817006  0.036431
  0.829054  0.035634
  0.840775  0.034789
  0.852155  0.033900
  0.863185  0.032968
  0.873852  0.031995
  0.884147  0.030981
  0.894059  0.029999
  0.903579  0.028999
  0.912695  0.027986
  0.921401  0.026965
  0.929686  0.025941
  0.937544  0.024919
  0.944964  0.023903
  0.951942  0.022899
  0.958469  0.021910
  0.964539  0.020941
  0.970146  0.019995
  0.975284  0.019076
  0.979948  0.018186
  0.984134  0.017328
  0.987838  0.016502
  0.991055  0.015711
  0.993782  0.014955
  0.996018  0.014233
  0.997759  0.013545
  0.999003  0.012892
  0.999751  0.012270
  1.000000  0.011681
