  1.000000  0.000002
  0.995720  0.000583
  0.982960  0.002219
  0.961940  0.004712
  0.933010  0.007843
  0.896680  0.011492
  0.853550  0.015537
  0.804380  0.019877
  0.750000  0.024388
  0.691340  0.028908
  0.629410  0.033283
  0.565260  0.037331
  0.500000  0.040870
  0.434740  0.043709
  0.370590  0.045678
  0.339280  0.046348
  0.308660  0.046737
  0.278860  0.046822
  0.250000  0.046568
  0.222210  0.045987
  0.195620  0.045098
  0.170330  0.043723
  0.146450  0.041837
  0.124080  0.039504
  0.103320  0.036830
  0.084270  0.033962
  0.066990  0.030946
  0.051560  0.027714
  0.038060  0.024273
  0.026530  0.020541
  0.017040  0.016488
  0.009610  0.012141
  0.004280  0.007670
  0.001070  0.003490
  0.000000  -0.000000
  0.001070  -0.003490
  0.004280  -0.007672
  0.009610  -0.012206
  0.017040  -0.016805
  0.026530  -0.021080
  0.038060  -0.024929
  0.051560  -0.028399
  0.066990  -0.031546
  0.084270  -0.034585
  0.103320  -0.037511
  0.124080  -0.040066
  0.146450  -0.042073
  0.170330  -0.043561
  0.195620  -0.044650
  0.222210  -0.045560
  0.250000  -0.046166
  0.278860  -0.046492
  0.308660  -0.046515
  0.339280  -0.046257
  0.370590  -0.045727
  0.434740  -0.043893
  0.500000  -0.041172
  0.565260  -0.037724
  0.629410  -0.033733
  0.691340  -0.029377
  0.750000  -0.024838
  0.804380  -0.020273
  0.853550  -0.015854
  0.896680  -0.011715
  0.933010  -0.007975
  0.961940  -0.004769
  0.982960  -0.002228
  0.995720  -0.000577
  1.000000  0.000000
