1.000000 0.099800 0.004560 
3.000000 0.339600 0.006510 
5.000000 0.609300 0.009430 
1.000000 0.096600 0.004560 
3.000000 0.328000 0.006430 
5.000000 0.597300 0.009430 
1.000000 0.099600 0.004560 
3.000000 0.324800 0.006350 
5.000000 0.593100 0.009380 
1.000000 0.098400 0.004570 
3.000000 0.322200 0.006330 
5.000000 0.583300 0.009350 
1.000000 0.099100 0.004580 
1.000000 0.098500 0.004590 
3.000000 0.313700 0.006250 
5.000000 0.567600 0.009250 
1.000000 0.144600 0.004650 
3.000000 0.343100 0.006100 
5.000000 0.590600 0.008980 
1.000000 0.152000 0.004670 
3.000000 0.348900 0.006050 
5.000000 0.594500 0.008910 
1.000000 0.154800 0.004690 
3.000000 0.351600 0.006050 
1.000000 0.155800 0.004700 
3.000000 0.351600 0.006040 
5.000000 0.585500 0.008790 
