  1.000000  0.011523
  0.999751  0.012353
  0.999003  0.013246
  0.997759  0.014210
  0.996018  0.015248
  0.993782  0.016367
  0.991055  0.017571
  0.987838  0.018866
  0.984134  0.020257
  0.979948  0.021748
  0.975284  0.023343
  0.970146  0.025046
  0.964539  0.026859
  0.958469  0.028783
  0.951942  0.030820
  0.944964  0.032969
  0.937544  0.035228
  0.929686  0.037595
  0.921401  0.040066
  0.912695  0.042634
  0.903579  0.045295
  0.894059  0.048041
  0.884147  0.050863
  0.873852  0.053844
  0.863185  0.056865
  0.852155  0.059919
  0.840775  0.062994
  0.829054  0.066080
  0.817006  0.069167
  0.804642  0.072242
  0.791974  0.075293
  0.779014  0.078307
  0.765777  0.081273
  0.752275  0.084177
  0.738522  0.087007
  0.724530  0.089752
  0.710315  0.092401
  0.695890  0.094945
  0.681270  0.097374
  0.666469  0.099680
  0.651503  0.101857
  0.636385  0.103898
  0.621131  0.105798
  0.605757  0.107553
  0.590277  0.109161
  0.574707  0.110617
  0.559063  0.111921
  0.543359  0.113070
  0.527613  0.114063
  0.511839  0.114901
  0.496053  0.115582
  0.480272  0.116108
  0.464509  0.116477
  0.448783  0.116691
  0.433107  0.116751
  0.417498  0.116656
  0.401971  0.116408
  0.386542  0.116009
  0.371226  0.115459
  0.356038  0.114761
  0.340994  0.113914
  0.326109  0.112922
  0.311396  0.111784
  0.296872  0.110504
  0.282550  0.109084
  0.268445  0.107524
  0.254571  0.105829
  0.240941  0.103998
  0.227570  0.102037
  0.214470  0.099946
  0.201655  0.097729
  0.189138  0.095388
  0.176930  0.092927
  0.165044  0.090349
  0.153492  0.087657
  0.142285  0.084856
  0.131435  0.081950
  0.120953  0.078944
  0.110848  0.075846
  0.101131  0.072662
  0.091812  0.069400
  0.082900  0.066070
  0.074403  0.062682
  0.066331  0.059248
  0.058691  0.055782
  0.051491  0.052299
  0.044738  0.048813
  0.038439  0.045344
  0.032600  0.041907
  0.027226  0.038522
  0.022325  0.035207
  0.017899  0.031980
  0.013954  0.028858
  0.010493  0.025859
  0.007520  0.022998
  0.005038  0.020288
  0.003050  0.017741
  0.001557  0.015367
  0.000561  0.013174
  0.000062  0.011166
  0.000062  0.009347
  0.000561  0.007718
  0.001557  0.006277
  0.003050  0.005022
  0.005038  0.003948
  0.007520  0.003051
  0.010493  0.002323
  0.013954  0.001757
  0.017899  0.001345
  0.022325  0.001077
  0.027226  0.000946
  0.032600  0.000941
  0.038439  0.001054
  0.044738  0.001276
  0.051491  0.001599
  0.058691  0.002015
  0.066331  0.002516
  0.074403  0.003094
  0.082900  0.003743
  0.091812  0.004456
  0.101131  0.005226
  0.110848  0.006049
  0.120953  0.006917
  0.131435  0.007827
  0.142285  0.008772
  0.153492  0.009750
  0.165044  0.010756
  0.176930  0.011786
  0.189138  0.012836
  0.201655  0.013902
  0.214470  0.014982
  0.227570  0.016070
  0.240941  0.017165
  0.254571  0.018263
  0.268445  0.019361
  0.282550  0.020455
  0.296872  0.021544
  0.311396  0.022623
  0.326109  0.023691
  0.340994  0.024744
  0.356038  0.025778
  0.371226  0.026792
  0.386542  0.027780
  0.401971  0.028741
  0.417498  0.029669
  0.433107  0.030562
  0.448783  0.031414
  0.464509  0.032221
  0.480272  0.032980
  0.496053  0.033685
  0.511839  0.034332
  0.527613  0.034916
  0.543359  0.035433
  0.559063  0.035879
  0.574707  0.036250
  0.590277  0.036543
  0.605757  0.036754
  0.621131  0.036883
  0.636385  0.036927
  0.651503  0.036886
  0.666469  0.036760
  0.681270  0.036549
  0.695890  0.036254
  0.710315  0.035879
  0.724530  0.035426
  0.738522  0.034897
  0.752275  0.034298
  0.765777  0.033632
  0.779014  0.032905
  0.791974  0.032121
  0.804642  0.031286
  0.817006  0.030406
  0.829054  0.029485
  0.840775  0.028529
  0.852155  0.027543
  0.863185  0.026532
  0.873852  0.025500
  0.884147  0.024451
  0.894059  0.023443
  0.903579  0.022439
  0.912695  0.021443
  0.921401  0.020460
  0.929686  0.019496
  0.937544  0.018553
  0.944964  0.017635
  0.951942  0.016745
  0.958469  0.015886
  0.964539  0.015059
  0.970146  0.014267
  0.975284  0.013510
  0.979948  0.012789
  0.984134  0.012104
  0.987838  0.011455
  0.991055  0.010841
  0.993782  0.010262
  0.996018  0.009716
  0.997759  0.009202
  0.999003  0.008718
  0.999751  0.008263
  1.000000  0.007835
