  1.000000  0.011111
  0.999751  0.011928
  0.999003  0.012810
  0.997759  0.013761
  0.996018  0.014787
  0.993782  0.015895
  0.991055  0.017089
  0.987838  0.018375
  0.984134  0.019757
  0.979948  0.021242
  0.975284  0.022832
  0.970146  0.024531
  0.964539  0.026343
  0.958469  0.028269
  0.951942  0.030311
  0.944964  0.032467
  0.937544  0.034738
  0.929686  0.037119
  0.921401  0.039607
  0.912695  0.042197
  0.903579  0.044882
  0.894059  0.047655
  0.884147  0.050508
  0.873852  0.053522
  0.863185  0.056579
  0.852155  0.059669
  0.840775  0.062782
  0.829054  0.065907
  0.817006  0.069031
  0.804642  0.072143
  0.791974  0.075228
  0.779014  0.078274
  0.765777  0.081266
  0.752275  0.084193
  0.738522  0.087041
  0.724530  0.089798
  0.710315  0.092454
  0.695890  0.094997
  0.681270  0.097420
  0.666469  0.099714
  0.651503  0.101872
  0.636385  0.103890
  0.621131  0.105763
  0.605757  0.107487
  0.590277  0.109060
  0.574707  0.110481
  0.559063  0.111747
  0.543359  0.112860
  0.527613  0.113819
  0.511839  0.114625
  0.496053  0.115279
  0.480272  0.115782
  0.464509  0.116136
  0.448783  0.116343
  0.433107  0.116403
  0.417498  0.116318
  0.401971  0.116090
  0.386542  0.115722
  0.371226  0.115213
  0.356038  0.114567
  0.340994  0.113784
  0.326109  0.112865
  0.311396  0.111810
  0.296872  0.110622
  0.282550  0.109301
  0.268445  0.107848
  0.254571  0.106263
  0.240941  0.104546
  0.227570  0.102700
  0.214470  0.100725
  0.201655  0.098620
  0.189138  0.096388
  0.176930  0.094029
  0.165044  0.091545
  0.153492  0.088937
  0.142285  0.086208
  0.131435  0.083362
  0.120953  0.080402
  0.110848  0.077335
  0.101131  0.074168
  0.091812  0.070909
  0.082900  0.067567
  0.074403  0.064153
  0.066331  0.060682
  0.058691  0.057168
  0.051491  0.053628
  0.044738  0.050081
  0.038439  0.046546
  0.032600  0.043045
  0.027226  0.039597
  0.022325  0.036226
  0.017899  0.032951
  0.013954  0.029794
  0.010493  0.026773
  0.007520  0.023906
  0.005038  0.021208
  0.003050  0.018692
  0.001557  0.016367
  0.000561  0.014243
  0.000062  0.012322
  0.000062  0.010607
  0.000561  0.009098
  0.001557  0.007790
  0.003050  0.006679
  0.005038  0.005757
  0.007520  0.005016
  0.010493  0.004447
  0.013954  0.004038
  0.017899  0.003778
  0.022325  0.003656
  0.027226  0.003659
  0.032600  0.003775
  0.038439  0.003993
  0.044738  0.004302
  0.051491  0.004693
  0.058691  0.005155
  0.066331  0.005679
  0.074403  0.006259
  0.082900  0.006886
  0.091812  0.007554
  0.101131  0.008257
  0.110848  0.008990
  0.120953  0.009748
  0.131435  0.010526
  0.142285  0.011323
  0.153492  0.012134
  0.165044  0.012959
  0.176930  0.013795
  0.189138  0.014640
  0.201655  0.015492
  0.214470  0.016350
  0.227570  0.017212
  0.240941  0.018076
  0.254571  0.018940
  0.268445  0.019804
  0.282550  0.020666
  0.296872  0.021524
  0.311396  0.022376
  0.326109  0.023221
  0.340994  0.024056
  0.356038  0.024879
  0.371226  0.025688
  0.386542  0.026480
  0.401971  0.027251
  0.417498  0.027999
  0.433107  0.028718
  0.448783  0.029407
  0.464509  0.030059
  0.480272  0.030672
  0.496053  0.031239
  0.511839  0.031757
  0.527613  0.032221
  0.543359  0.032627
  0.559063  0.032970
  0.574707  0.033246
  0.590277  0.033453
  0.605757  0.033585
  0.621131  0.033643
  0.636385  0.033622
  0.651503  0.033524
  0.666469  0.033346
  0.681270  0.033090
  0.695890  0.032757
  0.710315  0.032348
  0.724530  0.031867
  0.738522  0.031316
  0.752275  0.030700
  0.765777  0.030022
  0.779014  0.029289
  0.791974  0.028506
  0.804642  0.027677
  0.817006  0.026809
  0.829054  0.025908
  0.840775  0.024979
  0.852155  0.024027
  0.863185  0.023057
  0.873852  0.022074
  0.884147  0.021083
  0.894059  0.020134
  0.903579  0.019195
  0.912695  0.018269
  0.921401  0.017363
  0.929686  0.016478
  0.937544  0.015619
  0.944964  0.014789
  0.951942  0.013989
  0.958469  0.013222
  0.964539  0.012489
  0.970146  0.011790
  0.975284  0.011127
  0.979948  0.010498
  0.984134  0.009905
  0.987838  0.009345
  0.991055  0.008818
  0.993782  0.008324
  0.996018  0.007860
  0.997759  0.007425
  0.999003  0.007017
  0.999751  0.006635
  1.000000  0.006277
