  1.000000  0.012416
  0.999751  0.013288
  0.999003  0.014225
  0.997759  0.015234
  0.996018  0.016320
  0.993782  0.017488
  0.991055  0.018744
  0.987838  0.020092
  0.984134  0.021537
  0.979948  0.023085
  0.975284  0.024737
  0.970146  0.026499
  0.964539  0.028371
  0.958469  0.030356
  0.951942  0.032453
  0.944964  0.034663
  0.937544  0.036982
  0.929686  0.039408
  0.921401  0.041937
  0.912695  0.044562
  0.903579  0.047278
  0.894059  0.050076
  0.884147  0.052949
  0.873852  0.055982
  0.863185  0.059051
  0.852155  0.062149
  0.840775  0.065264
  0.829054  0.068388
  0.817006  0.071509
  0.804642  0.074614
  0.791974  0.077692
  0.779014  0.080731
  0.765777  0.083718
  0.752275  0.086641
  0.738522  0.089487
  0.724530  0.092246
  0.710315  0.094906
  0.695890  0.097459
  0.681270  0.099894
  0.666469  0.102204
  0.651503  0.104382
  0.636385  0.106423
  0.621131  0.108320
  0.605757  0.110071
  0.590277  0.111671
  0.574707  0.113119
  0.559063  0.114411
  0.543359  0.115546
  0.527613  0.116524
  0.511839  0.117344
  0.496053  0.118006
  0.480272  0.118510
  0.464509  0.118856
  0.448783  0.119045
  0.433107  0.119077
  0.417498  0.118954
  0.401971  0.118675
  0.386542  0.118244
  0.371226  0.117660
  0.356038  0.116926
  0.340994  0.116042
  0.326109  0.115011
  0.311396  0.113834
  0.296872  0.112513
  0.282550  0.111050
  0.268445  0.109446
  0.254571  0.107705
  0.240941  0.105829
  0.227570  0.103819
  0.214470  0.101680
  0.201655  0.099413
  0.189138  0.097021
  0.176930  0.094509
  0.165044  0.091878
  0.153492  0.089132
  0.142285  0.086276
  0.131435  0.083314
  0.120953  0.080252
  0.110848  0.077097
  0.101131  0.073856
  0.091812  0.070537
  0.082900  0.067149
  0.074403  0.063702
  0.066331  0.060210
  0.058691  0.056686
  0.051491  0.053145
  0.044738  0.049602
  0.038439  0.046076
  0.032600  0.042584
  0.027226  0.039145
  0.022325  0.035777
  0.017899  0.032500
  0.013954  0.029330
  0.010493  0.026285
  0.007520  0.023380
  0.005038  0.020630
  0.003050  0.018046
  0.001557  0.015639
  0.000561  0.013416
  0.000062  0.011382
  0.000062  0.009542
  0.000561  0.007895
  0.001557  0.006441
  0.003050  0.005178
  0.005038  0.004100
  0.007520  0.003203
  0.010493  0.002480
  0.013954  0.001924
  0.017899  0.001526
  0.022325  0.001276
  0.027226  0.001167
  0.032600  0.001189
  0.038439  0.001333
  0.044738  0.001589
  0.051491  0.001950
  0.058691  0.002407
  0.066331  0.002952
  0.074403  0.003578
  0.082900  0.004277
  0.091812  0.005043
  0.101131  0.005869
  0.110848  0.006749
  0.120953  0.007677
  0.131435  0.008647
  0.142285  0.009655
  0.153492  0.010696
  0.165044  0.011767
  0.176930  0.012861
  0.189138  0.013976
  0.201655  0.015108
  0.214470  0.016252
  0.227570  0.017404
  0.240941  0.018562
  0.254571  0.019721
  0.268445  0.020878
  0.282550  0.022030
  0.296872  0.023174
  0.311396  0.024306
  0.326109  0.025423
  0.340994  0.026523
  0.356038  0.027601
  0.371226  0.028655
  0.386542  0.029680
  0.401971  0.030674
  0.417498  0.031631
  0.433107  0.032549
  0.448783  0.033423
  0.464509  0.034247
  0.480272  0.035019
  0.496053  0.035732
  0.511839  0.036383
  0.527613  0.036967
  0.543359  0.037479
  0.559063  0.037916
  0.574707  0.038274
  0.590277  0.038549
  0.605757  0.038739
  0.621131  0.038843
  0.636385  0.038858
  0.651503  0.038784
  0.666469  0.038621
  0.681270  0.038370
  0.695890  0.038034
  0.710315  0.037613
  0.724530  0.037112
  0.738522  0.036534
  0.752275  0.035884
  0.765777  0.035165
  0.779014  0.034383
  0.791974  0.033544
  0.804642  0.032653
  0.817006  0.031717
  0.829054  0.030739
  0.840775  0.029727
  0.852155  0.028685
  0.863185  0.027618
  0.873852  0.026530
  0.884147  0.025427
  0.894059  0.024368
  0.903579  0.023313
  0.912695  0.022269
  0.921401  0.021239
  0.929686  0.020229
  0.937544  0.019243
  0.944964  0.018283
  0.951942  0.017354
  0.958469  0.016458
  0.964539  0.015596
  0.970146  0.014770
  0.975284  0.013982
  0.979948  0.013231
  0.984134  0.012519
  0.987838  0.011844
  0.991055  0.011206
  0.993782  0.010604
  0.996018  0.010037
  0.997759  0.009503
  0.999003  0.009001
  0.999751  0.008529
  1.000000  0.008086
