  1.000000  0.012538
  0.999751  0.013403
  0.999003  0.014333
  0.997759  0.015332
  0.996018  0.016405
  0.993782  0.017559
  0.991055  0.018798
  0.987838  0.020126
  0.984134  0.021548
  0.979948  0.023069
  0.975284  0.024691
  0.970146  0.026417
  0.964539  0.028249
  0.958469  0.030189
  0.951942  0.032236
  0.944964  0.034389
  0.937544  0.036647
  0.929686  0.039006
  0.921401  0.041462
  0.912695  0.044009
  0.903579  0.046641
  0.894059  0.049351
  0.884147  0.052131
  0.873852  0.055066
  0.863185  0.058035
  0.852155  0.061029
  0.840775  0.064042
  0.829054  0.067062
  0.817006  0.070082
  0.804642  0.073090
  0.791974  0.076075
  0.779014  0.079026
  0.765777  0.081933
  0.752275  0.084784
  0.738522  0.087569
  0.724530  0.090277
  0.710315  0.092898
  0.695890  0.095424
  0.681270  0.097845
  0.666469  0.100155
  0.651503  0.102347
  0.636385  0.104414
  0.621131  0.106352
  0.605757  0.108155
  0.590277  0.109820
  0.574707  0.111343
  0.559063  0.112720
  0.543359  0.113950
  0.527613  0.115031
  0.511839  0.115959
  0.496053  0.116735
  0.480272  0.117355
  0.464509  0.117821
  0.448783  0.118129
  0.433107  0.118280
  0.417498  0.118273
  0.401971  0.118107
  0.386542  0.117784
  0.371226  0.117304
  0.356038  0.116666
  0.340994  0.115873
  0.326109  0.114923
  0.311396  0.113819
  0.296872  0.112563
  0.282550  0.111155
  0.268445  0.109598
  0.254571  0.107893
  0.240941  0.106045
  0.227570  0.104054
  0.214470  0.101925
  0.201655  0.099661
  0.189138  0.097264
  0.176930  0.094738
  0.165044  0.092087
  0.153492  0.089315
  0.142285  0.086428
  0.131435  0.083430
  0.120953  0.080328
  0.110848  0.077130
  0.101131  0.073844
  0.091812  0.070479
  0.082900  0.067046
  0.074403  0.063556
  0.066331  0.060024
  0.058691  0.056463
  0.051491  0.052891
  0.044738  0.049326
  0.038439  0.045786
  0.032600  0.042290
  0.027226  0.038860
  0.022325  0.035514
  0.017899  0.032274
  0.013954  0.029156
  0.010493  0.026181
  0.007520  0.023362
  0.005038  0.020715
  0.003050  0.018251
  0.001557  0.015980
  0.000561  0.013909
  0.000062  0.012042
  0.000062  0.010379
  0.000561  0.008922
  0.001557  0.007665
  0.003050  0.006605
  0.005038  0.005733
  0.007520  0.005043
  0.010493  0.004525
  0.013954  0.004168
  0.017899  0.003962
  0.022325  0.003894
  0.027226  0.003953
  0.032600  0.004128
  0.038439  0.004407
  0.044738  0.004780
  0.051491  0.005237
  0.058691  0.005768
  0.066331  0.006365
  0.074403  0.007020
  0.082900  0.007724
  0.091812  0.008473
  0.101131  0.009259
  0.110848  0.010079
  0.120953  0.010927
  0.131435  0.011799
  0.142285  0.012693
  0.153492  0.013605
  0.165044  0.014536
  0.176930  0.015481
  0.189138  0.016441
  0.201655  0.017414
  0.214470  0.018398
  0.227570  0.019393
  0.240941  0.020398
  0.254571  0.021411
  0.268445  0.022432
  0.282550  0.023460
  0.296872  0.024493
  0.311396  0.025530
  0.326109  0.026569
  0.340994  0.027608
  0.356038  0.028645
  0.371226  0.029676
  0.386542  0.030697
  0.401971  0.031705
  0.417498  0.032695
  0.433107  0.033661
  0.448783  0.034598
  0.464509  0.035500
  0.480272  0.036360
  0.496053  0.037171
  0.511839  0.037925
  0.527613  0.038617
  0.543359  0.039238
  0.559063  0.039781
  0.574707  0.040241
  0.590277  0.040610
  0.605757  0.040883
  0.621131  0.041056
  0.636385  0.041126
  0.651503  0.041089
  0.666469  0.040944
  0.681270  0.040691
  0.695890  0.040330
  0.710315  0.039863
  0.724530  0.039294
  0.738522  0.038627
  0.752275  0.037866
  0.765777  0.037020
  0.779014  0.036094
  0.791974  0.035096
  0.804642  0.034035
  0.817006  0.032919
  0.829054  0.031756
  0.840775  0.030556
  0.852155  0.029326
  0.863185  0.028075
  0.873852  0.026808
  0.884147  0.025534
  0.894059  0.024314
  0.903579  0.023109
  0.912695  0.021927
  0.921401  0.020773
  0.929686  0.019652
  0.937544  0.018567
  0.944964  0.017523
  0.951942  0.016522
  0.958469  0.015566
  0.964539  0.014657
  0.970146  0.013795
  0.975284  0.012980
  0.979948  0.012211
  0.984134  0.011488
  0.987838  0.010809
  0.991055  0.010173
  0.993782  0.009578
  0.996018  0.009022
  0.997759  0.008503
  0.999003  0.008018
  0.999751  0.007565
  1.000000  0.007142
