  1.000000  0.012662
  0.999751  0.013543
  0.999003  0.014490
  0.997759  0.015509
  0.996018  0.016604
  0.993782  0.017782
  0.991055  0.019048
  0.987838  0.020405
  0.984134  0.021860
  0.979948  0.023417
  0.975284  0.025078
  0.970146  0.026848
  0.964539  0.028727
  0.958469  0.030718
  0.951942  0.032821
  0.944964  0.035035
  0.937544  0.037357
  0.929686  0.039785
  0.921401  0.042314
  0.912695  0.044939
  0.903579  0.047652
  0.894059  0.050447
  0.884147  0.053315
  0.873852  0.056342
  0.863185  0.059405
  0.852155  0.062495
  0.840775  0.065602
  0.829054  0.068717
  0.817006  0.071829
  0.804642  0.074925
  0.791974  0.077996
  0.779014  0.081028
  0.765777  0.084008
  0.752275  0.086926
  0.738522  0.089769
  0.724530  0.092526
  0.710315  0.095187
  0.695890  0.097741
  0.681270  0.100179
  0.666469  0.102493
  0.651503  0.104677
  0.636385  0.106723
  0.621131  0.108627
  0.605757  0.110384
  0.590277  0.111989
  0.574707  0.113440
  0.559063  0.114733
  0.543359  0.115867
  0.527613  0.116841
  0.511839  0.117652
  0.496053  0.118300
  0.480272  0.118785
  0.464509  0.119106
  0.448783  0.119264
  0.433107  0.119258
  0.417498  0.119090
  0.401971  0.118759
  0.386542  0.118268
  0.371226  0.117617
  0.356038  0.116809
  0.340994  0.115845
  0.326109  0.114726
  0.311396  0.113456
  0.296872  0.112036
  0.282550  0.110469
  0.268445  0.108758
  0.254571  0.106907
  0.240941  0.104918
  0.227570  0.102795
  0.214470  0.100542
  0.201655  0.098163
  0.189138  0.095661
  0.176930  0.093041
  0.165044  0.090308
  0.153492  0.087465
  0.142285  0.084519
  0.131435  0.081475
  0.120953  0.078340
  0.110848  0.075122
  0.101131  0.071829
  0.091812  0.068469
  0.082900  0.065054
  0.074403  0.061596
  0.066331  0.058106
  0.058691  0.054599
  0.051491  0.051091
  0.044738  0.047600
  0.038439  0.044142
  0.032600  0.040736
  0.027226  0.037401
  0.022325  0.034156
  0.017899  0.031018
  0.013954  0.028006
  0.010493  0.025137
  0.007520  0.022424
  0.005038  0.019881
  0.003050  0.017519
  0.001557  0.015346
  0.000561  0.013368
  0.000062  0.011589
  0.000062  0.010011
  0.000561  0.008630
  0.001557  0.007446
  0.003050  0.006450
  0.005038  0.005638
  0.007520  0.005002
  0.010493  0.004531
  0.013954  0.004216
  0.017899  0.004046
  0.022325  0.004010
  0.027226  0.004096
  0.032600  0.004293
  0.038439  0.004590
  0.044738  0.004978
  0.051491  0.005445
  0.058691  0.005984
  0.066331  0.006585
  0.074403  0.007241
  0.082900  0.007944
  0.091812  0.008689
  0.101131  0.009469
  0.110848  0.010279
  0.120953  0.011115
  0.131435  0.011972
  0.142285  0.012847
  0.153492  0.013738
  0.165044  0.014642
  0.176930  0.015558
  0.189138  0.016482
  0.201655  0.017414
  0.214470  0.018351
  0.227570  0.019292
  0.240941  0.020236
  0.254571  0.021180
  0.268445  0.022124
  0.282550  0.023065
  0.296872  0.024003
  0.311396  0.024936
  0.326109  0.025862
  0.340994  0.026779
  0.356038  0.027685
  0.371226  0.028578
  0.386542  0.029455
  0.401971  0.030312
  0.417498  0.031148
  0.433107  0.031958
  0.448783  0.032739
  0.464509  0.033487
  0.480272  0.034197
  0.496053  0.034865
  0.511839  0.035487
  0.527613  0.036057
  0.543359  0.036573
  0.559063  0.037029
  0.574707  0.037420
  0.590277  0.037745
  0.605757  0.037998
  0.621131  0.038177
  0.636385  0.038280
  0.651503  0.038304
  0.666469  0.038250
  0.681270  0.038115
  0.695890  0.037901
  0.710315  0.037607
  0.724530  0.037237
  0.738522  0.036791
  0.752275  0.036272
  0.765777  0.035685
  0.779014  0.035031
  0.791974  0.034317
  0.804642  0.033545
  0.817006  0.032720
  0.829054  0.031848
  0.840775  0.030932
  0.852155  0.029978
  0.863185  0.028988
  0.873852  0.027968
  0.884147  0.026921
  0.894059  0.025910
  0.903579  0.024894
  0.912695  0.023879
  0.921401  0.022869
  0.929686  0.021870
  0.937544  0.020885
  0.944964  0.019920
  0.951942  0.018979
  0.958469  0.018063
  0.964539  0.017177
  0.970146  0.016322
  0.975284  0.015501
  0.979948  0.014715
  0.984134  0.013964
  0.987838  0.013248
  0.991055  0.012569
  0.993782  0.011924
  0.996018  0.011315
  0.997759  0.010738
  0.999003  0.010193
  0.999751  0.009679
  1.000000  0.009194
