  1.000000  0.012506
  0.999751  0.013374
  0.999003  0.014307
  0.997759  0.015310
  0.996018  0.016389
  0.993782  0.017548
  0.991055  0.018793
  0.987838  0.020129
  0.984134  0.021560
  0.979948  0.023090
  0.975284  0.024723
  0.970146  0.026462
  0.964539  0.028308
  0.958469  0.030263
  0.951942  0.032327
  0.944964  0.034499
  0.937544  0.036778
  0.929686  0.039159
  0.921401  0.041639
  0.912695  0.044212
  0.903579  0.046872
  0.894059  0.049612
  0.884147  0.052424
  0.873852  0.055393
  0.863185  0.058397
  0.852155  0.061429
  0.840775  0.064481
  0.829054  0.067541
  0.817006  0.070602
  0.804642  0.073652
  0.791974  0.076680
  0.779014  0.079675
  0.765777  0.082626
  0.752275  0.085521
  0.738522  0.088350
  0.724530  0.091101
  0.710315  0.093765
  0.695890  0.096333
  0.681270  0.098796
  0.666469  0.101145
  0.651503  0.103375
  0.636385  0.105478
  0.621131  0.107449
  0.605757  0.109284
  0.590277  0.110978
  0.574707  0.112526
  0.559063  0.113926
  0.543359  0.115175
  0.527613  0.116270
  0.511839  0.117210
  0.496053  0.117992
  0.480272  0.118614
  0.464509  0.119077
  0.448783  0.119378
  0.433107  0.119516
  0.417498  0.119491
  0.401971  0.119304
  0.386542  0.118953
  0.371226  0.118439
  0.356038  0.117764
  0.340994  0.116929
  0.326109  0.115933
  0.311396  0.114780
  0.296872  0.113471
  0.282550  0.112009
  0.268445  0.110397
  0.254571  0.108637
  0.240941  0.106733
  0.227570  0.104688
  0.214470  0.102508
  0.201655  0.100195
  0.189138  0.097755
  0.176930  0.095191
  0.165044  0.092508
  0.153492  0.089712
  0.142285  0.086808
  0.131435  0.083801
  0.120953  0.080697
  0.110848  0.077505
  0.101131  0.074231
  0.091812  0.070883
  0.082900  0.067471
  0.074403  0.064006
  0.066331  0.060497
  0.058691  0.056959
  0.051491  0.053404
  0.044738  0.049847
  0.038439  0.046304
  0.032600  0.042791
  0.027226  0.039325
  0.022325  0.035922
  0.017899  0.032599
  0.013954  0.029373
  0.010493  0.026260
  0.007520  0.023273
  0.005038  0.020426
  0.003050  0.017730
  0.001557  0.015197
  0.000561  0.012834
  0.000062  0.010647
  0.000062  0.008642
  0.000561  0.006820
  0.001557  0.005183
  0.003050  0.003730
  0.005038  0.002460
  0.007520  0.001370
  0.010493  0.000456
  0.013954  -0.000287
  0.017899  -0.000863
  0.022325  -0.001281
  0.027226  -0.001545
  0.032600  -0.001662
  0.038439  -0.001640
  0.044738  -0.001485
  0.051491  -0.001203
  0.058691  -0.000803
  0.066331  -0.000291
  0.074403  0.000327
  0.082900  0.001044
  0.091812  0.001853
  0.101131  0.002747
  0.110848  0.003721
  0.120953  0.004767
  0.131435  0.005879
  0.142285  0.007052
  0.153492  0.008279
  0.165044  0.009555
  0.176930  0.010874
  0.189138  0.012230
  0.201655  0.013619
  0.214470  0.015033
  0.227570  0.016469
  0.240941  0.017921
  0.254571  0.019384
  0.268445  0.020854
  0.282550  0.022325
  0.296872  0.023793
  0.311396  0.025254
  0.326109  0.026703
  0.340994  0.028136
  0.356038  0.029547
  0.371226  0.030933
  0.386542  0.032287
  0.401971  0.033605
  0.417498  0.034880
  0.433107  0.036108
  0.448783  0.037281
  0.464509  0.038393
  0.480272  0.039438
  0.496053  0.040409
  0.511839  0.041299
  0.527613  0.042101
  0.543359  0.042810
  0.559063  0.043418
  0.574707  0.043920
  0.590277  0.044312
  0.605757  0.044590
  0.621131  0.044750
  0.636385  0.044791
  0.651503  0.044711
  0.666469  0.044511
  0.681270  0.044192
  0.695890  0.043757
  0.710315  0.043209
  0.724530  0.042554
  0.738522  0.041795
  0.752275  0.040941
  0.765777  0.039999
  0.779014  0.038976
  0.791974  0.037881
  0.804642  0.036724
  0.817006  0.035512
  0.829054  0.034255
  0.840775  0.032961
  0.852155  0.031639
  0.863185  0.030296
  0.873852  0.028940
  0.884147  0.027576
  0.894059  0.026272
  0.903579  0.024985
  0.912695  0.023722
  0.921401  0.022489
  0.929686  0.021290
  0.937544  0.020131
  0.944964  0.019013
  0.951942  0.017941
  0.958469  0.016916
  0.964539  0.015940
  0.970146  0.015013
  0.975284  0.014135
  0.979948  0.013307
  0.984134  0.012526
  0.987838  0.011793
  0.991055  0.011105
  0.993782  0.010460
  0.996018  0.009857
  0.997759  0.009293
  0.999003  0.008767
  0.999751  0.008274
  1.000000  0.007814
