  1.000000  0.010582
  0.999751  0.011366
  0.999003  0.012212
  0.997759  0.013126
  0.996018  0.014112
  0.993782  0.015177
  0.991055  0.016325
  0.987838  0.017563
  0.984134  0.018894
  0.979948  0.020324
  0.975284  0.021857
  0.970146  0.023496
  0.964539  0.025244
  0.958469  0.027104
  0.951942  0.029075
  0.944964  0.031160
  0.937544  0.033355
  0.929686  0.035659
  0.921401  0.038068
  0.912695  0.040576
  0.903579  0.043179
  0.894059  0.045870
  0.884147  0.048639
  0.873852  0.051566
  0.863185  0.054537
  0.852155  0.057543
  0.840775  0.060575
  0.829054  0.063620
  0.817006  0.066669
  0.804642  0.069708
  0.791974  0.072724
  0.779014  0.075706
  0.765777  0.078639
  0.752275  0.081511
  0.738522  0.084310
  0.724530  0.087025
  0.710315  0.089643
  0.695890  0.092155
  0.681270  0.094553
  0.666469  0.096827
  0.651503  0.098971
  0.636385  0.100980
  0.621131  0.102848
  0.605757  0.104571
  0.590277  0.106147
  0.574707  0.107574
  0.559063  0.108848
  0.543359  0.109969
  0.527613  0.110938
  0.511839  0.111753
  0.496053  0.112415
  0.480272  0.112924
  0.464509  0.113282
  0.448783  0.113488
  0.433107  0.113544
  0.417498  0.113451
  0.401971  0.113211
  0.386542  0.112824
  0.371226  0.112293
  0.356038  0.111618
  0.340994  0.110802
  0.326109  0.109845
  0.311396  0.108750
  0.296872  0.107517
  0.282550  0.106149
  0.268445  0.104647
  0.254571  0.103013
  0.240941  0.101249
  0.227570  0.099357
  0.214470  0.097339
  0.201655  0.095197
  0.189138  0.092933
  0.176930  0.090551
  0.165044  0.088052
  0.153492  0.085440
  0.142285  0.082718
  0.131435  0.079891
  0.120953  0.076963
  0.110848  0.073943
  0.101131  0.070835
  0.091812  0.067650
  0.082900  0.064395
  0.074403  0.061082
  0.066331  0.057724
  0.058691  0.054334
  0.051491  0.050927
  0.044738  0.047520
  0.038439  0.044132
  0.032600  0.040780
  0.027226  0.037484
  0.022325  0.034263
  0.017899  0.031135
  0.013954  0.028118
  0.010493  0.025230
  0.007520  0.022486
  0.005038  0.019900
  0.003050  0.017482
  0.001557  0.015242
  0.000561  0.013188
  0.000062  0.011323
  0.000062  0.009649
  0.000561  0.008166
  0.001557  0.006870
  0.003050  0.005758
  0.005038  0.004823
  0.007520  0.004059
  0.010493  0.003456
  0.013954  0.003007
  0.017899  0.002700
  0.022325  0.002525
  0.027226  0.002471
  0.032600  0.002529
  0.038439  0.002687
  0.044738  0.002938
  0.051491  0.003270
  0.058691  0.003676
  0.066331  0.004148
  0.074403  0.004679
  0.082900  0.005261
  0.091812  0.005888
  0.101131  0.006557
  0.110848  0.007260
  0.120953  0.007995
  0.131435  0.008758
  0.142285  0.009545
  0.153492  0.010356
  0.165044  0.011187
  0.176930  0.012038
  0.189138  0.012906
  0.201655  0.013792
  0.214470  0.014693
  0.227570  0.015610
  0.240941  0.016540
  0.254571  0.017483
  0.268445  0.018439
  0.282550  0.019407
  0.296872  0.020384
  0.311396  0.021371
  0.326109  0.022365
  0.340994  0.023365
  0.356038  0.024367
  0.371226  0.025369
  0.386542  0.026367
  0.401971  0.027357
  0.417498  0.028334
  0.433107  0.029293
  0.448783  0.030228
  0.464509  0.031133
  0.480272  0.032000
  0.496053  0.032824
  0.511839  0.033595
  0.527613  0.034308
  0.543359  0.034953
  0.559063  0.035525
  0.574707  0.036017
  0.590277  0.036421
  0.605757  0.036733
  0.621131  0.036948
  0.636385  0.037062
  0.651503  0.037072
  0.666469  0.036976
  0.681270  0.036775
  0.695890  0.036469
  0.710315  0.036060
  0.724530  0.035551
  0.738522  0.034946
  0.752275  0.034251
  0.765777  0.033472
  0.779014  0.032616
  0.791974  0.031692
  0.804642  0.030706
  0.817006  0.029669
  0.829054  0.028588
  0.840775  0.027472
  0.852155  0.026329
  0.863185  0.025167
  0.873852  0.023993
  0.884147  0.022814
  0.894059  0.021685
  0.903579  0.020573
  0.912695  0.019484
  0.921401  0.018422
  0.929686  0.017393
  0.937544  0.016401
  0.944964  0.015448
  0.951942  0.014536
  0.958469  0.013668
  0.964539  0.012844
  0.970146  0.012064
  0.975284  0.011329
  0.979948  0.010638
  0.984134  0.009989
  0.987838  0.009382
  0.991055  0.008814
  0.993782  0.008284
  0.996018  0.007789
  0.997759  0.007328
  0.999003  0.006899
  0.999751  0.006499
  1.000000  0.006126
