  1.000000  0.012058
  0.999751  0.012902
  0.999003  0.013810
  0.997759  0.014786
  0.996018  0.015837
  0.993782  0.016967
  0.991055  0.018181
  0.987838  0.019485
  0.984134  0.020882
  0.979948  0.022376
  0.975284  0.023973
  0.970146  0.025673
  0.964539  0.027480
  0.958469  0.029395
  0.951942  0.031418
  0.944964  0.033548
  0.937544  0.035783
  0.929686  0.038121
  0.921401  0.040557
  0.912695  0.043086
  0.903579  0.045701
  0.894059  0.048396
  0.884147  0.051163
  0.873852  0.054085
  0.863185  0.057043
  0.852155  0.060029
  0.840775  0.063035
  0.829054  0.066051
  0.817006  0.069067
  0.804642  0.072072
  0.791974  0.075055
  0.779014  0.078006
  0.765777  0.080912
  0.752275  0.083762
  0.738522  0.086546
  0.724530  0.089253
  0.710315  0.091873
  0.695890  0.094397
  0.681270  0.096817
  0.666469  0.099124
  0.651503  0.101313
  0.636385  0.103378
  0.621131  0.105313
  0.605757  0.107113
  0.590277  0.108777
  0.574707  0.110299
  0.559063  0.111677
  0.543359  0.112909
  0.527613  0.113993
  0.511839  0.114928
  0.496053  0.115712
  0.480272  0.116345
  0.464509  0.116825
  0.448783  0.117153
  0.433107  0.117326
  0.417498  0.117346
  0.401971  0.117211
  0.386542  0.116923
  0.371226  0.116482
  0.356038  0.115888
  0.340994  0.115142
  0.326109  0.114245
  0.311396  0.113198
  0.296872  0.112002
  0.282550  0.110659
  0.268445  0.109170
  0.254571  0.107539
  0.240941  0.105767
  0.227570  0.103856
  0.214470  0.101810
  0.201655  0.099632
  0.189138  0.097324
  0.176930  0.094889
  0.165044  0.092332
  0.153492  0.089656
  0.142285  0.086865
  0.131435  0.083964
  0.120953  0.080958
  0.110848  0.077853
  0.101131  0.074658
  0.091812  0.071378
  0.082900  0.068024
  0.074403  0.064605
  0.066331  0.061131
  0.058691  0.057617
  0.051491  0.054076
  0.044738  0.050523
  0.038439  0.046973
  0.032600  0.043445
  0.027226  0.039954
  0.022325  0.036520
  0.017899  0.033158
  0.013954  0.029887
  0.010493  0.026723
  0.007520  0.023681
  0.005038  0.020775
  0.003050  0.018017
  0.001557  0.015418
  0.000561  0.012987
  0.000062  0.010730
  0.000062  0.008653
  0.000561  0.006757
  0.001557  0.005046
  0.003050  0.003517
  0.005038  0.002171
  0.007520  0.001003
  0.010493  0.000011
  0.013954  -0.000810
  0.017899  -0.001466
  0.022325  -0.001963
  0.027226  -0.002306
  0.032600  -0.002503
  0.038439  -0.002560
  0.044738  -0.002484
  0.051491  -0.002282
  0.058691  -0.001959
  0.066331  -0.001524
  0.074403  -0.000983
  0.082900  -0.000342
  0.091812  0.000392
  0.101131  0.001211
  0.110848  0.002110
  0.120953  0.003082
  0.131435  0.004119
  0.142285  0.005216
  0.153492  0.006366
  0.165044  0.007562
  0.176930  0.008800
  0.189138  0.010071
  0.201655  0.011370
  0.214470  0.012691
  0.227570  0.014027
  0.240941  0.015374
  0.254571  0.016724
  0.268445  0.018074
  0.282550  0.019417
  0.296872  0.020749
  0.311396  0.022066
  0.326109  0.023362
  0.340994  0.024633
  0.356038  0.025875
  0.371226  0.027084
  0.386542  0.028255
  0.401971  0.029383
  0.417498  0.030465
  0.433107  0.031495
  0.448783  0.032469
  0.464509  0.033382
  0.480272  0.034230
  0.496053  0.035007
  0.511839  0.035709
  0.527613  0.036331
  0.543359  0.036868
  0.559063  0.037317
  0.574707  0.037674
  0.590277  0.037935
  0.605757  0.038099
  0.621131  0.038164
  0.636385  0.038129
  0.651503  0.037994
  0.666469  0.037760
  0.681270  0.037428
  0.695890  0.037003
  0.710315  0.036486
  0.724530  0.035883
  0.738522  0.035198
  0.752275  0.034438
  0.765777  0.033607
  0.779014  0.032714
  0.791974  0.031765
  0.804642  0.030767
  0.817006  0.029728
  0.829054  0.028655
  0.840775  0.027554
  0.852155  0.026433
  0.863185  0.025297
  0.873852  0.024153
  0.884147  0.023004
  0.894059  0.021907
  0.903579  0.020826
  0.912695  0.019767
  0.921401  0.018733
  0.929686  0.017728
  0.937544  0.016758
  0.944964  0.015823
  0.951942  0.014926
  0.958469  0.014069
  0.964539  0.013253
  0.970146  0.012478
  0.975284  0.011745
  0.979948  0.011053
  0.984134  0.010401
  0.987838  0.009789
  0.991055  0.009214
  0.993782  0.008676
  0.996018  0.008173
  0.997759  0.007702
  0.999003  0.007263
  0.999751  0.006852
  1.000000  0.006468
