  1.000000  0.011032
  0.999751  0.011833
  0.999003  0.012697
  0.997759  0.013629
  0.996018  0.014633
  0.993782  0.015716
  0.991055  0.016882
  0.987838  0.018137
  0.984134  0.019485
  0.979948  0.020930
  0.975284  0.022477
  0.970146  0.024129
  0.964539  0.025888
  0.958469  0.027757
  0.951942  0.029735
  0.944964  0.031823
  0.937544  0.034020
  0.929686  0.036322
  0.921401  0.038725
  0.912695  0.041225
  0.903579  0.043817
  0.894059  0.046492
  0.884147  0.049244
  0.873852  0.052152
  0.863185  0.055103
  0.852155  0.058086
  0.840775  0.061094
  0.829054  0.064117
  0.817006  0.067144
  0.804642  0.070163
  0.791974  0.073163
  0.779014  0.076132
  0.765777  0.079058
  0.752275  0.081929
  0.738522  0.084733
  0.724530  0.087460
  0.710315  0.090099
  0.695890  0.092640
  0.681270  0.095073
  0.666469  0.097392
  0.651503  0.099589
  0.636385  0.101657
  0.621131  0.103591
  0.605757  0.105386
  0.590277  0.107039
  0.574707  0.108545
  0.559063  0.109901
  0.543359  0.111105
  0.527613  0.112156
  0.511839  0.113051
  0.496053  0.113789
  0.480272  0.114369
  0.464509  0.114791
  0.448783  0.115054
  0.433107  0.115157
  0.417498  0.115100
  0.401971  0.114885
  0.386542  0.114511
  0.371226  0.113979
  0.356038  0.113292
  0.340994  0.112449
  0.326109  0.111453
  0.311396  0.110305
  0.296872  0.109008
  0.282550  0.107564
  0.268445  0.105976
  0.254571  0.104247
  0.240941  0.102380
  0.227570  0.100379
  0.214470  0.098248
  0.201655  0.095990
  0.189138  0.093610
  0.176930  0.091112
  0.165044  0.088500
  0.153492  0.085779
  0.142285  0.082955
  0.131435  0.080032
  0.120953  0.077017
  0.110848  0.073918
  0.101131  0.070742
  0.091812  0.067497
  0.082900  0.064194
  0.074403  0.060842
  0.066331  0.057454
  0.058691  0.054043
  0.051491  0.050623
  0.044738  0.047209
  0.038439  0.043818
  0.032600  0.040467
  0.027226  0.037173
  0.022325  0.033952
  0.017899  0.030824
  0.013954  0.027803
  0.010493  0.024905
  0.007520  0.022146
  0.005038  0.019536
  0.003050  0.017088
  0.001557  0.014811
  0.000561  0.012710
  0.000062  0.010792
  0.000062  0.009058
  0.000561  0.007509
  0.001557  0.006143
  0.003050  0.004958
  0.005038  0.003949
  0.007520  0.003111
  0.010493  0.002437
  0.013954  0.001920
  0.017899  0.001551
  0.022325  0.001322
  0.027226  0.001224
  0.032600  0.001248
  0.038439  0.001385
  0.044738  0.001627
  0.051491  0.001965
  0.058691  0.002392
  0.066331  0.002900
  0.074403  0.003481
  0.082900  0.004130
  0.091812  0.004839
  0.101131  0.005603
  0.110848  0.006416
  0.120953  0.007273
  0.131435  0.008168
  0.142285  0.009097
  0.153492  0.010057
  0.165044  0.011042
  0.176930  0.012051
  0.189138  0.013079
  0.201655  0.014122
  0.214470  0.015178
  0.227570  0.016243
  0.240941  0.017314
  0.254571  0.018387
  0.268445  0.019461
  0.282550  0.020533
  0.296872  0.021598
  0.311396  0.022656
  0.326109  0.023702
  0.340994  0.024733
  0.356038  0.025747
  0.371226  0.026740
  0.386542  0.027708
  0.401971  0.028647
  0.417498  0.029553
  0.433107  0.030422
  0.448783  0.031248
  0.464509  0.032027
  0.480272  0.032754
  0.496053  0.033422
  0.511839  0.034028
  0.527613  0.034564
  0.543359  0.035027
  0.559063  0.035410
  0.574707  0.035711
  0.590277  0.035923
  0.605757  0.036045
  0.621131  0.036072
  0.636385  0.036005
  0.651503  0.035840
  0.666469  0.035580
  0.681270  0.035223
  0.695890  0.034773
  0.710315  0.034232
  0.724530  0.033604
  0.738522  0.032894
  0.752275  0.032108
  0.765777  0.031252
  0.779014  0.030333
  0.791974  0.029358
  0.804642  0.028336
  0.817006  0.027275
  0.829054  0.026182
  0.840775  0.025066
  0.852155  0.023933
  0.863185  0.022791
  0.873852  0.021646
  0.884147  0.020505
  0.894059  0.019417
  0.903579  0.018351
  0.912695  0.017312
  0.921401  0.016306
  0.929686  0.015335
  0.937544  0.014402
  0.944964  0.013510
  0.951942  0.012661
  0.958469  0.011856
  0.964539  0.011095
  0.970146  0.010378
  0.975284  0.009705
  0.979948  0.009074
  0.984134  0.008484
  0.987838  0.007934
  0.991055  0.007421
  0.993782  0.006945
  0.996018  0.006502
  0.997759  0.006091
  0.999003  0.005709
  0.999751  0.005355
  1.000000  0.005026
