  1.000000  0.011158
  0.999751  0.011973
  0.999003  0.012852
  0.997759  0.013800
  0.996018  0.014822
  0.993782  0.015924
  0.991055  0.017111
  0.987838  0.018389
  0.984134  0.019763
  0.979948  0.021237
  0.975284  0.022814
  0.970146  0.024500
  0.964539  0.026295
  0.958469  0.028203
  0.951942  0.030223
  0.944964  0.032356
  0.937544  0.034601
  0.929686  0.036954
  0.921401  0.039412
  0.912695  0.041969
  0.903579  0.044620
  0.894059  0.047358
  0.884147  0.050174
  0.873852  0.053150
  0.863185  0.056169
  0.852155  0.059222
  0.840775  0.062300
  0.829054  0.065392
  0.817006  0.068487
  0.804642  0.071574
  0.791974  0.074639
  0.779014  0.077671
  0.765777  0.080658
  0.752275  0.083585
  0.738522  0.086443
  0.724530  0.089218
  0.710315  0.091901
  0.695890  0.094481
  0.681270  0.096950
  0.666469  0.099299
  0.651503  0.101522
  0.636385  0.103611
  0.621131  0.105562
  0.605757  0.107371
  0.590277  0.109034
  0.574707  0.110548
  0.559063  0.111910
  0.543359  0.113118
  0.527613  0.114172
  0.511839  0.115070
  0.496053  0.115812
  0.480272  0.116397
  0.464509  0.116825
  0.448783  0.117097
  0.433107  0.117211
  0.417498  0.117169
  0.401971  0.116972
  0.386542  0.116620
  0.371226  0.116114
  0.356038  0.115456
  0.340994  0.114646
  0.326109  0.113686
  0.311396  0.112576
  0.296872  0.111318
  0.282550  0.109914
  0.268445  0.108365
  0.254571  0.106673
  0.240941  0.104841
  0.227570  0.102870
  0.214470  0.100763
  0.201655  0.098521
  0.189138  0.096149
  0.176930  0.093648
  0.165044  0.091021
  0.153492  0.088273
  0.142285  0.085407
  0.131435  0.082428
  0.120953  0.079344
  0.110848  0.076162
  0.101131  0.072890
  0.091812  0.069537
  0.082900  0.066115
  0.074403  0.062637
  0.066331  0.059118
  0.058691  0.055572
  0.051491  0.052020
  0.044738  0.048479
  0.038439  0.044971
  0.032600  0.041516
  0.027226  0.038138
  0.022325  0.034856
  0.017899  0.031693
  0.013954  0.028668
  0.010493  0.025801
  0.007520  0.023107
  0.005038  0.020601
  0.003050  0.018295
  0.001557  0.016197
  0.000561  0.014313
  0.000062  0.012645
  0.000062  0.011193
  0.000561  0.009954
  0.001557  0.008922
  0.003050  0.008088
  0.005038  0.007444
  0.007520  0.006978
  0.010493  0.006678
  0.013954  0.006529
  0.017899  0.006519
  0.022325  0.006633
  0.027226  0.006856
  0.032600  0.007176
  0.038439  0.007578
  0.044738  0.008051
  0.051491  0.008584
  0.058691  0.009165
  0.066331  0.009787
  0.074403  0.010440
  0.082900  0.011119
  0.091812  0.011816
  0.101131  0.012526
  0.110848  0.013246
  0.120953  0.013973
  0.131435  0.014702
  0.142285  0.015433
  0.153492  0.016166
  0.165044  0.016900
  0.176930  0.017635
  0.189138  0.018371
  0.201655  0.019109
  0.214470  0.019849
  0.227570  0.020591
  0.240941  0.021336
  0.254571  0.022084
  0.268445  0.022835
  0.282550  0.023590
  0.296872  0.024349
  0.311396  0.025111
  0.326109  0.025875
  0.340994  0.026640
  0.356038  0.027405
  0.371226  0.028168
  0.386542  0.028925
  0.401971  0.029674
  0.417498  0.030411
  0.433107  0.031131
  0.448783  0.031830
  0.464509  0.032503
  0.480272  0.033143
  0.496053  0.033745
  0.511839  0.034303
  0.527613  0.034810
  0.543359  0.035259
  0.559063  0.035644
  0.574707  0.035959
  0.590277  0.036199
  0.605757  0.036357
  0.621131  0.036429
  0.636385  0.036413
  0.651503  0.036305
  0.666469  0.036102
  0.681270  0.035805
  0.695890  0.035414
  0.710315  0.034929
  0.724530  0.034355
  0.738522  0.033693
  0.752275  0.032950
  0.765777  0.032131
  0.779014  0.031243
  0.791974  0.030292
  0.804642  0.029288
  0.817006  0.028237
  0.829054  0.027148
  0.840775  0.026029
  0.852155  0.024888
  0.863185  0.023733
  0.873852  0.022571
  0.884147  0.021408
  0.894059  0.020297
  0.903579  0.019206
  0.912695  0.018140
  0.921401  0.017105
  0.929686  0.016105
  0.937544  0.015143
  0.944964  0.014222
  0.951942  0.013344
  0.958469  0.012511
  0.964539  0.011722
  0.970146  0.010979
  0.975284  0.010280
  0.979948  0.009625
  0.984134  0.009012
  0.987838  0.008440
  0.991055  0.007906
  0.993782  0.007410
  0.996018  0.006948
  0.997759  0.006520
  0.999003  0.006121
  0.999751  0.005751
  1.000000  0.005407
