  1.000000  0.010592
  0.999751  0.011374
  0.999003  0.012218
  0.997759  0.013129
  0.996018  0.014112
  0.993782  0.015173
  0.991055  0.016317
  0.987838  0.017548
  0.984134  0.018873
  0.979948  0.020295
  0.975284  0.021818
  0.970146  0.023446
  0.964539  0.025181
  0.958469  0.027026
  0.951942  0.028982
  0.944964  0.031047
  0.937544  0.033222
  0.929686  0.035503
  0.921401  0.037887
  0.912695  0.040370
  0.903579  0.042945
  0.894059  0.045605
  0.884147  0.048343
  0.873852  0.051239
  0.863185  0.054178
  0.852155  0.057153
  0.840775  0.060154
  0.829054  0.063172
  0.817006  0.066195
  0.804642  0.069213
  0.791974  0.072213
  0.779014  0.075184
  0.765777  0.078113
  0.752275  0.080988
  0.738522  0.083799
  0.724530  0.086533
  0.710315  0.089180
  0.695890  0.091731
  0.681270  0.094177
  0.666469  0.096511
  0.651503  0.098724
  0.636385  0.100812
  0.621131  0.102768
  0.605757  0.104590
  0.590277  0.106272
  0.574707  0.107813
  0.559063  0.109208
  0.543359  0.110456
  0.527613  0.111556
  0.511839  0.112507
  0.496053  0.113307
  0.480272  0.113955
  0.464509  0.114451
  0.448783  0.114795
  0.433107  0.114986
  0.417498  0.115025
  0.401971  0.114911
  0.386542  0.114645
  0.371226  0.114227
  0.356038  0.113659
  0.340994  0.112941
  0.326109  0.112074
  0.311396  0.111059
  0.296872  0.109898
  0.282550  0.108591
  0.268445  0.107142
  0.254571  0.105551
  0.240941  0.103821
  0.227570  0.101955
  0.214470  0.099955
  0.201655  0.097824
  0.189138  0.095564
  0.176930  0.093179
  0.165044  0.090671
  0.153492  0.088045
  0.142285  0.085305
  0.131435  0.082454
  0.120953  0.079499
  0.110848  0.076446
  0.101131  0.073301
  0.091812  0.070073
  0.082900  0.066771
  0.074403  0.063404
  0.066331  0.059985
  0.058691  0.056525
  0.051491  0.053040
  0.044738  0.049546
  0.038439  0.046058
  0.032600  0.042593
  0.027226  0.039171
  0.022325  0.035808
  0.017899  0.032523
  0.013954  0.029333
  0.010493  0.026255
  0.007520  0.023304
  0.005038  0.020493
  0.003050  0.017836
  0.001557  0.015343
  0.000561  0.013021
  0.000062  0.010877
  0.000062  0.008915
  0.000561  0.007138
  0.001557  0.005544
  0.003050  0.004134
  0.005038  0.002904
  0.007520  0.001850
  0.010493  0.000968
  0.013954  0.000252
  0.017899  -0.000305
  0.022325  -0.000711
  0.027226  -0.000972
  0.032600  -0.001097
  0.038439  -0.001093
  0.044738  -0.000968
  0.051491  -0.000728
  0.058691  -0.000383
  0.066331  0.000063
  0.074403  0.000600
  0.082900  0.001223
  0.091812  0.001925
  0.101131  0.002700
  0.110848  0.003540
  0.120953  0.004442
  0.131435  0.005397
  0.142285  0.006401
  0.153492  0.007449
  0.165044  0.008536
  0.176930  0.009656
  0.189138  0.010806
  0.201655  0.011979
  0.214470  0.013172
  0.227570  0.014379
  0.240941  0.015597
  0.254571  0.016821
  0.268445  0.018048
  0.282550  0.019273
  0.296872  0.020492
  0.311396  0.021702
  0.326109  0.022900
  0.340994  0.024080
  0.356038  0.025241
  0.371226  0.026377
  0.386542  0.027485
  0.401971  0.028561
  0.417498  0.029599
  0.433107  0.030597
  0.448783  0.031549
  0.464509  0.032450
  0.480272  0.033294
  0.496053  0.034079
  0.511839  0.034797
  0.527613  0.035444
  0.543359  0.036016
  0.559063  0.036508
  0.574707  0.036916
  0.590277  0.037237
  0.605757  0.037468
  0.621131  0.037608
  0.636385  0.037655
  0.651503  0.037608
  0.666469  0.037468
  0.681270  0.037236
  0.695890  0.036915
  0.710315  0.036507
  0.724530  0.036016
  0.738522  0.035445
  0.752275  0.034800
  0.765777  0.034085
  0.779014  0.033307
  0.791974  0.032472
  0.804642  0.031584
  0.817006  0.030651
  0.829054  0.029679
  0.840775  0.028673
  0.852155  0.027640
  0.863185  0.026583
  0.873852  0.025508
  0.884147  0.024420
  0.894059  0.023376
  0.903579  0.022339
  0.912695  0.021313
  0.921401  0.020305
  0.929686  0.019318
  0.937544  0.018355
  0.944964  0.017421
  0.951942  0.016518
  0.958469  0.015649
  0.964539  0.014814
  0.970146  0.014016
  0.975284  0.013256
  0.979948  0.012533
  0.984134  0.011848
  0.987838  0.011199
  0.991055  0.010588
  0.993782  0.010011
  0.996018  0.009469
  0.997759  0.008959
  0.999003  0.008480
  0.999751  0.008030
  1.000000  0.007607
