  1.000000  0.011718
  0.999751  0.012553
  0.999003  0.013453
  0.997759  0.014421
  0.996018  0.015465
  0.993782  0.016589
  0.991055  0.017797
  0.987838  0.019097
  0.984134  0.020491
  0.979948  0.021986
  0.975284  0.023583
  0.970146  0.025287
  0.964539  0.027100
  0.958469  0.029024
  0.951942  0.031059
  0.944964  0.033205
  0.937544  0.035459
  0.929686  0.037820
  0.921401  0.040282
  0.912695  0.042841
  0.903579  0.045491
  0.894059  0.048223
  0.884147  0.051030
  0.873852  0.053995
  0.863185  0.056998
  0.852155  0.060032
  0.840775  0.063085
  0.829054  0.066149
  0.817006  0.069211
  0.804642  0.072261
  0.791974  0.075286
  0.779014  0.078273
  0.765777  0.081211
  0.752275  0.084087
  0.738522  0.086889
  0.724530  0.089606
  0.710315  0.092226
  0.695890  0.094741
  0.681270  0.097141
  0.666469  0.099419
  0.651503  0.101566
  0.636385  0.103578
  0.621131  0.105448
  0.605757  0.107174
  0.590277  0.108751
  0.574707  0.110177
  0.559063  0.111449
  0.543359  0.112565
  0.527613  0.113526
  0.511839  0.114329
  0.496053  0.114976
  0.480272  0.115465
  0.464509  0.115797
  0.448783  0.115973
  0.433107  0.115993
  0.417498  0.115857
  0.401971  0.115568
  0.386542  0.115125
  0.371226  0.114532
  0.356038  0.113789
  0.340994  0.112898
  0.326109  0.111860
  0.311396  0.110679
  0.296872  0.109356
  0.282550  0.107893
  0.268445  0.106293
  0.254571  0.104559
  0.240941  0.102693
  0.227570  0.100700
  0.214470  0.098581
  0.201655  0.096341
  0.189138  0.093983
  0.176930  0.091511
  0.165044  0.088927
  0.153492  0.086237
  0.142285  0.083445
  0.131435  0.080555
  0.120953  0.077573
  0.110848  0.074506
  0.101131  0.071360
  0.091812  0.068144
  0.082900  0.064865
  0.074403  0.061533
  0.066331  0.058160
  0.058691  0.054757
  0.051491  0.051338
  0.044738  0.047917
  0.038439  0.044509
  0.032600  0.041130
  0.027226  0.037797
  0.022325  0.034525
  0.017899  0.031332
  0.013954  0.028233
  0.010493  0.025244
  0.007520  0.022377
  0.005038  0.019647
  0.003050  0.017064
  0.001557  0.014638
  0.000561  0.012376
  0.000062  0.010284
  0.000062  0.008366
  0.000561  0.006624
  0.001557  0.005058
  0.003050  0.003667
  0.005038  0.002449
  0.007520  0.001400
  0.010493  0.000516
  0.013954  -0.000208
  0.017899  -0.000778
  0.022325  -0.001201
  0.027226  -0.001483
  0.032600  -0.001632
  0.038439  -0.001653
  0.044738  -0.001555
  0.051491  -0.001345
  0.058691  -0.001028
  0.066331  -0.000611
  0.074403  -0.000102
  0.082900  0.000493
  0.091812  0.001169
  0.101131  0.001918
  0.110848  0.002735
  0.120953  0.003614
  0.131435  0.004548
  0.142285  0.005533
  0.153492  0.006562
  0.165044  0.007630
  0.176930  0.008733
  0.189138  0.009865
  0.201655  0.011021
  0.214470  0.012196
  0.227570  0.013384
  0.240941  0.014583
  0.254571  0.015785
  0.268445  0.016989
  0.282550  0.018189
  0.296872  0.019381
  0.311396  0.020562
  0.326109  0.021727
  0.340994  0.022873
  0.356038  0.023996
  0.371226  0.025092
  0.386542  0.026157
  0.401971  0.027186
  0.417498  0.028176
  0.433107  0.029122
  0.448783  0.030020
  0.464509  0.030864
  0.480272  0.031649
  0.496053  0.032371
  0.511839  0.033025
  0.527613  0.033606
  0.543359  0.034109
  0.559063  0.034530
  0.574707  0.034864
  0.590277  0.035109
  0.605757  0.035261
  0.621131  0.035320
  0.636385  0.035282
  0.651503  0.035149
  0.666469  0.034921
  0.681270  0.034599
  0.695890  0.034185
  0.710315  0.033683
  0.724530  0.033097
  0.738522  0.032431
  0.752275  0.031692
  0.765777  0.030885
  0.779014  0.030018
  0.791974  0.029097
  0.804642  0.028130
  0.817006  0.027124
  0.829054  0.026087
  0.840775  0.025025
  0.852155  0.023947
  0.863185  0.022857
  0.873852  0.021762
  0.884147  0.020667
  0.894059  0.019622
  0.903579  0.018596
  0.912695  0.017594
  0.921401  0.016620
  0.929686  0.015678
  0.937544  0.014770
  0.944964  0.013899
  0.951942  0.013067
  0.958469  0.012276
  0.964539  0.011525
  0.970146  0.010815
  0.975284  0.010146
  0.979948  0.009517
  0.984134  0.008927
  0.987838  0.008375
  0.991055  0.007859
  0.993782  0.007377
  0.996018  0.006928
  0.997759  0.006510
  0.999003  0.006121
  0.999751  0.005758
  1.000000  0.005420
