  1.000000  0.012686
  0.999751  0.013568
  0.999003  0.014516
  0.997759  0.015535
  0.996018  0.016632
  0.993782  0.017810
  0.991055  0.019076
  0.987838  0.020435
  0.984134  0.021890
  0.979948  0.023447
  0.975284  0.025109
  0.970146  0.026879
  0.964539  0.028759
  0.958469  0.030751
  0.951942  0.032854
  0.944964  0.035068
  0.937544  0.037390
  0.929686  0.039818
  0.921401  0.042346
  0.912695  0.044970
  0.903579  0.047683
  0.894059  0.050477
  0.884147  0.053344
  0.873852  0.056370
  0.863185  0.059431
  0.852155  0.062519
  0.840775  0.065625
  0.829054  0.068738
  0.817006  0.071847
  0.804642  0.074942
  0.791974  0.078011
  0.779014  0.081040
  0.765777  0.084019
  0.752275  0.086935
  0.738522  0.089776
  0.724530  0.092531
  0.710315  0.095190
  0.695890  0.097742
  0.681270  0.100179
  0.666469  0.102492
  0.651503  0.104675
  0.636385  0.106721
  0.621131  0.108625
  0.605757  0.110382
  0.590277  0.111988
  0.574707  0.113439
  0.559063  0.114734
  0.543359  0.115870
  0.527613  0.116846
  0.511839  0.117660
  0.496053  0.118312
  0.480272  0.118801
  0.464509  0.119127
  0.448783  0.119289
  0.433107  0.119289
  0.417498  0.119126
  0.401971  0.118802
  0.386542  0.118318
  0.371226  0.117674
  0.356038  0.116874
  0.340994  0.115918
  0.326109  0.114808
  0.311396  0.113547
  0.296872  0.112136
  0.282550  0.110580
  0.268445  0.108881
  0.254571  0.107042
  0.240941  0.105067
  0.227570  0.102959
  0.214470  0.100722
  0.201655  0.098361
  0.189138  0.095879
  0.176930  0.093281
  0.165044  0.090572
  0.153492  0.087755
  0.142285  0.084836
  0.131435  0.081822
  0.120953  0.078717
  0.110848  0.075530
  0.101131  0.072268
  0.091812  0.068940
  0.082900  0.065554
  0.074403  0.062122
  0.066331  0.058656
  0.058691  0.055167
  0.051491  0.051672
  0.044738  0.048184
  0.038439  0.044720
  0.032600  0.041296
  0.027226  0.037930
  0.022325  0.034640
  0.017899  0.031441
  0.013954  0.028351
  0.010493  0.025386
  0.007520  0.022558
  0.005038  0.019882
  0.003050  0.017368
  0.001557  0.015026
  0.000561  0.012862
  0.000062  0.010882
  0.000062  0.009088
  0.000561  0.007482
  0.001557  0.006062
  0.003050  0.004826
  0.005038  0.003770
  0.007520  0.002889
  0.010493  0.002177
  0.013954  0.001627
  0.017899  0.001232
  0.022325  0.000982
  0.027226  0.000870
  0.032600  0.000887
  0.038439  0.001024
  0.044738  0.001274
  0.051491  0.001627
  0.058691  0.002077
  0.066331  0.002616
  0.074403  0.003236
  0.082900  0.003931
  0.091812  0.004692
  0.101131  0.005515
  0.110848  0.006393
  0.120953  0.007319
  0.131435  0.008287
  0.142285  0.009292
  0.153492  0.010328
  0.165044  0.011392
  0.176930  0.012477
  0.189138  0.013578
  0.201655  0.014691
  0.214470  0.015810
  0.227570  0.016931
  0.240941  0.018049
  0.254571  0.019160
  0.268445  0.020259
  0.282550  0.021344
  0.296872  0.022409
  0.311396  0.023452
  0.326109  0.024469
  0.340994  0.025457
  0.356038  0.026413
  0.371226  0.027334
  0.386542  0.028218
  0.401971  0.029061
  0.417498  0.029860
  0.433107  0.030614
  0.448783  0.031318
  0.464509  0.031971
  0.480272  0.032570
  0.496053  0.033111
  0.511839  0.033592
  0.527613  0.034011
  0.543359  0.034366
  0.559063  0.034653
  0.574707  0.034872
  0.590277  0.035020
  0.605757  0.035097
  0.621131  0.035102
  0.636385  0.035034
  0.651503  0.034894
  0.666469  0.034683
  0.681270  0.034402
  0.695890  0.034053
  0.710315  0.033638
  0.724530  0.033160
  0.738522  0.032621
  0.752275  0.032025
  0.765777  0.031376
  0.779014  0.030678
  0.791974  0.029935
  0.804642  0.029151
  0.817006  0.028330
  0.829054  0.027476
  0.840775  0.026594
  0.852155  0.025687
  0.863185  0.024759
  0.873852  0.023812
  0.884147  0.022851
  0.894059  0.021928
  0.903579  0.021008
  0.912695  0.020095
  0.921401  0.019194
  0.929686  0.018307
  0.937544  0.017439
  0.944964  0.016593
  0.951942  0.015771
  0.958469  0.014976
  0.964539  0.014210
  0.970146  0.013474
  0.975284  0.012770
  0.979948  0.012098
  0.984134  0.011459
  0.987838  0.010852
  0.991055  0.010277
  0.993782  0.009734
  0.996018  0.009221
  0.997759  0.008737
  0.999003  0.008282
  0.999751  0.007853
  1.000000  0.007449
