  1.000000  0.012376
  0.999751  0.013229
  0.999003  0.014146
  0.997759  0.015130
  0.996018  0.016189
  0.993782  0.017326
  0.991055  0.018546
  0.987838  0.019855
  0.984134  0.021256
  0.979948  0.022754
  0.975284  0.024352
  0.970146  0.026052
  0.964539  0.027856
  0.958469  0.029766
  0.951942  0.031782
  0.944964  0.033902
  0.937544  0.036124
  0.929686  0.038446
  0.921401  0.040863
  0.912695  0.043369
  0.903579  0.045959
  0.894059  0.048626
  0.884147  0.051361
  0.873852  0.054249
  0.863185  0.057170
  0.852155  0.060117
  0.840775  0.063082
  0.829054  0.066055
  0.817006  0.069028
  0.804642  0.071990
  0.791974  0.074931
  0.779014  0.077841
  0.765777  0.080707
  0.752275  0.083521
  0.738522  0.086271
  0.724530  0.088947
  0.710315  0.091540
  0.695890  0.094041
  0.681270  0.096443
  0.666469  0.098737
  0.651503  0.100917
  0.636385  0.102977
  0.621131  0.104913
  0.605757  0.106718
  0.590277  0.108391
  0.574707  0.109925
  0.559063  0.111320
  0.543359  0.112571
  0.527613  0.113678
  0.511839  0.114637
  0.496053  0.115447
  0.480272  0.116106
  0.464509  0.116614
  0.448783  0.116968
  0.433107  0.117168
  0.417498  0.117213
  0.401971  0.117102
  0.386542  0.116836
  0.371226  0.116415
  0.356038  0.115839
  0.340994  0.115108
  0.326109  0.114222
  0.311396  0.113183
  0.296872  0.111992
  0.282550  0.110651
  0.268445  0.109160
  0.254571  0.107523
  0.240941  0.105741
  0.227570  0.103818
  0.214470  0.101756
  0.201655  0.099557
  0.189138  0.097226
  0.176930  0.094766
  0.165044  0.092180
  0.153492  0.089472
  0.142285  0.086647
  0.131435  0.083710
  0.120953  0.080667
  0.110848  0.077525
  0.101131  0.074292
  0.091812  0.070977
  0.082900  0.067588
  0.074403  0.064138
  0.066331  0.060638
  0.058691  0.057103
  0.051491  0.053547
  0.044738  0.049988
  0.038439  0.046444
  0.032600  0.042931
  0.027226  0.039471
  0.022325  0.036080
  0.017899  0.032779
  0.013954  0.029585
  0.010493  0.026516
  0.007520  0.023587
  0.005038  0.020813
  0.003050  0.018206
  0.001557  0.015775
  0.000561  0.013530
  0.000062  0.011475
  0.000062  0.009614
  0.000561  0.007948
  0.001557  0.006475
  0.003050  0.005193
  0.005038  0.004098
  0.007520  0.003184
  0.010493  0.002444
  0.013954  0.001872
  0.017899  0.001458
  0.022325  0.001193
  0.027226  0.001068
  0.032600  0.001074
  0.038439  0.001202
  0.044738  0.001443
  0.051491  0.001788
  0.058691  0.002229
  0.066331  0.002758
  0.074403  0.003367
  0.082900  0.004049
  0.091812  0.004798
  0.101131  0.005606
  0.110848  0.006469
  0.120953  0.007379
  0.131435  0.008331
  0.142285  0.009321
  0.153492  0.010344
  0.165044  0.011396
  0.176930  0.012472
  0.189138  0.013569
  0.201655  0.014682
  0.214470  0.015807
  0.227570  0.016941
  0.240941  0.018080
  0.254571  0.019220
  0.268445  0.020359
  0.282550  0.021492
  0.296872  0.022618
  0.311396  0.023731
  0.326109  0.024830
  0.340994  0.025910
  0.356038  0.026969
  0.371226  0.028002
  0.386542  0.029006
  0.401971  0.029978
  0.417498  0.030912
  0.433107  0.031804
  0.448783  0.032650
  0.464509  0.033445
  0.480272  0.034183
  0.496053  0.034860
  0.511839  0.035471
  0.527613  0.036010
  0.543359  0.036473
  0.559063  0.036855
  0.574707  0.037152
  0.590277  0.037360
  0.605757  0.037476
  0.621131  0.037498
  0.636385  0.037425
  0.651503  0.037255
  0.666469  0.036990
  0.681270  0.036629
  0.695890  0.036176
  0.710315  0.035633
  0.724530  0.035005
  0.738522  0.034296
  0.752275  0.033511
  0.765777  0.032657
  0.779014  0.031741
  0.791974  0.030770
  0.804642  0.029751
  0.817006  0.028691
  0.829054  0.027599
  0.840775  0.026482
  0.852155  0.025347
  0.863185  0.024199
  0.873852  0.023047
  0.884147  0.021894
  0.894059  0.020793
  0.903579  0.019713
  0.912695  0.018656
  0.921401  0.017629
  0.929686  0.016635
  0.937544  0.015677
  0.944964  0.014758
  0.951942  0.013880
  0.958469  0.013043
  0.964539  0.012250
  0.970146  0.011499
  0.975284  0.010792
  0.979948  0.010126
  0.984134  0.009502
  0.987838  0.008917
  0.991055  0.008371
  0.993782  0.007861
  0.996018  0.007385
  0.997759  0.006942
  0.999003  0.006529
  0.999751  0.006144
  1.000000  0.005786
