  1.000000  0.012699
  0.999751  0.013569
  0.999003  0.014502
  0.997759  0.015505
  0.996018  0.016583
  0.993782  0.017740
  0.991055  0.018982
  0.987838  0.020313
  0.984134  0.021738
  0.979948  0.023261
  0.975284  0.024884
  0.970146  0.026611
  0.964539  0.028444
  0.958469  0.030383
  0.951942  0.032429
  0.944964  0.034580
  0.937544  0.036835
  0.929686  0.039189
  0.921401  0.041639
  0.912695  0.044178
  0.903579  0.046801
  0.894059  0.049499
  0.884147  0.052266
  0.873852  0.055185
  0.863185  0.058135
  0.852155  0.061108
  0.840775  0.064095
  0.829054  0.067087
  0.817006  0.070074
  0.804642  0.073045
  0.791974  0.075989
  0.779014  0.078895
  0.765777  0.081751
  0.752275  0.084546
  0.738522  0.087269
  0.724530  0.089910
  0.710315  0.092459
  0.695890  0.094907
  0.681270  0.097245
  0.666469  0.099467
  0.651503  0.101566
  0.636385  0.103535
  0.621131  0.105371
  0.605757  0.107070
  0.590277  0.108627
  0.574707  0.110040
  0.559063  0.111308
  0.543359  0.112427
  0.527613  0.113397
  0.511839  0.114218
  0.496053  0.114888
  0.480272  0.115408
  0.464509  0.115776
  0.448783  0.115994
  0.433107  0.116061
  0.417498  0.115978
  0.401971  0.115745
  0.386542  0.115363
  0.371226  0.114833
  0.356038  0.114156
  0.340994  0.113334
  0.326109  0.112366
  0.311396  0.111255
  0.296872  0.110002
  0.282550  0.108609
  0.268445  0.107077
  0.254571  0.105407
  0.240941  0.103604
  0.227570  0.101667
  0.214470  0.099601
  0.201655  0.097407
  0.189138  0.095088
  0.176930  0.092646
  0.165044  0.090086
  0.153492  0.087410
  0.142285  0.084623
  0.131435  0.081729
  0.120953  0.078733
  0.110848  0.075643
  0.101131  0.072466
  0.091812  0.069209
  0.082900  0.065883
  0.074403  0.062498
  0.066331  0.059067
  0.058691  0.055604
  0.051491  0.052123
  0.044738  0.048642
  0.038439  0.045178
  0.032600  0.041750
  0.027226  0.038375
  0.022325  0.035074
  0.017899  0.031865
  0.013954  0.028766
  0.010493  0.025794
  0.007520  0.022964
  0.005038  0.020290
  0.003050  0.017784
  0.001557  0.015456
  0.000561  0.013312
  0.000062  0.011358
  0.000062  0.009595
  0.000561  0.008025
  0.001557  0.006644
  0.003050  0.005450
  0.005038  0.004437
  0.007520  0.003598
  0.010493  0.002927
  0.013954  0.002414
  0.017899  0.002050
  0.022325  0.001826
  0.027226  0.001731
  0.032600  0.001756
  0.038439  0.001891
  0.044738  0.002126
  0.051491  0.002453
  0.058691  0.002864
  0.066331  0.003349
  0.074403  0.003903
  0.082900  0.004518
  0.091812  0.005187
  0.101131  0.005905
  0.110848  0.006667
  0.120953  0.007466
  0.131435  0.008300
  0.142285  0.009163
  0.153492  0.010053
  0.165044  0.010967
  0.176930  0.011902
  0.189138  0.012855
  0.201655  0.013824
  0.214470  0.014807
  0.227570  0.015801
  0.240941  0.016804
  0.254571  0.017814
  0.268445  0.018830
  0.282550  0.019849
  0.296872  0.020869
  0.311396  0.021889
  0.326109  0.022905
  0.340994  0.023917
  0.356038  0.024920
  0.371226  0.025912
  0.386542  0.026891
  0.401971  0.027852
  0.417498  0.028791
  0.433107  0.029704
  0.448783  0.030588
  0.464509  0.031436
  0.480272  0.032245
  0.496053  0.033008
  0.511839  0.033720
  0.527613  0.034377
  0.543359  0.034973
  0.559063  0.035502
  0.574707  0.035961
  0.590277  0.036344
  0.605757  0.036648
  0.621131  0.036870
  0.636385  0.037008
  0.651503  0.037059
  0.666469  0.037023
  0.681270  0.036898
  0.695890  0.036687
  0.710315  0.036391
  0.724530  0.036011
  0.738522  0.035550
  0.752275  0.035012
  0.765777  0.034401
  0.779014  0.033722
  0.791974  0.032980
  0.804642  0.032181
  0.817006  0.031329
  0.829054  0.030430
  0.840775  0.029490
  0.852155  0.028515
  0.863185  0.027508
  0.873852  0.026475
  0.884147  0.025421
  0.894059  0.024405
  0.903579  0.023389
  0.912695  0.022378
  0.921401  0.021378
  0.929686  0.020393
  0.937544  0.019428
  0.944964  0.018486
  0.951942  0.017571
  0.958469  0.016686
  0.964539  0.015834
  0.970146  0.015015
  0.975284  0.014231
  0.979948  0.013484
  0.984134  0.012773
  0.987838  0.012098
  0.991055  0.011459
  0.993782  0.010855
  0.996018  0.010285
  0.997759  0.009748
  0.999003  0.009242
  0.999751  0.008766
  1.000000  0.008318
