  1.000000  0.010528
  0.999751  0.011313
  0.999003  0.012161
  0.997759  0.013076
  0.996018  0.014065
  0.993782  0.015133
  0.991055  0.016286
  0.987838  0.017529
  0.984134  0.018866
  0.979948  0.020304
  0.975284  0.021846
  0.970146  0.023496
  0.964539  0.025256
  0.958469  0.027130
  0.951942  0.029119
  0.944964  0.031222
  0.937544  0.033438
  0.929686  0.035766
  0.921401  0.038202
  0.912695  0.040740
  0.903579  0.043375
  0.894059  0.046101
  0.884147  0.048909
  0.873852  0.051878
  0.863185  0.054895
  0.852155  0.057949
  0.840775  0.061032
  0.829054  0.064133
  0.817006  0.067239
  0.804642  0.070338
  0.791974  0.073417
  0.779014  0.076464
  0.765777  0.079466
  0.752275  0.082408
  0.738522  0.085279
  0.724530  0.088068
  0.710315  0.090761
  0.695890  0.093350
  0.681270  0.095825
  0.666469  0.098178
  0.651503  0.100401
  0.636385  0.102488
  0.621131  0.104434
  0.605757  0.106235
  0.590277  0.107887
  0.574707  0.109387
  0.559063  0.110733
  0.543359  0.111923
  0.527613  0.112957
  0.511839  0.113833
  0.496053  0.114553
  0.480272  0.115114
  0.464509  0.115519
  0.448783  0.115766
  0.433107  0.115857
  0.417498  0.115792
  0.401971  0.115573
  0.386542  0.115200
  0.371226  0.114676
  0.356038  0.114000
  0.340994  0.113176
  0.326109  0.112203
  0.311396  0.111085
  0.296872  0.109824
  0.282550  0.108420
  0.268445  0.106877
  0.254571  0.105197
  0.240941  0.103383
  0.227570  0.101436
  0.214470  0.099361
  0.201655  0.097160
  0.189138  0.094837
  0.176930  0.092394
  0.165044  0.089835
  0.153492  0.087163
  0.142285  0.084383
  0.131435  0.081500
  0.120953  0.078520
  0.110848  0.075447
  0.101131  0.072291
  0.091812  0.069058
  0.082900  0.065757
  0.074403  0.062398
  0.066331  0.058993
  0.058691  0.055555
  0.051491  0.052098
  0.044738  0.048637
  0.038439  0.045188
  0.032600  0.041769
  0.027226  0.038396
  0.022325  0.035087
  0.017899  0.031860
  0.013954  0.028731
  0.010493  0.025717
  0.007520  0.022832
  0.005038  0.020091
  0.003050  0.017504
  0.001557  0.015081
  0.000561  0.012831
  0.000062  0.010759
  0.000062  0.008868
  0.000561  0.007160
  0.001557  0.005634
  0.003050  0.004290
  0.005038  0.003124
  0.007520  0.002131
  0.010493  0.001307
  0.013954  0.000645
  0.017899  0.000138
  0.022325  -0.000221
  0.027226  -0.000441
  0.032600  -0.000529
  0.038439  -0.000494
  0.044738  -0.000342
  0.051491  -0.000082
  0.058691  0.000280
  0.066331  0.000735
  0.074403  0.001276
  0.082900  0.001898
  0.091812  0.002594
  0.101131  0.003357
  0.110848  0.004182
  0.120953  0.005062
  0.131435  0.005992
  0.142285  0.006968
  0.153492  0.007984
  0.165044  0.009036
  0.176930  0.010120
  0.189138  0.011231
  0.201655  0.012365
  0.214470  0.013519
  0.227570  0.014687
  0.240941  0.015866
  0.254571  0.017053
  0.268445  0.018245
  0.282550  0.019437
  0.296872  0.020626
  0.311396  0.021809
  0.326109  0.022983
  0.340994  0.024144
  0.356038  0.025288
  0.371226  0.026411
  0.386542  0.027509
  0.401971  0.028578
  0.417498  0.029614
  0.433107  0.030610
  0.448783  0.031562
  0.464509  0.032465
  0.480272  0.033313
  0.496053  0.034099
  0.511839  0.034818
  0.527613  0.035464
  0.543359  0.036032
  0.559063  0.036516
  0.574707  0.036910
  0.590277  0.037212
  0.605757  0.037416
  0.621131  0.037521
  0.636385  0.037524
  0.651503  0.037425
  0.666469  0.037222
  0.681270  0.036918
  0.695890  0.036514
  0.710315  0.036014
  0.724530  0.035421
  0.738522  0.034740
  0.752275  0.033977
  0.765777  0.033139
  0.779014  0.032233
  0.791974  0.031267
  0.804642  0.030248
  0.817006  0.029184
  0.829054  0.028085
  0.840775  0.026957
  0.852155  0.025807
  0.863185  0.024644
  0.873852  0.023474
  0.884147  0.022303
  0.894059  0.021183
  0.903579  0.020084
  0.912695  0.019008
  0.921401  0.017962
  0.929686  0.016949
  0.937544  0.015973
  0.944964  0.015036
  0.951942  0.014141
  0.958469  0.013289
  0.964539  0.012481
  0.970146  0.011716
  0.975284  0.010996
  0.979948  0.010318
  0.984134  0.009682
  0.987838  0.009087
  0.991055  0.008531
  0.993782  0.008011
  0.996018  0.007527
  0.997759  0.007076
  0.999003  0.006656
  0.999751  0.006264
  1.000000  0.005900
