  1.000000  0.009828
  0.999751  0.010591
  0.999003  0.011417
  0.997759  0.012312
  0.996018  0.013282
  0.993782  0.014334
  0.991055  0.015472
  0.987838  0.016705
  0.984134  0.018036
  0.979948  0.019472
  0.975284  0.021019
  0.970146  0.022680
  0.964539  0.024460
  0.958469  0.026362
  0.951942  0.028389
  0.944964  0.030542
  0.937544  0.032820
  0.929686  0.035222
  0.921401  0.037745
  0.912695  0.040385
  0.903579  0.043136
  0.894059  0.045992
  0.884147  0.048945
  0.873852  0.052074
  0.863185  0.055264
  0.852155  0.058506
  0.840775  0.061788
  0.829054  0.065098
  0.817006  0.068423
  0.804642  0.071749
  0.791974  0.075060
  0.779014  0.078343
  0.765777  0.081583
  0.752275  0.084764
  0.738522  0.087872
  0.724530  0.090895
  0.710315  0.093818
  0.695890  0.096630
  0.681270  0.099321
  0.666469  0.101882
  0.651503  0.104303
  0.636385  0.106578
  0.621131  0.108702
  0.605757  0.110669
  0.590277  0.112475
  0.574707  0.114117
  0.559063  0.115592
  0.543359  0.116900
  0.527613  0.118038
  0.511839  0.119007
  0.496053  0.119805
  0.480272  0.120433
  0.464509  0.120891
  0.448783  0.121180
  0.433107  0.121300
  0.417498  0.121252
  0.401971  0.121037
  0.386542  0.120658
  0.371226  0.120114
  0.356038  0.119410
  0.340994  0.118544
  0.326109  0.117521
  0.311396  0.116341
  0.296872  0.115007
  0.282550  0.113522
  0.268445  0.111888
  0.254571  0.110107
  0.240941  0.108183
  0.227570  0.106119
  0.214470  0.103918
  0.201655  0.101583
  0.189138  0.099118
  0.176930  0.096526
  0.165044  0.093811
  0.153492  0.090977
  0.142285  0.088029
  0.131435  0.084972
  0.120953  0.081813
  0.110848  0.078559
  0.101131  0.075218
  0.091812  0.071799
  0.082900  0.068312
  0.074403  0.064769
  0.066331  0.061182
  0.058691  0.057567
  0.051491  0.053940
  0.044738  0.050318
  0.038439  0.046720
  0.032600  0.043165
  0.027226  0.039674
  0.022325  0.036265
  0.017899  0.032959
  0.013954  0.029774
  0.010493  0.026729
  0.007520  0.023841
  0.005038  0.021122
  0.003050  0.018587
  0.001557  0.016245
  0.000561  0.014104
  0.000062  0.012168
  0.000062  0.010442
  0.000561  0.008923
  0.001557  0.007611
  0.003050  0.006501
  0.005038  0.005588
  0.007520  0.004865
  0.010493  0.004324
  0.013954  0.003954
  0.017899  0.003745
  0.022325  0.003688
  0.027226  0.003770
  0.032600  0.003982
  0.038439  0.004311
  0.044738  0.004748
  0.051491  0.005283
  0.058691  0.005906
  0.066331  0.006609
  0.074403  0.007383
  0.082900  0.008220
  0.091812  0.009114
  0.101131  0.010057
  0.110848  0.011044
  0.120953  0.012069
  0.131435  0.013128
  0.142285  0.014216
  0.153492  0.015329
  0.165044  0.016464
  0.176930  0.017619
  0.189138  0.018789
  0.201655  0.019972
  0.214470  0.021166
  0.227570  0.022367
  0.240941  0.023574
  0.254571  0.024783
  0.268445  0.025992
  0.282550  0.027199
  0.296872  0.028401
  0.311396  0.029596
  0.326109  0.030780
  0.340994  0.031951
  0.356038  0.033105
  0.371226  0.034237
  0.386542  0.035344
  0.401971  0.036420
  0.417498  0.037461
  0.433107  0.038460
  0.448783  0.039413
  0.464509  0.040311
  0.480272  0.041149
  0.496053  0.041919
  0.511839  0.042614
  0.527613  0.043226
  0.543359  0.043749
  0.559063  0.044175
  0.574707  0.044498
  0.590277  0.044711
  0.605757  0.044811
  0.621131  0.044792
  0.636385  0.044652
  0.651503  0.044389
  0.666469  0.044002
  0.681270  0.043492
  0.695890  0.042861
  0.710315  0.042112
  0.724530  0.041251
  0.738522  0.040284
  0.752275  0.039218
  0.765777  0.038063
  0.779014  0.036827
  0.791974  0.035522
  0.804642  0.034157
  0.817006  0.032746
  0.829054  0.031298
  0.840775  0.029825
  0.852155  0.028338
  0.863185  0.026846
  0.873852  0.025359
  0.884147  0.023885
  0.894059  0.022484
  0.903579  0.021119
  0.912695  0.019798
  0.921401  0.018526
  0.929686  0.017306
  0.937544  0.016143
  0.944964  0.015039
  0.951942  0.013996
  0.958469  0.013013
  0.964539  0.012092
  0.970146  0.011230
  0.975284  0.010427
  0.979948  0.009680
  0.984134  0.008987
  0.987838  0.008346
  0.991055  0.007752
  0.993782  0.007205
  0.996018  0.006700
  0.997759  0.006234
  0.999003  0.005805
  0.999751  0.005409
  1.000000  0.005044
