  1.000000  0.012273
  0.999751  0.013120
  0.999003  0.014030
  0.997759  0.015008
  0.996018  0.016059
  0.993782  0.017188
  0.991055  0.018400
  0.987838  0.019700
  0.984134  0.021092
  0.979948  0.022580
  0.975284  0.024168
  0.970146  0.025858
  0.964539  0.027651
  0.958469  0.029550
  0.951942  0.031553
  0.944964  0.033661
  0.937544  0.035871
  0.929686  0.038180
  0.921401  0.040584
  0.912695  0.043077
  0.903579  0.045653
  0.894059  0.048305
  0.884147  0.051026
  0.873852  0.053899
  0.863185  0.056804
  0.852155  0.059735
  0.840775  0.062682
  0.829054  0.065638
  0.817006  0.068593
  0.804642  0.071536
  0.791974  0.074456
  0.779014  0.077344
  0.765777  0.080187
  0.752275  0.082976
  0.738522  0.085699
  0.724530  0.088347
  0.710315  0.090911
  0.695890  0.093380
  0.681270  0.095748
  0.666469  0.098007
  0.651503  0.100150
  0.636385  0.102172
  0.621131  0.104067
  0.605757  0.105831
  0.590277  0.107460
  0.574707  0.108951
  0.559063  0.110301
  0.543359  0.111508
  0.527613  0.112569
  0.511839  0.113483
  0.496053  0.114249
  0.480272  0.114865
  0.464509  0.115331
  0.448783  0.115644
  0.433107  0.115806
  0.417498  0.115815
  0.401971  0.115671
  0.386542  0.115375
  0.371226  0.114926
  0.356038  0.114326
  0.340994  0.113574
  0.326109  0.112672
  0.311396  0.111620
  0.296872  0.110421
  0.282550  0.109075
  0.268445  0.107584
  0.254571  0.105951
  0.240941  0.104178
  0.227570  0.102268
  0.214470  0.100223
  0.201655  0.098046
  0.189138  0.095741
  0.176930  0.093310
  0.165044  0.090758
  0.153492  0.088088
  0.142285  0.085304
  0.131435  0.082412
  0.120953  0.079417
  0.110848  0.076327
  0.101131  0.073148
  0.091812  0.069888
  0.082900  0.066557
  0.074403  0.063166
  0.066331  0.059726
  0.058691  0.056250
  0.051491  0.052754
  0.044738  0.049253
  0.038439  0.045764
  0.032600  0.042305
  0.027226  0.038893
  0.022325  0.035547
  0.017899  0.032284
  0.013954  0.029123
  0.010493  0.026080
  0.007520  0.023169
  0.005038  0.020406
  0.003050  0.017801
  0.001557  0.015365
  0.000561  0.013106
  0.000062  0.011029
  0.000062  0.009137
  0.000561  0.007432
  0.001557  0.005914
  0.003050  0.004580
  0.005038  0.003426
  0.007520  0.002449
  0.010493  0.001642
  0.013954  0.000998
  0.017899  0.000511
  0.022325  0.000171
  0.027226  -0.000030
  0.032600  -0.000099
  0.038439  -0.000046
  0.044738  0.000122
  0.051491  0.000396
  0.058691  0.000770
  0.066331  0.001235
  0.074403  0.001784
  0.082900  0.002410
  0.091812  0.003107
  0.101131  0.003869
  0.110848  0.004689
  0.120953  0.005561
  0.131435  0.006479
  0.142285  0.007440
  0.153492  0.008437
  0.165044  0.009467
  0.176930  0.010524
  0.189138  0.011604
  0.201655  0.012703
  0.214470  0.013817
  0.227570  0.014942
  0.240941  0.016072
  0.254571  0.017206
  0.268445  0.018338
  0.282550  0.019466
  0.296872  0.020586
  0.311396  0.021694
  0.326109  0.022788
  0.340994  0.023863
  0.356038  0.024917
  0.371226  0.025946
  0.386542  0.026945
  0.401971  0.027912
  0.417498  0.028841
  0.433107  0.029729
  0.448783  0.030572
  0.464509  0.031364
  0.480272  0.032101
  0.496053  0.032778
  0.511839  0.033391
  0.527613  0.033934
  0.543359  0.034403
  0.559063  0.034794
  0.574707  0.035103
  0.590277  0.035326
  0.605757  0.035461
  0.621131  0.035506
  0.636385  0.035460
  0.651503  0.035321
  0.666469  0.035092
  0.681270  0.034771
  0.695890  0.034363
  0.710315  0.033870
  0.724530  0.033295
  0.738522  0.032643
  0.752275  0.031920
  0.765777  0.031131
  0.779014  0.030283
  0.791974  0.029381
  0.804642  0.028435
  0.817006  0.027449
  0.829054  0.026431
  0.840775  0.025389
  0.852155  0.024327
  0.863185  0.023254
  0.873852  0.022173
  0.884147  0.021090
  0.894059  0.020056
  0.903579  0.019039
  0.912695  0.018044
  0.921401  0.017074
  0.929686  0.016134
  0.937544  0.015227
  0.944964  0.014355
  0.951942  0.013520
  0.958469  0.012724
  0.964539  0.011967
  0.970146  0.011251
  0.975284  0.010574
  0.979948  0.009936
  0.984134  0.009336
  0.987838  0.008774
  0.991055  0.008248
  0.993782  0.007756
  0.996018  0.007296
  0.997759  0.006867
  0.999003  0.006467
  0.999751  0.006094
  1.000000  0.005745
