  1.000000  0.011105
  0.999751  0.011925
  0.999003  0.012809
  0.997759  0.013762
  0.996018  0.014792
  0.993782  0.015902
  0.991055  0.017099
  0.987838  0.018388
  0.984134  0.019774
  0.979948  0.021261
  0.975284  0.022854
  0.970146  0.024557
  0.964539  0.026372
  0.958469  0.028301
  0.951942  0.030346
  0.944964  0.032505
  0.937544  0.034778
  0.929686  0.037162
  0.921401  0.039653
  0.912695  0.042247
  0.903579  0.044937
  0.894059  0.047716
  0.884147  0.050577
  0.873852  0.053601
  0.863185  0.056672
  0.852155  0.059780
  0.840775  0.062915
  0.829054  0.066069
  0.817006  0.069228
  0.804642  0.072382
  0.791974  0.075519
  0.779014  0.078626
  0.765777  0.081690
  0.752275  0.084699
  0.738522  0.087641
  0.724530  0.090505
  0.710315  0.093279
  0.695890  0.095954
  0.681270  0.098521
  0.666469  0.100970
  0.651503  0.103295
  0.636385  0.105489
  0.621131  0.107547
  0.605757  0.109463
  0.590277  0.111234
  0.574707  0.112856
  0.559063  0.114326
  0.543359  0.115641
  0.527613  0.116799
  0.511839  0.117799
  0.496053  0.118639
  0.480272  0.119318
  0.464509  0.119836
  0.448783  0.120191
  0.433107  0.120382
  0.417498  0.120411
  0.401971  0.120276
  0.386542  0.119979
  0.371226  0.119519
  0.356038  0.118898
  0.340994  0.118116
  0.326109  0.117175
  0.311396  0.116075
  0.296872  0.114819
  0.282550  0.113408
  0.268445  0.111845
  0.254571  0.110132
  0.240941  0.108272
  0.227570  0.106268
  0.214470  0.104122
  0.201655  0.101838
  0.189138  0.099420
  0.176930  0.096871
  0.165044  0.094195
  0.153492  0.091397
  0.142285  0.088481
  0.131435  0.085452
  0.120953  0.082317
  0.110848  0.079084
  0.101131  0.075759
  0.091812  0.072353
  0.082900  0.068875
  0.074403  0.065336
  0.066331  0.061750
  0.058691  0.058131
  0.051491  0.054495
  0.044738  0.050858
  0.038439  0.047240
  0.032600  0.043659
  0.027226  0.040134
  0.022325  0.036685
  0.017899  0.033332
  0.013954  0.030093
  0.010493  0.026985
  0.007520  0.024026
  0.005038  0.021229
  0.003050  0.018608
  0.001557  0.016172
  0.000561  0.013929
  0.000062  0.011885
  0.000062  0.010043
  0.000561  0.008404
  0.001557  0.006966
  0.003050  0.005726
  0.005038  0.004679
  0.007520  0.003819
  0.010493  0.003140
  0.013954  0.002632
  0.017899  0.002286
  0.022325  0.002093
  0.027226  0.002043
  0.032600  0.002125
  0.038439  0.002330
  0.044738  0.002648
  0.051491  0.003070
  0.058691  0.003587
  0.066331  0.004191
  0.074403  0.004874
  0.082900  0.005627
  0.091812  0.006446
  0.101131  0.007322
  0.110848  0.008250
  0.120953  0.009224
  0.131435  0.010240
  0.142285  0.011292
  0.153492  0.012377
  0.165044  0.013491
  0.176930  0.014631
  0.189138  0.015794
  0.201655  0.016976
  0.214470  0.018174
  0.227570  0.019386
  0.240941  0.020608
  0.254571  0.021838
  0.268445  0.023074
  0.282550  0.024312
  0.296872  0.025551
  0.311396  0.026786
  0.326109  0.028017
  0.340994  0.029238
  0.356038  0.030446
  0.371226  0.031638
  0.386542  0.032809
  0.401971  0.033953
  0.417498  0.035066
  0.433107  0.036141
  0.448783  0.037172
  0.464509  0.038153
  0.480272  0.039077
  0.496053  0.039935
  0.511839  0.040721
  0.527613  0.041426
  0.543359  0.042044
  0.559063  0.042567
  0.574707  0.042988
  0.590277  0.043301
  0.605757  0.043502
  0.621131  0.043584
  0.636385  0.043546
  0.651503  0.043385
  0.666469  0.043101
  0.681270  0.042693
  0.695890  0.042164
  0.710315  0.041517
  0.724530  0.040756
  0.738522  0.039888
  0.752275  0.038920
  0.765777  0.037860
  0.779014  0.036717
  0.791974  0.035501
  0.804642  0.034223
  0.817006  0.032893
  0.829054  0.031523
  0.840775  0.030122
  0.852155  0.028701
  0.863185  0.027270
  0.873852  0.025837
  0.884147  0.024411
  0.894059  0.023051
  0.903579  0.021722
  0.912695  0.020430
  0.921401  0.019181
  0.929686  0.017979
  0.937544  0.016828
  0.944964  0.015731
  0.951942  0.014690
  0.958469  0.013706
  0.964539  0.012779
  0.970146  0.011909
  0.975284  0.011095
  0.979948  0.010335
  0.984134  0.009627
  0.987838  0.008969
  0.991055  0.008358
  0.993782  0.007792
  0.996018  0.007268
  0.997759  0.006783
  0.999003  0.006335
  0.999751  0.005920
  1.000000  0.005536
