  1.000000  0.011776
  0.999751  0.012605
  0.999003  0.013498
  0.997759  0.014458
  0.996018  0.015491
  0.993782  0.016603
  0.991055  0.017799
  0.987838  0.019083
  0.984134  0.020459
  0.979948  0.021932
  0.975284  0.023506
  0.970146  0.025184
  0.964539  0.026967
  0.958469  0.028857
  0.951942  0.030855
  0.944964  0.032960
  0.937544  0.035169
  0.929686  0.037481
  0.921401  0.039890
  0.912695  0.042392
  0.903579  0.044981
  0.894059  0.047650
  0.884147  0.050390
  0.873852  0.053285
  0.863185  0.056217
  0.852155  0.059177
  0.840775  0.062158
  0.829054  0.065150
  0.817006  0.068142
  0.804642  0.071124
  0.791974  0.074086
  0.779014  0.077015
  0.765777  0.079901
  0.752275  0.082731
  0.738522  0.085496
  0.724530  0.088185
  0.710315  0.090787
  0.695890  0.093294
  0.681270  0.095697
  0.666469  0.097989
  0.651503  0.100162
  0.636385  0.102212
  0.621131  0.104132
  0.605757  0.105919
  0.590277  0.107568
  0.574707  0.109076
  0.559063  0.110441
  0.543359  0.111660
  0.527613  0.112731
  0.511839  0.113653
  0.496053  0.114424
  0.480272  0.115044
  0.464509  0.115511
  0.448783  0.115825
  0.433107  0.115986
  0.417498  0.115993
  0.401971  0.115846
  0.386542  0.115545
  0.371226  0.115091
  0.356038  0.114486
  0.340994  0.113728
  0.326109  0.112820
  0.311396  0.111762
  0.296872  0.110557
  0.282550  0.109205
  0.268445  0.107710
  0.254571  0.106072
  0.240941  0.104296
  0.227570  0.102383
  0.214470  0.100336
  0.201655  0.098159
  0.189138  0.095854
  0.176930  0.093426
  0.165044  0.090878
  0.153492  0.088213
  0.142285  0.085437
  0.131435  0.082553
  0.120953  0.079568
  0.110848  0.076489
  0.101131  0.073322
  0.091812  0.070074
  0.082900  0.066755
  0.074403  0.063375
  0.066331  0.059946
  0.058691  0.056478
  0.051491  0.052988
  0.044738  0.049488
  0.038439  0.045996
  0.032600  0.042528
  0.027226  0.039101
  0.022325  0.035733
  0.017899  0.032440
  0.013954  0.029240
  0.010493  0.026148
  0.007520  0.023179
  0.005038  0.020347
  0.003050  0.017663
  0.001557  0.015139
  0.000561  0.012782
  0.000062  0.010598
  0.000062  0.008592
  0.000561  0.006765
  0.001557  0.005120
  0.003050  0.003655
  0.005038  0.002367
  0.007520  0.001255
  0.010493  0.000313
  0.013954  -0.000464
  0.017899  -0.001080
  0.022325  -0.001544
  0.027226  -0.001861
  0.032600  -0.002039
  0.038439  -0.002084
  0.044738  -0.002003
  0.051491  -0.001804
  0.058691  -0.001493
  0.066331  -0.001077
  0.074403  -0.000562
  0.082900  0.000044
  0.091812  0.000735
  0.101131  0.001505
  0.110848  0.002348
  0.120953  0.003257
  0.131435  0.004226
  0.142285  0.005250
  0.153492  0.006323
  0.165044  0.007439
  0.176930  0.008594
  0.189138  0.009782
  0.201655  0.010997
  0.214470  0.012236
  0.227570  0.013491
  0.240941  0.014760
  0.254571  0.016037
  0.268445  0.017317
  0.282550  0.018598
  0.296872  0.019873
  0.311396  0.021140
  0.326109  0.022395
  0.340994  0.023632
  0.356038  0.024849
  0.371226  0.026040
  0.386542  0.027202
  0.401971  0.028329
  0.417498  0.029416
  0.433107  0.030459
  0.448783  0.031452
  0.464509  0.032390
  0.480272  0.033266
  0.496053  0.034075
  0.511839  0.034811
  0.527613  0.035468
  0.543359  0.036040
  0.559063  0.036522
  0.574707  0.036910
  0.590277  0.037198
  0.605757  0.037383
  0.621131  0.037464
  0.636385  0.037437
  0.651503  0.037302
  0.666469  0.037060
  0.681270  0.036712
  0.695890  0.036260
  0.710315  0.035708
  0.724530  0.035061
  0.738522  0.034323
  0.752275  0.033502
  0.765777  0.032605
  0.779014  0.031640
  0.791974  0.030614
  0.804642  0.029537
  0.817006  0.028418
  0.829054  0.027265
  0.840775  0.026088
  0.852155  0.024893
  0.863185  0.023689
  0.873852  0.022483
  0.884147  0.021281
  0.894059  0.020135
  0.903579  0.019014
  0.912695  0.017922
  0.921401  0.016865
  0.929686  0.015846
  0.937544  0.014868
  0.944964  0.013934
  0.951942  0.013046
  0.958469  0.012204
  0.964539  0.011409
  0.970146  0.010661
  0.975284  0.009959
  0.979948  0.009302
  0.984134  0.008688
  0.987838  0.008116
  0.991055  0.007583
  0.993782  0.007089
  0.996018  0.006630
  0.997759  0.006204
  0.999003  0.005809
  0.999751  0.005442
  1.000000  0.005102
