  1.000000  0.017887
  0.999751  0.019091
  0.999003  0.020384
  0.997759  0.021772
  0.996018  0.023262
  0.993782  0.024861
  0.991055  0.026575
  0.987838  0.028412
  0.984134  0.030377
  0.979948  0.032474
  0.975284  0.034710
  0.970146  0.037086
  0.964539  0.039606
  0.958469  0.042270
  0.951942  0.045079
  0.944964  0.048030
  0.937544  0.051120
  0.929686  0.054344
  0.921401  0.057695
  0.912695  0.061165
  0.903579  0.064744
  0.894059  0.068422
  0.884147  0.072185
  0.873852  0.076151
  0.863185  0.080149
  0.852155  0.084168
  0.840775  0.088195
  0.829054  0.092215
  0.817006  0.096213
  0.804642  0.100174
  0.791974  0.104080
  0.779014  0.107915
  0.765777  0.111662
  0.752275  0.115306
  0.738522  0.118830
  0.724530  0.122221
  0.710315  0.125465
  0.695890  0.128549
  0.681270  0.131465
  0.666469  0.134202
  0.651503  0.136755
  0.636385  0.139117
  0.621131  0.141284
  0.605757  0.143255
  0.590277  0.145028
  0.574707  0.146602
  0.559063  0.147980
  0.543359  0.149162
  0.527613  0.150152
  0.511839  0.150952
  0.496053  0.151568
  0.480272  0.152001
  0.464509  0.152257
  0.448783  0.152339
  0.433107  0.152252
  0.417498  0.151998
  0.401971  0.151581
  0.386542  0.151005
  0.371226  0.150273
  0.356038  0.149387
  0.340994  0.148348
  0.326109  0.147159
  0.311396  0.145821
  0.296872  0.144335
  0.282550  0.142700
  0.268445  0.140918
  0.254571  0.138988
  0.240941  0.136910
  0.227570  0.134684
  0.214470  0.132309
  0.201655  0.129784
  0.189138  0.127109
  0.176930  0.124283
  0.165044  0.121305
  0.153492  0.118176
  0.142285  0.114896
  0.131435  0.111465
  0.120953  0.107886
  0.110848  0.104162
  0.101131  0.100296
  0.091812  0.096293
  0.082900  0.092160
  0.074403  0.087905
  0.066331  0.083537
  0.058691  0.079069
  0.051491  0.074513
  0.044738  0.069886
  0.038439  0.065203
  0.032600  0.060484
  0.027226  0.055747
  0.022325  0.051013
  0.017899  0.046302
  0.013954  0.041636
  0.010493  0.037034
  0.007520  0.032518
  0.005038  0.028107
  0.003050  0.023819
  0.001557  0.019672
  0.000561  0.015683
  0.000062  0.011866
  0.000062  0.008236
  0.000561  0.004805
  0.001557  0.001585
  0.003050  -0.001414
  0.005038  -0.004182
  0.007520  -0.006710
  0.010493  -0.008990
  0.013954  -0.011014
  0.017899  -0.012776
  0.022325  -0.014270
  0.027226  -0.015490
  0.032600  -0.016432
  0.038439  -0.017092
  0.044738  -0.017467
  0.051491  -0.017554
  0.058691  -0.017354
  0.066331  -0.016868
  0.074403  -0.016098
  0.082900  -0.015050
  0.091812  -0.013729
  0.101131  -0.012145
  0.110848  -0.010307
  0.120953  -0.008229
  0.131435  -0.005925
  0.142285  -0.003411
  0.153492  -0.000707
  0.165044  0.002167
  0.176930  0.005191
  0.189138  0.008342
  0.201655  0.011595
  0.214470  0.014927
  0.227570  0.018313
  0.240941  0.021731
  0.254571  0.025156
  0.268445  0.028568
  0.282550  0.031945
  0.296872  0.035268
  0.311396  0.038519
  0.326109  0.041682
  0.340994  0.044742
  0.356038  0.047687
  0.371226  0.050505
  0.386542  0.053186
  0.401971  0.055721
  0.417498  0.058101
  0.433107  0.060320
  0.448783  0.062370
  0.464509  0.064247
  0.480272  0.065944
  0.496053  0.067458
  0.511839  0.068783
  0.527613  0.069917
  0.543359  0.070855
  0.559063  0.071595
  0.574707  0.072136
  0.590277  0.072477
  0.605757  0.072618
  0.621131  0.072561
  0.636385  0.072309
  0.651503  0.071865
  0.666469  0.071237
  0.681270  0.070429
  0.695890  0.069451
  0.710315  0.068312
  0.724530  0.067021
  0.738522  0.065590
  0.752275  0.064030
  0.765777  0.062353
  0.779014  0.060573
  0.791974  0.058703
  0.804642  0.056756
  0.817006  0.054745
  0.829054  0.052683
  0.840775  0.050583
  0.852155  0.048455
  0.863185  0.046311
  0.873852  0.044159
  0.884147  0.042008
  0.894059  0.039959
  0.903579  0.037946
  0.912695  0.035977
  0.921401  0.034060
  0.929686  0.032202
  0.937544  0.030409
  0.944964  0.028684
  0.951942  0.027032
  0.958469  0.025455
  0.964539  0.023955
  0.970146  0.022532
  0.975284  0.021186
  0.979948  0.019917
  0.984134  0.018723
  0.987838  0.017602
  0.991055  0.016551
  0.993782  0.015567
  0.996018  0.014647
  0.997759  0.013788
  0.999003  0.012986
  0.999751  0.012238
  1.000000  0.011538
