  1.000000  0.015986
  0.999751  0.017108
  0.999003  0.018314
  0.997759  0.019612
  0.996018  0.021009
  0.993782  0.022511
  0.991055  0.024127
  0.987838  0.025862
  0.984134  0.027722
  0.979948  0.029713
  0.975284  0.031840
  0.970146  0.034106
  0.964539  0.036516
  0.958469  0.039070
  0.951942  0.041770
  0.944964  0.044613
  0.937544  0.047599
  0.929686  0.050722
  0.921401  0.053976
  0.912695  0.057355
  0.903579  0.060850
  0.894059  0.064451
  0.884147  0.068146
  0.873852  0.072048
  0.863185  0.075994
  0.852155  0.079976
  0.840775  0.083979
  0.829054  0.087991
  0.817006  0.091996
  0.804642  0.095980
  0.791974  0.099926
  0.779014  0.103818
  0.765777  0.107641
  0.752275  0.111378
  0.738522  0.115014
  0.724530  0.118535
  0.710315  0.121927
  0.695890  0.125178
  0.681270  0.128277
  0.666469  0.131215
  0.651503  0.133983
  0.636385  0.136575
  0.621131  0.138986
  0.605757  0.141211
  0.590277  0.143248
  0.574707  0.145093
  0.559063  0.146747
  0.543359  0.148207
  0.527613  0.149475
  0.511839  0.150552
  0.496053  0.151438
  0.480272  0.152134
  0.464509  0.152642
  0.448783  0.152964
  0.433107  0.153101
  0.417498  0.153054
  0.401971  0.152825
  0.386542  0.152416
  0.371226  0.151829
  0.356038  0.151065
  0.340994  0.150125
  0.326109  0.149010
  0.311396  0.147722
  0.296872  0.146262
  0.282550  0.144631
  0.268445  0.142830
  0.254571  0.140861
  0.240941  0.138725
  0.227570  0.136423
  0.214470  0.133956
  0.201655  0.131327
  0.189138  0.128536
  0.176930  0.125585
  0.165044  0.122477
  0.153492  0.119213
  0.142285  0.115795
  0.131435  0.112228
  0.120953  0.108514
  0.110848  0.104659
  0.101131  0.100668
  0.091812  0.096548
  0.082900  0.092306
  0.074403  0.087951
  0.066331  0.083495
  0.058691  0.078950
  0.051491  0.074329
  0.044738  0.069649
  0.038439  0.064926
  0.032600  0.060178
  0.027226  0.055425
  0.022325  0.050686
  0.017899  0.045982
  0.013954  0.041332
  0.010493  0.036757
  0.007520  0.032276
  0.005038  0.027909
  0.003050  0.023672
  0.001557  0.019583
  0.000561  0.015657
  0.000062  0.011908
  0.000062  0.008350
  0.000561  0.004993
  0.001557  0.001848
  0.003050  -0.001075
  0.005038  -0.003769
  0.007520  -0.006224
  0.010493  -0.008434
  0.013954  -0.010393
  0.017899  -0.012096
  0.022325  -0.013537
  0.027226  -0.014714
  0.032600  -0.015621
  0.038439  -0.016258
  0.044738  -0.016621
  0.051491  -0.016710
  0.058691  -0.016525
  0.066331  -0.016070
  0.074403  -0.015346
  0.082900  -0.014360
  0.091812  -0.013118
  0.101131  -0.011628
  0.110848  -0.009902
  0.120953  -0.007950
  0.131435  -0.005787
  0.142285  -0.003429
  0.153492  -0.000893
  0.165044  0.001804
  0.176930  0.004642
  0.189138  0.007600
  0.201655  0.010656
  0.214470  0.013789
  0.227570  0.016977
  0.240941  0.020200
  0.254571  0.023436
  0.268445  0.026667
  0.282550  0.029872
  0.296872  0.033036
  0.311396  0.036142
  0.326109  0.039175
  0.340994  0.042121
  0.356038  0.044969
  0.371226  0.047708
  0.386542  0.050327
  0.401971  0.052819
  0.417498  0.055174
  0.433107  0.057385
  0.448783  0.059446
  0.464509  0.061349
  0.480272  0.063088
  0.496053  0.064659
  0.511839  0.066055
  0.527613  0.067273
  0.543359  0.068307
  0.559063  0.069154
  0.574707  0.069813
  0.590277  0.070280
  0.605757  0.070556
  0.621131  0.070642
  0.636385  0.070539
  0.651503  0.070251
  0.666469  0.069783
  0.681270  0.069140
  0.695890  0.068330
  0.710315  0.067362
  0.724530  0.066243
  0.738522  0.064984
  0.752275  0.063596
  0.765777  0.062090
  0.779014  0.060478
  0.791974  0.058772
  0.804642  0.056985
  0.817006  0.055128
  0.829054  0.053212
  0.840775  0.051250
  0.852155  0.049250
  0.863185  0.047224
  0.873852  0.045180
  0.884147  0.043125
  0.894059  0.041162
  0.903579  0.039223
  0.912695  0.037318
  0.921401  0.035454
  0.929686  0.033638
  0.937544  0.031877
  0.944964  0.030175
  0.951942  0.028537
  0.958469  0.026966
  0.964539  0.025465
  0.970146  0.024035
  0.975284  0.022676
  0.979948  0.021389
  0.984134  0.020172
  0.987838  0.019025
  0.991055  0.017946
  0.993782  0.016932
  0.996018  0.015981
  0.997759  0.015089
  0.999003  0.014253
  0.999751  0.013470
  1.000000  0.012736
