  1.000000  0.015602
  0.999751  0.016700
  0.999003  0.017880
  0.997759  0.019151
  0.996018  0.020519
  0.993782  0.021991
  0.991055  0.023575
  0.987838  0.025275
  0.984134  0.027100
  0.979948  0.029053
  0.975284  0.031141
  0.970146  0.033367
  0.964539  0.035734
  0.958469  0.038245
  0.951942  0.040899
  0.944964  0.043695
  0.937544  0.046633
  0.929686  0.049706
  0.921401  0.052909
  0.912695  0.056236
  0.903579  0.059676
  0.894059  0.063221
  0.884147  0.066859
  0.873852  0.070698
  0.863185  0.074580
  0.852155  0.078494
  0.840775  0.082427
  0.829054  0.086364
  0.817006  0.090291
  0.804642  0.094191
  0.791974  0.098047
  0.779014  0.101844
  0.765777  0.105565
  0.752275  0.109194
  0.738522  0.112714
  0.724530  0.116112
  0.710315  0.119375
  0.695890  0.122490
  0.681270  0.125448
  0.666469  0.128239
  0.651503  0.130856
  0.636385  0.133294
  0.621131  0.135549
  0.605757  0.137618
  0.590277  0.139500
  0.574707  0.141194
  0.559063  0.142700
  0.543359  0.144021
  0.527613  0.145158
  0.511839  0.146114
  0.496053  0.146892
  0.480272  0.147495
  0.464509  0.147926
  0.448783  0.148189
  0.433107  0.148287
  0.417498  0.148222
  0.401971  0.147997
  0.386542  0.147615
  0.371226  0.147078
  0.356038  0.146387
  0.340994  0.145544
  0.326109  0.144550
  0.311396  0.143405
  0.296872  0.142109
  0.282550  0.140662
  0.268445  0.139063
  0.254571  0.137313
  0.240941  0.135410
  0.227570  0.133352
  0.214470  0.131140
  0.201655  0.128771
  0.189138  0.126245
  0.176930  0.123559
  0.165044  0.120714
  0.153492  0.117708
  0.142285  0.114542
  0.131435  0.111216
  0.120953  0.107731
  0.110848  0.104090
  0.101131  0.100298
  0.091812  0.096359
  0.082900  0.092279
  0.074403  0.088068
  0.066331  0.083735
  0.058691  0.079293
  0.051491  0.074756
  0.044738  0.070140
  0.038439  0.065464
  0.032600  0.060746
  0.027226  0.056007
  0.022325  0.051267
  0.017899  0.046550
  0.013954  0.041876
  0.010493  0.037268
  0.007520  0.032746
  0.005038  0.028330
  0.003050  0.024039
  0.001557  0.019892
  0.000561  0.015903
  0.000062  0.012089
  0.000062  0.008461
  0.000561  0.005032
  0.001557  0.001812
  0.003050  -0.001191
  0.005038  -0.003968
  0.007520  -0.006513
  0.010493  -0.008818
  0.013954  -0.010879
  0.017899  -0.012692
  0.022325  -0.014253
  0.027226  -0.015558
  0.032600  -0.016606
  0.038439  -0.017394
  0.044738  -0.017923
  0.051491  -0.018192
  0.058691  -0.018203
  0.066331  -0.017958
  0.074403  -0.017462
  0.082900  -0.016720
  0.091812  -0.015739
  0.101131  -0.014527
  0.110848  -0.013095
  0.120953  -0.011454
  0.131435  -0.009618
  0.142285  -0.007599
  0.153492  -0.005414
  0.165044  -0.003079
  0.176930  -0.000611
  0.189138  0.001972
  0.201655  0.004651
  0.214470  0.007407
  0.227570  0.010222
  0.240941  0.013078
  0.254571  0.015957
  0.268445  0.018844
  0.282550  0.021721
  0.296872  0.024575
  0.311396  0.027392
  0.326109  0.030159
  0.340994  0.032866
  0.356038  0.035503
  0.371226  0.038059
  0.386542  0.040528
  0.401971  0.042901
  0.417498  0.045171
  0.433107  0.047332
  0.448783  0.049377
  0.464509  0.051301
  0.480272  0.053098
  0.496053  0.054763
  0.511839  0.056291
  0.527613  0.057676
  0.543359  0.058915
  0.559063  0.060003
  0.574707  0.060938
  0.590277  0.061716
  0.605757  0.062335
  0.621131  0.062796
  0.636385  0.063098
  0.651503  0.063242
  0.666469  0.063230
  0.681270  0.063065
  0.695890  0.062753
  0.710315  0.062297
  0.724530  0.061702
  0.738522  0.060977
  0.752275  0.060126
  0.765777  0.059157
  0.779014  0.058078
  0.791974  0.056898
  0.804642  0.055625
  0.817006  0.054265
  0.829054  0.052828
  0.840775  0.051322
  0.852155  0.049752
  0.863185  0.048126
  0.873852  0.046450
  0.884147  0.044730
  0.894059  0.043070
  0.903579  0.041402
  0.912695  0.039733
  0.921401  0.038073
  0.929686  0.036429
  0.937544  0.034808
  0.944964  0.033218
  0.951942  0.031664
  0.958469  0.030152
  0.964539  0.028686
  0.970146  0.027271
  0.975284  0.025910
  0.979948  0.024604
  0.984134  0.023356
  0.987838  0.022166
  0.991055  0.021035
  0.993782  0.019961
  0.996018  0.018943
  0.997759  0.017981
  0.999003  0.017071
  0.999751  0.016212
  1.000000  0.015400
