  1.000000  0.016520
  0.999751  0.017658
  0.999003  0.018881
  0.997759  0.020196
  0.996018  0.021609
  0.993782  0.023127
  0.991055  0.024758
  0.987838  0.026507
  0.984134  0.028380
  0.979948  0.030383
  0.975284  0.032520
  0.970146  0.034795
  0.964539  0.037211
  0.958469  0.039769
  0.951942  0.042469
  0.944964  0.045311
  0.937544  0.048290
  0.929686  0.051403
  0.921401  0.054644
  0.912695  0.058005
  0.903579  0.061477
  0.894059  0.065050
  0.884147  0.068714
  0.873852  0.072579
  0.863185  0.076484
  0.852155  0.080419
  0.840775  0.084370
  0.829054  0.088325
  0.817006  0.092270
  0.804642  0.096188
  0.791974  0.100065
  0.779014  0.103885
  0.765777  0.107631
  0.752275  0.111290
  0.738522  0.114845
  0.724530  0.118282
  0.710315  0.121589
  0.695890  0.124755
  0.681270  0.127767
  0.666469  0.130618
  0.651503  0.133300
  0.636385  0.135806
  0.621131  0.138132
  0.605757  0.140275
  0.590277  0.142231
  0.574707  0.143998
  0.559063  0.145577
  0.543359  0.146968
  0.527613  0.148170
  0.511839  0.149185
  0.496053  0.150016
  0.480272  0.150663
  0.464509  0.151129
  0.448783  0.151415
  0.433107  0.151524
  0.417498  0.151457
  0.401971  0.151216
  0.386542  0.150804
  0.371226  0.150221
  0.356038  0.149470
  0.340994  0.148551
  0.326109  0.147466
  0.311396  0.146215
  0.296872  0.144800
  0.282550  0.143221
  0.268445  0.141479
  0.254571  0.139574
  0.240941  0.137506
  0.227570  0.135278
  0.214470  0.132889
  0.201655  0.130339
  0.189138  0.127630
  0.176930  0.124762
  0.165044  0.121737
  0.153492  0.118554
  0.142285  0.115217
  0.131435  0.111728
  0.120953  0.108089
  0.110848  0.104305
  0.101131  0.100381
  0.091812  0.096323
  0.082900  0.092137
  0.074403  0.087834
  0.066331  0.083423
  0.058691  0.078916
  0.051491  0.074328
  0.044738  0.069674
  0.038439  0.064970
  0.032600  0.060235
  0.027226  0.055489
  0.022325  0.050750
  0.017899  0.046040
  0.013954  0.041378
  0.010493  0.036784
  0.007520  0.032279
  0.005038  0.027882
  0.003050  0.023609
  0.001557  0.019478
  0.000561  0.015504
  0.000062  0.011702
  0.000062  0.008083
  0.000561  0.004661
  0.001557  0.001444
  0.003050  -0.001558
  0.005038  -0.004336
  0.007520  -0.006882
  0.010493  -0.009191
  0.013954  -0.011255
  0.017899  -0.013069
  0.022325  -0.014630
  0.027226  -0.015932
  0.032600  -0.016972
  0.038439  -0.017749
  0.044738  -0.018260
  0.051491  -0.018504
  0.058691  -0.018482
  0.066331  -0.018197
  0.074403  -0.017650
  0.082900  -0.016849
  0.091812  -0.015798
  0.101131  -0.014506
  0.110848  -0.012982
  0.120953  -0.011239
  0.131435  -0.009288
  0.142285  -0.007144
  0.153492  -0.004822
  0.165044  -0.002339
  0.176930  0.000287
  0.189138  0.003038
  0.201655  0.005895
  0.214470  0.008838
  0.227570  0.011849
  0.240941  0.014908
  0.254571  0.017997
  0.268445  0.021099
  0.282550  0.024196
  0.296872  0.027273
  0.311396  0.030315
  0.326109  0.033308
  0.340994  0.036240
  0.356038  0.039098
  0.371226  0.041872
  0.386542  0.044551
  0.401971  0.047125
  0.417498  0.049585
  0.433107  0.051922
  0.448783  0.054127
  0.464509  0.056192
  0.480272  0.058109
  0.496053  0.059869
  0.511839  0.061466
  0.527613  0.062891
  0.543359  0.064139
  0.559063  0.065204
  0.574707  0.066081
  0.590277  0.066767
  0.605757  0.067258
  0.621131  0.067555
  0.636385  0.067658
  0.651503  0.067568
  0.666469  0.067290
  0.681270  0.066829
  0.695890  0.066190
  0.710315  0.065383
  0.724530  0.064417
  0.738522  0.063299
  0.752275  0.062043
  0.765777  0.060659
  0.779014  0.059159
  0.791974  0.057557
  0.804642  0.055864
  0.817006  0.054095
  0.829054  0.052259
  0.840775  0.050371
  0.852155  0.048440
  0.863185  0.046476
  0.873852  0.044489
  0.884147  0.042488
  0.894059  0.040573
  0.903579  0.038679
  0.912695  0.036816
  0.921401  0.034991
  0.929686  0.033211
  0.937544  0.031484
  0.944964  0.029814
  0.951942  0.028205
  0.958469  0.026662
  0.964539  0.025186
  0.970146  0.023780
  0.975284  0.022443
  0.979948  0.021177
  0.984134  0.019979
  0.987838  0.018850
  0.991055  0.017787
  0.993782  0.016788
  0.996018  0.015851
  0.997759  0.014971
  0.999003  0.014147
  0.999751  0.013375
  1.000000  0.012651
