  1.000000  0.015783
  0.999751  0.016890
  0.999003  0.018080
  0.997759  0.019361
  0.996018  0.020740
  0.993782  0.022224
  0.991055  0.023820
  0.987838  0.025534
  0.984134  0.027372
  0.979948  0.029340
  0.975284  0.031444
  0.970146  0.033686
  0.964539  0.036070
  0.958469  0.038597
  0.951942  0.041270
  0.944964  0.044085
  0.937544  0.047041
  0.929686  0.050134
  0.921401  0.053358
  0.912695  0.056704
  0.903579  0.060165
  0.894059  0.063730
  0.884147  0.067388
  0.873852  0.071246
  0.863185  0.075148
  0.852155  0.079079
  0.840775  0.083028
  0.829054  0.086980
  0.817006  0.090919
  0.804642  0.094829
  0.791974  0.098693
  0.779014  0.102495
  0.765777  0.106219
  0.752275  0.109847
  0.738522  0.113364
  0.724530  0.116756
  0.710315  0.120010
  0.695890  0.123114
  0.681270  0.126057
  0.666469  0.128832
  0.651503  0.131431
  0.636385  0.133849
  0.621131  0.136083
  0.605757  0.138131
  0.590277  0.139991
  0.574707  0.141664
  0.559063  0.143152
  0.543359  0.144455
  0.527613  0.145577
  0.511839  0.146521
  0.496053  0.147290
  0.480272  0.147890
  0.464509  0.148322
  0.448783  0.148592
  0.433107  0.148702
  0.417498  0.148655
  0.401971  0.148454
  0.386542  0.148103
  0.371226  0.147604
  0.356038  0.146958
  0.340994  0.146166
  0.326109  0.145228
  0.311396  0.144146
  0.296872  0.142918
  0.282550  0.141544
  0.268445  0.140022
  0.254571  0.138352
  0.240941  0.136531
  0.227570  0.134557
  0.214470  0.132428
  0.201655  0.130142
  0.189138  0.127697
  0.176930  0.125089
  0.165044  0.122317
  0.153492  0.119379
  0.142285  0.116274
  0.131435  0.113001
  0.120953  0.109560
  0.110848  0.105955
  0.101131  0.102187
  0.091812  0.098261
  0.082900  0.094183
  0.074403  0.089961
  0.066331  0.085605
  0.058691  0.081128
  0.051491  0.076543
  0.044738  0.071868
  0.038439  0.067120
  0.032600  0.062319
  0.027226  0.057487
  0.022325  0.052645
  0.017899  0.047817
  0.013954  0.043024
  0.010493  0.038289
  0.007520  0.033635
  0.005038  0.029082
  0.003050  0.024650
  0.001557  0.020359
  0.000561  0.016224
  0.000062  0.012263
  0.000062  0.008487
  0.000561  0.004911
  0.001557  0.001545
  0.003050  -0.001602
  0.005038  -0.004521
  0.007520  -0.007203
  0.010493  -0.009643
  0.013954  -0.011833
  0.017899  -0.013769
  0.022325  -0.015447
  0.027226  -0.016863
  0.032600  -0.018014
  0.038439  -0.018898
  0.044738  -0.019513
  0.051491  -0.019861
  0.058691  -0.019941
  0.066331  -0.019755
  0.074403  -0.019309
  0.082900  -0.018607
  0.091812  -0.017655
  0.101131  -0.016463
  0.110848  -0.015040
  0.120953  -0.013398
  0.131435  -0.011550
  0.142285  -0.009510
  0.153492  -0.007293
  0.165044  -0.004916
  0.176930  -0.002397
  0.189138  0.000247
  0.201655  0.002996
  0.214470  0.005832
  0.227570  0.008736
  0.240941  0.011689
  0.254571  0.014674
  0.268445  0.017674
  0.282550  0.020674
  0.296872  0.023657
  0.311396  0.026609
  0.326109  0.029519
  0.340994  0.032374
  0.356038  0.035163
  0.371226  0.037877
  0.386542  0.040505
  0.401971  0.043040
  0.417498  0.045474
  0.433107  0.047797
  0.448783  0.050005
  0.464509  0.052088
  0.480272  0.054040
  0.496053  0.055855
  0.511839  0.057526
  0.527613  0.059047
  0.543359  0.060412
  0.559063  0.061617
  0.574707  0.062656
  0.590277  0.063527
  0.605757  0.064228
  0.621131  0.064755
  0.636385  0.065111
  0.651503  0.065294
  0.666469  0.065308
  0.681270  0.065156
  0.695890  0.064842
  0.710315  0.064372
  0.724530  0.063752
  0.738522  0.062990
  0.752275  0.062091
  0.765777  0.061066
  0.779014  0.059923
  0.791974  0.058671
  0.804642  0.057319
  0.817006  0.055877
  0.829054  0.054354
  0.840775  0.052759
  0.852155  0.051099
  0.863185  0.049382
  0.873852  0.047617
  0.884147  0.045808
  0.894059  0.044063
  0.903579  0.042313
  0.912695  0.040566
  0.921401  0.038832
  0.929686  0.037118
  0.937544  0.035432
  0.944964  0.033781
  0.951942  0.032171
  0.958469  0.030607
  0.964539  0.029094
  0.970146  0.027636
  0.975284  0.026236
  0.979948  0.024895
  0.984134  0.023616
  0.987838  0.022398
  0.991055  0.021241
  0.993782  0.020145
  0.996018  0.019107
  0.997759  0.018127
  0.999003  0.017202
  0.999751  0.016329
  1.000000  0.015505
