  1.000000  0.016047
  0.999751  0.017182
  0.999003  0.018404
  0.997759  0.019720
  0.996018  0.021137
  0.993782  0.022663
  0.991055  0.024304
  0.987838  0.026068
  0.984134  0.027960
  0.979948  0.029988
  0.975284  0.032156
  0.970146  0.034468
  0.964539  0.036928
  0.958469  0.039538
  0.951942  0.042299
  0.944964  0.045209
  0.937544  0.048266
  0.929686  0.051467
  0.921401  0.054804
  0.912695  0.058270
  0.903579  0.061857
  0.894059  0.065554
  0.884147  0.069348
  0.873852  0.073352
  0.863185  0.077402
  0.852155  0.081485
  0.840775  0.085589
  0.829054  0.089696
  0.817006  0.093791
  0.804642  0.097858
  0.791974  0.101877
  0.779014  0.105832
  0.765777  0.109703
  0.752275  0.113475
  0.738522  0.117131
  0.724530  0.120653
  0.710315  0.124029
  0.695890  0.127245
  0.681270  0.130290
  0.666469  0.133154
  0.651503  0.135830
  0.636385  0.138310
  0.621131  0.140591
  0.605757  0.142670
  0.590277  0.144545
  0.574707  0.146215
  0.559063  0.147680
  0.543359  0.148943
  0.527613  0.150005
  0.511839  0.150870
  0.496053  0.151540
  0.480272  0.152021
  0.464509  0.152314
  0.448783  0.152425
  0.433107  0.152356
  0.417498  0.152112
  0.401971  0.151696
  0.386542  0.151111
  0.371226  0.150360
  0.356038  0.149447
  0.340994  0.148373
  0.326109  0.147140
  0.311396  0.145750
  0.296872  0.144206
  0.282550  0.142507
  0.268445  0.140655
  0.254571  0.138650
  0.240941  0.136494
  0.227570  0.134187
  0.214470  0.131729
  0.201655  0.129121
  0.189138  0.126363
  0.176930  0.123455
  0.165044  0.120399
  0.153492  0.117195
  0.142285  0.113844
  0.131435  0.110348
  0.120953  0.106711
  0.110848  0.102936
  0.101131  0.099027
  0.091812  0.094991
  0.082900  0.090834
  0.074403  0.086566
  0.066331  0.082195
  0.058691  0.077735
  0.051491  0.073200
  0.044738  0.068604
  0.038439  0.063964
  0.032600  0.059300
  0.027226  0.054628
  0.022325  0.049971
  0.017899  0.045348
  0.013954  0.040779
  0.010493  0.036284
  0.007520  0.031885
  0.005038  0.027598
  0.003050  0.023443
  0.001557  0.019436
  0.000561  0.015592
  0.000062  0.011926
  0.000062  0.008450
  0.000561  0.005177
  0.001557  0.002116
  0.003050  -0.000724
  0.005038  -0.003334
  0.007520  -0.005707
  0.010493  -0.007835
  0.013954  -0.009714
  0.017899  -0.011338
  0.022325  -0.012703
  0.027226  -0.013806
  0.032600  -0.014642
  0.038439  -0.015211
  0.044738  -0.015511
  0.051491  -0.015541
  0.058691  -0.015302
  0.066331  -0.014797
  0.074403  -0.014029
  0.082900  -0.013004
  0.091812  -0.011728
  0.101131  -0.010211
  0.110848  -0.008462
  0.120953  -0.006494
  0.131435  -0.004321
  0.142285  -0.001957
  0.153492  0.000580
  0.165044  0.003272
  0.176930  0.006099
  0.189138  0.009042
  0.201655  0.012080
  0.214470  0.015190
  0.227570  0.018352
  0.240941  0.021545
  0.254571  0.024749
  0.268445  0.027945
  0.282550  0.031115
  0.296872  0.034241
  0.311396  0.037308
  0.326109  0.040303
  0.340994  0.043212
  0.356038  0.046024
  0.371226  0.048729
  0.386542  0.051318
  0.401971  0.053783
  0.417498  0.056117
  0.433107  0.058312
  0.448783  0.060364
  0.464509  0.062267
  0.480272  0.064014
  0.496053  0.065603
  0.511839  0.067029
  0.527613  0.068287
  0.543359  0.069374
  0.559063  0.070288
  0.574707  0.071027
  0.590277  0.071588
  0.605757  0.071972
  0.621131  0.072180
  0.636385  0.072213
  0.651503  0.072073
  0.666469  0.071765
  0.681270  0.071294
  0.695890  0.070665
  0.710315  0.069885
  0.724530  0.068961
  0.738522  0.067901
  0.752275  0.066714
  0.765777  0.065408
  0.779014  0.063993
  0.791974  0.062479
  0.804642  0.060875
  0.817006  0.059190
  0.829054  0.057434
  0.840775  0.055616
  0.852155  0.053743
  0.863185  0.051824
  0.873852  0.049866
  0.884147  0.047874
  0.894059  0.045960
  0.903579  0.044051
  0.912695  0.042156
  0.921401  0.040282
  0.929686  0.038438
  0.937544  0.036632
  0.944964  0.034869
  0.951942  0.033156
  0.958469  0.031497
  0.964539  0.029897
  0.970146  0.028360
  0.975284  0.026887
  0.979948  0.025480
  0.984134  0.024141
  0.987838  0.022869
  0.991055  0.021663
  0.993782  0.020523
  0.996018  0.019446
  0.997759  0.018430
  0.999003  0.017473
  0.999751  0.016571
  1.000000  0.015721
