  1.000000  0.013904
  0.999751  0.014937
  0.999003  0.016052
  0.997759  0.017257
  0.996018  0.018558
  0.993782  0.019963
  0.991055  0.021479
  0.987838  0.023113
  0.984134  0.024872
  0.979948  0.026762
  0.975284  0.028789
  0.970146  0.030957
  0.964539  0.033271
  0.958469  0.035734
  0.951942  0.038347
  0.944964  0.041109
  0.937544  0.044020
  0.929686  0.047077
  0.921401  0.050273
  0.912695  0.053604
  0.903579  0.057060
  0.894059  0.060632
  0.884147  0.064308
  0.873852  0.068194
  0.863185  0.072137
  0.852155  0.076126
  0.840775  0.080146
  0.829054  0.084183
  0.817006  0.088219
  0.804642  0.092239
  0.791974  0.096225
  0.779014  0.100159
  0.765777  0.104024
  0.752275  0.107802
  0.738522  0.111477
  0.724530  0.115033
  0.710315  0.118456
  0.695890  0.121734
  0.681270  0.124854
  0.666469  0.127807
  0.651503  0.130585
  0.636385  0.133182
  0.621131  0.135592
  0.605757  0.137814
  0.590277  0.139844
  0.574707  0.141680
  0.559063  0.143324
  0.543359  0.144775
  0.527613  0.146036
  0.511839  0.147108
  0.496053  0.147993
  0.480272  0.148695
  0.464509  0.149216
  0.448783  0.149558
  0.433107  0.149724
  0.417498  0.149717
  0.401971  0.149539
  0.386542  0.149192
  0.371226  0.148678
  0.356038  0.148000
  0.340994  0.147158
  0.326109  0.146154
  0.311396  0.144988
  0.296872  0.143661
  0.282550  0.142173
  0.268445  0.140525
  0.254571  0.138717
  0.240941  0.136749
  0.227570  0.134620
  0.214470  0.132330
  0.201655  0.129881
  0.189138  0.127270
  0.176930  0.124498
  0.165044  0.121566
  0.153492  0.118474
  0.142285  0.115222
  0.131435  0.111812
  0.120953  0.108247
  0.110848  0.104530
  0.101131  0.100666
  0.091812  0.096660
  0.082900  0.092519
  0.074403  0.088252
  0.066331  0.083869
  0.058691  0.079383
  0.051491  0.074808
  0.044738  0.070159
  0.038439  0.065455
  0.032600  0.060713
  0.027226  0.055954
  0.022325  0.051198
  0.017899  0.046466
  0.013954  0.041780
  0.010493  0.037159
  0.007520  0.032626
  0.005038  0.028199
  0.003050  0.023896
  0.001557  0.019736
  0.000561  0.015734
  0.000062  0.011904
  0.000062  0.008259
  0.000561  0.004812
  0.001557  0.001572
  0.003050  -0.001451
  0.005038  -0.004248
  0.007520  -0.006813
  0.010493  -0.009138
  0.013954  -0.011218
  0.017899  -0.013047
  0.022325  -0.014621
  0.027226  -0.015937
  0.032600  -0.016992
  0.038439  -0.017782
  0.044738  -0.018308
  0.051491  -0.018568
  0.058691  -0.018563
  0.066331  -0.018295
  0.074403  -0.017769
  0.082900  -0.016989
  0.091812  -0.015962
  0.101131  -0.014696
  0.110848  -0.013202
  0.120953  -0.011489
  0.131435  -0.009573
  0.142285  -0.007466
  0.153492  -0.005184
  0.165044  -0.002745
  0.176930  -0.000165
  0.189138  0.002537
  0.201655  0.005341
  0.214470  0.008228
  0.227570  0.011180
  0.240941  0.014178
  0.254571  0.017203
  0.268445  0.020237
  0.282550  0.023265
  0.296872  0.026272
  0.311396  0.029241
  0.326109  0.032160
  0.340994  0.035017
  0.356038  0.037801
  0.371226  0.040500
  0.386542  0.043106
  0.401971  0.045608
  0.417498  0.048000
  0.433107  0.050272
  0.448783  0.052416
  0.464509  0.054426
  0.480272  0.056294
  0.496053  0.058013
  0.511839  0.059576
  0.527613  0.060978
  0.543359  0.062213
  0.559063  0.063276
  0.574707  0.064163
  0.590277  0.064871
  0.605757  0.065399
  0.621131  0.065745
  0.636385  0.065910
  0.651503  0.065897
  0.666469  0.065709
  0.681270  0.065351
  0.695890  0.064828
  0.710315  0.064148
  0.724530  0.063318
  0.738522  0.062347
  0.752275  0.061245
  0.765777  0.060021
  0.779014  0.058685
  0.791974  0.057249
  0.804642  0.055723
  0.817006  0.054118
  0.829054  0.052445
  0.840775  0.050712
  0.852155  0.048930
  0.863185  0.047106
  0.873852  0.045249
  0.884147  0.043366
  0.894059  0.041559
  0.903579  0.039761
  0.912695  0.037980
  0.921401  0.036226
  0.929686  0.034506
  0.937544  0.032826
  0.944964  0.031192
  0.951942  0.029609
  0.958469  0.028082
  0.964539  0.026614
  0.970146  0.025206
  0.975284  0.023862
  0.979948  0.022582
  0.984134  0.021366
  0.987838  0.020215
  0.991055  0.019126
  0.993782  0.018098
  0.996018  0.017129
  0.997759  0.016218
  0.999003  0.015360
  0.999751  0.014554
  1.000000  0.013795
