  1.000000  0.015374
  0.999751  0.016479
  0.999003  0.017671
  0.997759  0.018955
  0.996018  0.020340
  0.993782  0.021832
  0.991055  0.023439
  0.987838  0.025168
  0.984134  0.027025
  0.979948  0.029017
  0.975284  0.031149
  0.970146  0.033425
  0.964539  0.035849
  0.958469  0.038424
  0.951942  0.041150
  0.944964  0.044027
  0.937544  0.047052
  0.929686  0.050222
  0.921401  0.053531
  0.912695  0.056971
  0.903579  0.060533
  0.894059  0.064208
  0.884147  0.067982
  0.873852  0.071966
  0.863185  0.076000
  0.852155  0.080070
  0.840775  0.084162
  0.829054  0.088260
  0.817006  0.092349
  0.804642  0.096410
  0.791974  0.100425
  0.779014  0.104377
  0.765777  0.108247
  0.752275  0.112017
  0.738522  0.115672
  0.724530  0.119195
  0.710315  0.122572
  0.695890  0.125791
  0.681270  0.128839
  0.666469  0.131708
  0.651503  0.134391
  0.636385  0.136881
  0.621131  0.139174
  0.605757  0.141269
  0.590277  0.143165
  0.574707  0.144860
  0.559063  0.146356
  0.543359  0.147656
  0.527613  0.148762
  0.511839  0.149677
  0.496053  0.150407
  0.480272  0.150955
  0.464509  0.151325
  0.448783  0.151521
  0.433107  0.151546
  0.417498  0.151406
  0.401971  0.151103
  0.386542  0.150640
  0.371226  0.150022
  0.356038  0.149249
  0.340994  0.148323
  0.326109  0.147246
  0.311396  0.146019
  0.296872  0.144642
  0.282550  0.143116
  0.268445  0.141440
  0.254571  0.139613
  0.240941  0.137635
  0.227570  0.135505
  0.214470  0.133221
  0.201655  0.130783
  0.189138  0.128189
  0.176930  0.125437
  0.165044  0.122527
  0.153492  0.119458
  0.142285  0.116229
  0.131435  0.112841
  0.120953  0.109295
  0.110848  0.105594
  0.101131  0.101741
  0.091812  0.097742
  0.082900  0.093603
  0.074403  0.089331
  0.066331  0.084938
  0.058691  0.080435
  0.051491  0.075838
  0.044738  0.071161
  0.038439  0.066422
  0.032600  0.061642
  0.027226  0.056841
  0.022325  0.052039
  0.017899  0.047260
  0.013954  0.042525
  0.010493  0.037857
  0.007520  0.033276
  0.005038  0.028803
  0.003050  0.024459
  0.001557  0.020261
  0.000561  0.016227
  0.000062  0.012371
  0.000062  0.008708
  0.000561  0.005252
  0.001557  0.002012
  0.003050  -0.001000
  0.005038  -0.003776
  0.007520  -0.006307
  0.010493  -0.008585
  0.013954  -0.010604
  0.017899  -0.012358
  0.022325  -0.013843
  0.027226  -0.015053
  0.032600  -0.015986
  0.038439  -0.016638
  0.044738  -0.017008
  0.051491  -0.017095
  0.058691  -0.016898
  0.066331  -0.016420
  0.074403  -0.015666
  0.082900  -0.014639
  0.091812  -0.013348
  0.101131  -0.011800
  0.110848  -0.010008
  0.120953  -0.007983
  0.131435  -0.005741
  0.142285  -0.003297
  0.153492  -0.000670
  0.165044  0.002120
  0.176930  0.005054
  0.189138  0.008108
  0.201655  0.011261
  0.214470  0.014488
  0.227570  0.017768
  0.240941  0.021078
  0.254571  0.024395
  0.268445  0.027700
  0.282550  0.030972
  0.296872  0.034193
  0.311396  0.037346
  0.326109  0.040417
  0.340994  0.043391
  0.356038  0.046256
  0.371226  0.049001
  0.386542  0.051618
  0.401971  0.054098
  0.417498  0.056433
  0.433107  0.058616
  0.448783  0.060642
  0.464509  0.062505
  0.480272  0.064200
  0.496053  0.065724
  0.511839  0.067071
  0.527613  0.068240
  0.543359  0.069226
  0.559063  0.070027
  0.574707  0.070644
  0.590277  0.071074
  0.605757  0.071318
  0.621131  0.071379
  0.636385  0.071258
  0.651503  0.070961
  0.666469  0.070491
  0.681270  0.069855
  0.695890  0.069060
  0.710315  0.068115
  0.724530  0.067028
  0.738522  0.065809
  0.752275  0.064466
  0.765777  0.063011
  0.779014  0.061455
  0.791974  0.059808
  0.804642  0.058080
  0.817006  0.056284
  0.829054  0.054429
  0.840775  0.052524
  0.852155  0.050580
  0.863185  0.048604
  0.873852  0.046603
  0.884147  0.044586
  0.894059  0.042655
  0.903579  0.040743
  0.912695  0.038857
  0.921401  0.037005
  0.929686  0.035194
  0.937544  0.033432
  0.944964  0.031722
  0.951942  0.030070
  0.958469  0.028480
  0.964539  0.026955
  0.970146  0.025497
  0.975284  0.024107
  0.979948  0.022785
  0.984134  0.021533
  0.987838  0.020348
  0.991055  0.019230
  0.993782  0.018177
  0.996018  0.017186
  0.997759  0.016254
  0.999003  0.015379
  0.999751  0.014557
  1.000000  0.013784
