  1.000000  0.017139
  0.999751  0.018298
  0.999003  0.019541
  0.997759  0.020875
  0.996018  0.022308
  0.993782  0.023846
  0.991055  0.025495
  0.987838  0.027262
  0.984134  0.029152
  0.979948  0.031169
  0.975284  0.033319
  0.970146  0.035605
  0.964539  0.038028
  0.958469  0.040591
  0.951942  0.043292
  0.944964  0.046131
  0.937544  0.049103
  0.929686  0.052205
  0.921401  0.055429
  0.912695  0.058768
  0.903579  0.062214
  0.894059  0.065756
  0.884147  0.069383
  0.873852  0.073207
  0.863185  0.077067
  0.852155  0.080951
  0.840775  0.084848
  0.829054  0.088745
  0.817006  0.092629
  0.804642  0.096486
  0.791974  0.100300
  0.779014  0.104056
  0.765777  0.107741
  0.752275  0.111339
  0.738522  0.114837
  0.724530  0.118220
  0.710315  0.121478
  0.695890  0.124599
  0.681270  0.127574
  0.666469  0.130394
  0.651503  0.133052
  0.636385  0.135542
  0.621131  0.137861
  0.605757  0.140004
  0.590277  0.141971
  0.574707  0.143759
  0.559063  0.145367
  0.543359  0.146797
  0.527613  0.148049
  0.511839  0.149124
  0.496053  0.150024
  0.480272  0.150750
  0.464509  0.151304
  0.448783  0.151689
  0.433107  0.151904
  0.417498  0.151953
  0.401971  0.151835
  0.386542  0.151554
  0.371226  0.151109
  0.356038  0.150502
  0.340994  0.149733
  0.326109  0.148803
  0.311396  0.147710
  0.296872  0.146455
  0.282550  0.145038
  0.268445  0.143457
  0.254571  0.141713
  0.240941  0.139804
  0.227570  0.137731
  0.214470  0.135491
  0.201655  0.133084
  0.189138  0.130510
  0.176930  0.127767
  0.165044  0.124856
  0.153492  0.121775
  0.142285  0.118525
  0.131435  0.115108
  0.120953  0.111524
  0.110848  0.107779
  0.101131  0.103874
  0.091812  0.099817
  0.082900  0.095613
  0.074403  0.091271
  0.066331  0.086801
  0.058691  0.082217
  0.051491  0.077533
  0.044738  0.072764
  0.038439  0.067930
  0.032600  0.063049
  0.027226  0.058143
  0.022325  0.053232
  0.017899  0.048340
  0.013954  0.043489
  0.010493  0.038700
  0.007520  0.033997
  0.005038  0.029399
  0.003050  0.024927
  0.001557  0.020599
  0.000561  0.016434
  0.000062  0.012446
  0.000062  0.008652
  0.000561  0.005065
  0.001557  0.001696
  0.003050  -0.001443
  0.005038  -0.004342
  0.007520  -0.006991
  0.010493  -0.009381
  0.013954  -0.011506
  0.017899  -0.013357
  0.022325  -0.014930
  0.027226  -0.016217
  0.032600  -0.017215
  0.038439  -0.017919
  0.044738  -0.018326
  0.051491  -0.018434
  0.058691  -0.018242
  0.066331  -0.017753
  0.074403  -0.016968
  0.082900  -0.015895
  0.091812  -0.014539
  0.101131  -0.012909
  0.110848  -0.011018
  0.120953  -0.008880
  0.131435  -0.006510
  0.142285  -0.003926
  0.153492  -0.001150
  0.165044  0.001798
  0.176930  0.004893
  0.189138  0.008111
  0.201655  0.011425
  0.214470  0.014810
  0.227570  0.018240
  0.240941  0.021689
  0.254571  0.025132
  0.268445  0.028546
  0.282550  0.031909
  0.296872  0.035201
  0.311396  0.038404
  0.326109  0.041502
  0.340994  0.044481
  0.356038  0.047328
  0.371226  0.050035
  0.386542  0.052592
  0.401971  0.054993
  0.417498  0.057233
  0.433107  0.059307
  0.448783  0.061211
  0.464509  0.062944
  0.480272  0.064504
  0.496053  0.065888
  0.511839  0.067097
  0.527613  0.068131
  0.543359  0.068988
  0.559063  0.069671
  0.574707  0.070180
  0.590277  0.070516
  0.605757  0.070683
  0.621131  0.070682
  0.636385  0.070519
  0.651503  0.070198
  0.666469  0.069723
  0.681270  0.069102
  0.695890  0.068340
  0.710315  0.067446
  0.724530  0.066427
  0.738522  0.065290
  0.752275  0.064043
  0.765777  0.062694
  0.779014  0.061254
  0.791974  0.059729
  0.804642  0.058129
  0.817006  0.056463
  0.829054  0.054737
  0.840775  0.052960
  0.852155  0.051139
  0.863185  0.049280
  0.873852  0.047389
  0.884147  0.045472
  0.894059  0.043633
  0.903579  0.041803
  0.912695  0.039988
  0.921401  0.038197
  0.929686  0.036436
  0.937544  0.034713
  0.944964  0.033033
  0.951942  0.031401
  0.958469  0.029822
  0.964539  0.028299
  0.970146  0.026837
  0.975284  0.025436
  0.979948  0.024100
  0.984134  0.022827
  0.987838  0.021618
  0.991055  0.020474
  0.993782  0.019391
  0.996018  0.018369
  0.997759  0.017405
  0.999003  0.016496
  0.999751  0.015640
  1.000000  0.014835
