  1.000000  0.015819
  0.999751  0.016940
  0.999003  0.018146
  0.997759  0.019444
  0.996018  0.020843
  0.993782  0.022349
  0.991055  0.023969
  0.987838  0.025710
  0.984134  0.027579
  0.979948  0.029580
  0.975284  0.031720
  0.970146  0.034003
  0.964539  0.036431
  0.958469  0.039007
  0.951942  0.041732
  0.944964  0.044605
  0.937544  0.047623
  0.929686  0.050782
  0.921401  0.054076
  0.912695  0.057499
  0.903579  0.061040
  0.894059  0.064691
  0.884147  0.068438
  0.873852  0.072393
  0.863185  0.076395
  0.852155  0.080431
  0.840775  0.084489
  0.829054  0.088553
  0.817006  0.092608
  0.804642  0.096637
  0.791974  0.100623
  0.779014  0.104549
  0.765777  0.108398
  0.752275  0.112154
  0.738522  0.115800
  0.724530  0.119321
  0.710315  0.122703
  0.695890  0.125935
  0.681270  0.129004
  0.666469  0.131903
  0.651503  0.134624
  0.636385  0.137160
  0.621131  0.139508
  0.605757  0.141664
  0.590277  0.143628
  0.574707  0.145397
  0.559063  0.146972
  0.543359  0.148356
  0.527613  0.149549
  0.511839  0.150554
  0.496053  0.151374
  0.480272  0.152013
  0.464509  0.152473
  0.448783  0.152757
  0.433107  0.152869
  0.417498  0.152811
  0.401971  0.152585
  0.386542  0.152195
  0.371226  0.151642
  0.356038  0.150929
  0.340994  0.150057
  0.326109  0.149025
  0.311396  0.147836
  0.296872  0.146489
  0.282550  0.144985
  0.268445  0.143323
  0.254571  0.141503
  0.240941  0.139524
  0.227570  0.137386
  0.214470  0.135087
  0.201655  0.132626
  0.189138  0.130004
  0.176930  0.127219
  0.165044  0.124269
  0.153492  0.121156
  0.142285  0.117879
  0.131435  0.114439
  0.120953  0.110838
  0.110848  0.107078
  0.101131  0.103165
  0.091812  0.099103
  0.082900  0.094899
  0.074403  0.090561
  0.066331  0.086099
  0.058691  0.081527
  0.051491  0.076858
  0.044738  0.072108
  0.038439  0.067295
  0.032600  0.062439
  0.027226  0.057560
  0.022325  0.052678
  0.017899  0.047817
  0.013954  0.042996
  0.010493  0.038239
  0.007520  0.033566
  0.005038  0.028998
  0.003050  0.024553
  0.001557  0.020251
  0.000561  0.016106
  0.000062  0.012135
  0.000062  0.008352
  0.000561  0.004768
  0.001557  0.001396
  0.003050  -0.001757
  0.005038  -0.004679
  0.007520  -0.007364
  0.010493  -0.009802
  0.013954  -0.011989
  0.017899  -0.013917
  0.022325  -0.015583
  0.027226  -0.016982
  0.032600  -0.018109
  0.038439  -0.018963
  0.044738  -0.019541
  0.051491  -0.019842
  0.058691  -0.019867
  0.066331  -0.019617
  0.074403  -0.019096
  0.082900  -0.018310
  0.091812  -0.017265
  0.101131  -0.015970
  0.110848  -0.014435
  0.120953  -0.012673
  0.131435  -0.010697
  0.142285  -0.008523
  0.153492  -0.006168
  0.165044  -0.003650
  0.176930  -0.000989
  0.189138  0.001796
  0.201655  0.004682
  0.214470  0.007650
  0.227570  0.010677
  0.240941  0.013744
  0.254571  0.016830
  0.268445  0.019917
  0.282550  0.022987
  0.296872  0.026022
  0.311396  0.029009
  0.326109  0.031932
  0.340994  0.034780
  0.356038  0.037541
  0.371226  0.040205
  0.386542  0.042764
  0.401971  0.045210
  0.417498  0.047535
  0.433107  0.049732
  0.448783  0.051796
  0.464509  0.053721
  0.480272  0.055502
  0.496053  0.057134
  0.511839  0.058613
  0.527613  0.059933
  0.543359  0.061093
  0.559063  0.062088
  0.574707  0.062916
  0.590277  0.063577
  0.605757  0.064068
  0.621131  0.064390
  0.636385  0.064546
  0.651503  0.064536
  0.666469  0.064365
  0.681270  0.064037
  0.695890  0.063558
  0.710315  0.062935
  0.724530  0.062173
  0.738522  0.061280
  0.752275  0.060265
  0.765777  0.059136
  0.779014  0.057902
  0.791974  0.056572
  0.804642  0.055155
  0.817006  0.053661
  0.829054  0.052098
  0.840775  0.050475
  0.852155  0.048798
  0.863185  0.047077
  0.873852  0.045316
  0.884147  0.043523
  0.894059  0.041799
  0.903579  0.040076
  0.912695  0.038365
  0.921401  0.036671
  0.929686  0.035003
  0.937544  0.033368
  0.944964  0.031771
  0.951942  0.030218
  0.958469  0.028714
  0.964539  0.027263
  0.970146  0.025867
  0.975284  0.024530
  0.979948  0.023252
  0.984134  0.022035
  0.987838  0.020878
  0.991055  0.019782
  0.993782  0.018744
  0.996018  0.017764
  0.997759  0.016839
  0.999003  0.015967
  0.999751  0.015145
  1.000000  0.014371
