  1.000000  0.016340
  0.999751  0.017476
  0.999003  0.018697
  0.997759  0.020010
  0.996018  0.021422
  0.993782  0.022941
  0.991055  0.024573
  0.987838  0.026325
  0.984134  0.028202
  0.979948  0.030211
  0.975284  0.032355
  0.970146  0.034640
  0.964539  0.037067
  0.958469  0.039639
  0.951942  0.042356
  0.944964  0.045216
  0.937544  0.048217
  0.929686  0.051355
  0.921401  0.054624
  0.912695  0.058015
  0.903579  0.061521
  0.894059  0.065131
  0.884147  0.068834
  0.873852  0.072740
  0.863185  0.076689
  0.852155  0.080668
  0.840775  0.084666
  0.829054  0.088667
  0.817006  0.092658
  0.804642  0.096622
  0.791974  0.100543
  0.779014  0.104405
  0.765777  0.108191
  0.752275  0.111886
  0.738522  0.115473
  0.724530  0.118939
  0.710315  0.122270
  0.695890  0.125453
  0.681270  0.128479
  0.666469  0.131338
  0.651503  0.134022
  0.636385  0.136525
  0.621131  0.138842
  0.605757  0.140971
  0.590277  0.142908
  0.574707  0.144652
  0.559063  0.146204
  0.543359  0.147563
  0.527613  0.148730
  0.511839  0.149709
  0.496053  0.150500
  0.480272  0.151106
  0.464509  0.151529
  0.448783  0.151773
  0.433107  0.151839
  0.417498  0.151730
  0.401971  0.151447
  0.386542  0.150995
  0.371226  0.150374
  0.356038  0.149587
  0.340994  0.148634
  0.326109  0.147517
  0.311396  0.146238
  0.296872  0.144796
  0.282550  0.143194
  0.268445  0.141430
  0.254571  0.139506
  0.240941  0.137423
  0.227570  0.135180
  0.214470  0.132777
  0.201655  0.130216
  0.189138  0.127496
  0.176930  0.124618
  0.165044  0.121583
  0.153492  0.118391
  0.142285  0.115044
  0.131435  0.111545
  0.120953  0.107896
  0.110848  0.104101
  0.101131  0.100166
  0.091812  0.096097
  0.082900  0.091901
  0.074403  0.087589
  0.066331  0.083170
  0.058691  0.078658
  0.051491  0.074068
  0.044738  0.069416
  0.038439  0.064720
  0.032600  0.059999
  0.027226  0.055275
  0.022325  0.050567
  0.017899  0.045897
  0.013954  0.041287
  0.010493  0.036757
  0.007520  0.032328
  0.005038  0.028019
  0.003050  0.023849
  0.001557  0.019833
  0.000561  0.015988
  0.000062  0.012327
  0.000062  0.008862
  0.000561  0.005603
  0.001557  0.002559
  0.003050  -0.000263
  0.005038  -0.002856
  0.007520  -0.005215
  0.010493  -0.007334
  0.013954  -0.009211
  0.017899  -0.010843
  0.022325  -0.012228
  0.027226  -0.013365
  0.032600  -0.014253
  0.038439  -0.014893
  0.044738  -0.015285
  0.051491  -0.015432
  0.058691  -0.015335
  0.066331  -0.014998
  0.074403  -0.014427
  0.082900  -0.013628
  0.091812  -0.012607
  0.101131  -0.011374
  0.110848  -0.009937
  0.120953  -0.008307
  0.131435  -0.006497
  0.142285  -0.004519
  0.153492  -0.002386
  0.165044  -0.000113
  0.176930  0.002286
  0.189138  0.004795
  0.201655  0.007398
  0.214470  0.010079
  0.227570  0.012822
  0.240941  0.015613
  0.254571  0.018436
  0.268445  0.021277
  0.282550  0.024122
  0.296872  0.026959
  0.311396  0.029774
  0.326109  0.032556
  0.340994  0.035295
  0.356038  0.037980
  0.371226  0.040601
  0.386542  0.043148
  0.401971  0.045613
  0.417498  0.047986
  0.433107  0.050258
  0.448783  0.052421
  0.464509  0.054464
  0.480272  0.056381
  0.496053  0.058162
  0.511839  0.059798
  0.527613  0.061282
  0.543359  0.062606
  0.559063  0.063764
  0.574707  0.064749
  0.590277  0.065556
  0.605757  0.066183
  0.621131  0.066626
  0.636385  0.066886
  0.651503  0.066963
  0.666469  0.066858
  0.681270  0.066576
  0.695890  0.066122
  0.710315  0.065502
  0.724530  0.064723
  0.738522  0.063794
  0.752275  0.062723
  0.765777  0.061522
  0.779014  0.060201
  0.791974  0.058770
  0.804642  0.057241
  0.817006  0.055626
  0.829054  0.053935
  0.840775  0.052178
  0.852155  0.050366
  0.863185  0.048507
  0.873852  0.046611
  0.884147  0.044684
  0.894059  0.042833
  0.903579  0.040990
  0.912695  0.039163
  0.921401  0.037361
  0.929686  0.035593
  0.937544  0.033866
  0.944964  0.032185
  0.951942  0.030556
  0.958469  0.028984
  0.964539  0.027472
  0.970146  0.026023
  0.975284  0.024639
  0.979948  0.023320
  0.984134  0.022068
  0.987838  0.020881
  0.991055  0.019759
  0.993782  0.018701
  0.996018  0.017703
  0.997759  0.016763
  0.999003  0.015879
  0.999751  0.015048
  1.000000  0.014266
