  1.000000  0.016224
  0.999751  0.017348
  0.999003  0.018556
  0.997759  0.019855
  0.996018  0.021253
  0.993782  0.022755
  0.991055  0.024370
  0.987838  0.026102
  0.984134  0.027959
  0.979948  0.029945
  0.975284  0.032065
  0.970146  0.034324
  0.964539  0.036724
  0.958469  0.039266
  0.951942  0.041951
  0.944964  0.044778
  0.937544  0.047744
  0.929686  0.050845
  0.921401  0.054074
  0.912695  0.057424
  0.903579  0.060886
  0.894059  0.064449
  0.884147  0.068103
  0.873852  0.071957
  0.863185  0.075850
  0.852155  0.079772
  0.840775  0.083709
  0.829054  0.087648
  0.817006  0.091572
  0.804642  0.095466
  0.791974  0.099315
  0.779014  0.103101
  0.765777  0.106809
  0.752275  0.110422
  0.738522  0.113925
  0.724530  0.117303
  0.710315  0.120545
  0.695890  0.123638
  0.681270  0.126572
  0.666469  0.129339
  0.651503  0.131931
  0.636385  0.134344
  0.621131  0.136574
  0.605757  0.138618
  0.590277  0.140475
  0.574707  0.142145
  0.559063  0.143629
  0.543359  0.144928
  0.527613  0.146045
  0.511839  0.146983
  0.496053  0.147745
  0.480272  0.148335
  0.464509  0.148755
  0.448783  0.149010
  0.433107  0.149102
  0.417498  0.149034
  0.401971  0.148810
  0.386542  0.148431
  0.371226  0.147900
  0.356038  0.147220
  0.340994  0.146390
  0.326109  0.145411
  0.311396  0.144284
  0.296872  0.143009
  0.282550  0.141584
  0.268445  0.140011
  0.254571  0.138286
  0.240941  0.136409
  0.227570  0.134379
  0.214470  0.132193
  0.201655  0.129850
  0.189138  0.127349
  0.176930  0.124686
  0.165044  0.121862
  0.153492  0.118874
  0.142285  0.115721
  0.131435  0.112405
  0.120953  0.108925
  0.110848  0.105286
  0.101131  0.101489
  0.091812  0.097540
  0.082900  0.093445
  0.074403  0.089213
  0.066331  0.084853
  0.058691  0.080380
  0.051491  0.075806
  0.044738  0.071148
  0.038439  0.066426
  0.032600  0.061658
  0.027226  0.056867
  0.022325  0.052073
  0.017899  0.047299
  0.013954  0.042569
  0.010493  0.037903
  0.007520  0.033326
  0.005038  0.028856
  0.003050  0.024514
  0.001557  0.020318
  0.000561  0.016286
  0.000062  0.012431
  0.000062  0.008769
  0.000561  0.005311
  0.001557  0.002068
  0.003050  -0.000952
  0.005038  -0.003739
  0.007520  -0.006287
  0.010493  -0.008588
  0.013954  -0.010638
  0.017899  -0.012432
  0.022325  -0.013966
  0.027226  -0.015238
  0.032600  -0.016244
  0.038439  -0.016983
  0.044738  -0.017455
  0.051491  -0.017660
  0.058691  -0.017599
  0.066331  -0.017274
  0.074403  -0.016691
  0.082900  -0.015854
  0.091812  -0.014772
  0.101131  -0.013453
  0.110848  -0.011906
  0.120953  -0.010145
  0.131435  -0.008182
  0.142285  -0.006033
  0.153492  -0.003713
  0.165044  -0.001240
  0.176930  0.001369
  0.189138  0.004093
  0.201655  0.006915
  0.214470  0.009813
  0.227570  0.012769
  0.240941  0.015762
  0.254571  0.018776
  0.268445  0.021792
  0.282550  0.024794
  0.296872  0.027765
  0.311396  0.030693
  0.326109  0.033564
  0.340994  0.036365
  0.356038  0.039088
  0.371226  0.041721
  0.386542  0.044257
  0.401971  0.046688
  0.417498  0.049006
  0.433107  0.051205
  0.448783  0.053279
  0.464509  0.055222
  0.480272  0.057027
  0.496053  0.058691
  0.511839  0.060208
  0.527613  0.061573
  0.543359  0.062782
  0.559063  0.063832
  0.574707  0.064719
  0.590277  0.065442
  0.605757  0.065998
  0.621131  0.066388
  0.636385  0.066611
  0.651503  0.066670
  0.666469  0.066567
  0.681270  0.066306
  0.695890  0.065891
  0.710315  0.065329
  0.724530  0.064625
  0.738522  0.063786
  0.752275  0.062820
  0.765777  0.061734
  0.779014  0.060537
  0.791974  0.059238
  0.804642  0.057845
  0.817006  0.056368
  0.829054  0.054813
  0.840775  0.053191
  0.852155  0.051507
  0.863185  0.049771
  0.873852  0.047987
  0.884147  0.046161
  0.894059  0.044403
  0.903579  0.042640
  0.912695  0.040881
  0.921401  0.039136
  0.929686  0.037411
  0.937544  0.035714
  0.944964  0.034053
  0.951942  0.032433
  0.958469  0.030859
  0.964539  0.029336
  0.970146  0.027868
  0.975284  0.026458
  0.979948  0.025108
  0.984134  0.023819
  0.987838  0.022591
  0.991055  0.021425
  0.993782  0.020320
  0.996018  0.019274
  0.997759  0.018286
  0.999003  0.017353
  0.999751  0.016472
  1.000000  0.015641
