  1.000000  0.017196
  0.999751  0.018342
  0.999003  0.019570
  0.997759  0.020887
  0.996018  0.022300
  0.993782  0.023813
  0.991055  0.025435
  0.987838  0.027169
  0.984134  0.029022
  0.979948  0.030998
  0.975284  0.033100
  0.970146  0.035332
  0.964539  0.037695
  0.958469  0.040191
  0.951942  0.042817
  0.944964  0.045573
  0.937544  0.048455
  0.929686  0.051459
  0.921401  0.054577
  0.912695  0.057804
  0.903579  0.061130
  0.894059  0.064546
  0.884147  0.068043
  0.873852  0.071730
  0.863185  0.075450
  0.852155  0.079194
  0.840775  0.082952
  0.829054  0.086713
  0.817006  0.090465
  0.804642  0.094197
  0.791974  0.097895
  0.779014  0.101548
  0.765777  0.105141
  0.752275  0.108662
  0.738522  0.112098
  0.724530  0.115439
  0.710315  0.118672
  0.695890  0.121788
  0.681270  0.124776
  0.666469  0.127629
  0.651503  0.130339
  0.636385  0.132899
  0.621131  0.135303
  0.605757  0.137548
  0.590277  0.139629
  0.574707  0.141541
  0.559063  0.143283
  0.543359  0.144852
  0.527613  0.146245
  0.511839  0.147462
  0.496053  0.148500
  0.480272  0.149359
  0.464509  0.150038
  0.448783  0.150534
  0.433107  0.150848
  0.417498  0.150979
  0.401971  0.150926
  0.386542  0.150689
  0.371226  0.150267
  0.356038  0.149662
  0.340994  0.148871
  0.326109  0.147896
  0.311396  0.146737
  0.296872  0.145394
  0.282550  0.143868
  0.268445  0.142161
  0.254571  0.140273
  0.240941  0.138206
  0.227570  0.135963
  0.214470  0.133544
  0.201655  0.130953
  0.189138  0.128191
  0.176930  0.125261
  0.165044  0.122167
  0.153492  0.118911
  0.142285  0.115496
  0.131435  0.111927
  0.120953  0.108209
  0.110848  0.104348
  0.101131  0.100349
  0.091812  0.096221
  0.082900  0.091972
  0.074403  0.087611
  0.066331  0.083151
  0.058691  0.078605
  0.051491  0.073987
  0.044738  0.069313
  0.038439  0.064602
  0.032600  0.059871
  0.027226  0.055141
  0.022325  0.050432
  0.017899  0.045764
  0.013954  0.041159
  0.010493  0.036636
  0.007520  0.032216
  0.005038  0.027917
  0.003050  0.023758
  0.001557  0.019755
  0.000561  0.015924
  0.000062  0.012278
  0.000062  0.008830
  0.000561  0.005591
  0.001557  0.002571
  0.003050  -0.000222
  0.005038  -0.002780
  0.007520  -0.005096
  0.010493  -0.007164
  0.013954  -0.008980
  0.017899  -0.010538
  0.022325  -0.011836
  0.027226  -0.012871
  0.032600  -0.013641
  0.038439  -0.014144
  0.044738  -0.014381
  0.051491  -0.014350
  0.058691  -0.014055
  0.066331  -0.013497
  0.074403  -0.012681
  0.082900  -0.011614
  0.091812  -0.010303
  0.101131  -0.008756
  0.110848  -0.006984
  0.120953  -0.004999
  0.131435  -0.002815
  0.142285  -0.000447
  0.153492  0.002087
  0.165044  0.004771
  0.176930  0.007584
  0.189138  0.010508
  0.201655  0.013521
  0.214470  0.016602
  0.227570  0.019731
  0.240941  0.022888
  0.254571  0.026053
  0.268445  0.029207
  0.282550  0.032332
  0.296872  0.035412
  0.311396  0.038432
  0.326109  0.041377
  0.340994  0.044236
  0.356038  0.046997
  0.371226  0.049650
  0.386542  0.052186
  0.401971  0.054598
  0.417498  0.056877
  0.433107  0.059018
  0.448783  0.061014
  0.464509  0.062860
  0.480272  0.064550
  0.496053  0.066080
  0.511839  0.067446
  0.527613  0.068643
  0.543359  0.069669
  0.559063  0.070520
  0.574707  0.071195
  0.590277  0.071691
  0.605757  0.072010
  0.621131  0.072151
  0.636385  0.072118
  0.651503  0.071912
  0.666469  0.071537
  0.681270  0.071000
  0.695890  0.070305
  0.710315  0.069461
  0.724530  0.068475
  0.738522  0.067354
  0.752275  0.066108
  0.765777  0.064747
  0.779014  0.063279
  0.791974  0.061715
  0.804642  0.060065
  0.817006  0.058338
  0.829054  0.056545
  0.840775  0.054694
  0.852155  0.052793
  0.863185  0.050851
  0.873852  0.048875
  0.884147  0.046870
  0.894059  0.044947
  0.903579  0.043033
  0.912695  0.041137
  0.921401  0.039267
  0.929686  0.037431
  0.937544  0.035635
  0.944964  0.033887
  0.951942  0.032191
  0.958469  0.030552
  0.964539  0.028974
  0.970146  0.027460
  0.975284  0.026012
  0.979948  0.024632
  0.984134  0.023319
  0.987838  0.022074
  0.991055  0.020895
  0.993782  0.019782
  0.996018  0.018732
  0.997759  0.017742
  0.999003  0.016811
  0.999751  0.015934
  1.000000  0.015109
