  1.000000  0.015697
  0.999751  0.016796
  0.999003  0.017977
  0.997759  0.019248
  0.996018  0.020616
  0.993782  0.022087
  0.991055  0.023668
  0.987838  0.025366
  0.984134  0.027186
  0.979948  0.029133
  0.975284  0.031213
  0.970146  0.033429
  0.964539  0.035784
  0.958469  0.038280
  0.951942  0.040917
  0.944964  0.043694
  0.937544  0.046609
  0.929686  0.049658
  0.921401  0.052835
  0.912695  0.056133
  0.903579  0.059543
  0.894059  0.063057
  0.884147  0.066664
  0.873852  0.070472
  0.863185  0.074325
  0.852155  0.078212
  0.840775  0.082123
  0.829054  0.086044
  0.817006  0.089961
  0.804642  0.093859
  0.791974  0.097725
  0.779014  0.101543
  0.765777  0.105297
  0.752275  0.108973
  0.738522  0.112557
  0.724530  0.116034
  0.710315  0.119391
  0.695890  0.122618
  0.681270  0.125703
  0.666469  0.128638
  0.651503  0.131415
  0.636385  0.134026
  0.621131  0.136467
  0.605757  0.138733
  0.590277  0.140821
  0.574707  0.142728
  0.559063  0.144452
  0.543359  0.145992
  0.527613  0.147347
  0.511839  0.148517
  0.496053  0.149503
  0.480272  0.150305
  0.464509  0.150922
  0.448783  0.151357
  0.433107  0.151609
  0.417498  0.151679
  0.401971  0.151567
  0.386542  0.151276
  0.371226  0.150805
  0.356038  0.150155
  0.340994  0.149327
  0.326109  0.148321
  0.311396  0.147138
  0.296872  0.145778
  0.282550  0.144243
  0.268445  0.142533
  0.254571  0.140649
  0.240941  0.138592
  0.227570  0.136362
  0.214470  0.133962
  0.201655  0.131392
  0.189138  0.128654
  0.176930  0.125749
  0.165044  0.122679
  0.153492  0.119446
  0.142285  0.116053
  0.131435  0.112503
  0.120953  0.108799
  0.110848  0.104948
  0.101131  0.100956
  0.091812  0.096828
  0.082900  0.092575
  0.074403  0.088205
  0.066331  0.083731
  0.058691  0.079166
  0.051491  0.074526
  0.044738  0.069828
  0.038439  0.065089
  0.032600  0.060330
  0.027226  0.055572
  0.022325  0.050835
  0.017899  0.046142
  0.013954  0.041513
  0.010493  0.036971
  0.007520  0.032535
  0.005038  0.028225
  0.003050  0.024059
  0.001557  0.020054
  0.000561  0.016225
  0.000062  0.012585
  0.000062  0.009147
  0.000561  0.005919
  0.001557  0.002910
  0.003050  0.000128
  0.005038  -0.002422
  0.007520  -0.004733
  0.010493  -0.006804
  0.013954  -0.008629
  0.017899  -0.010208
  0.022325  -0.011539
  0.027226  -0.012621
  0.032600  -0.013455
  0.038439  -0.014040
  0.044738  -0.014379
  0.051491  -0.014474
  0.058691  -0.014327
  0.066331  -0.013943
  0.074403  -0.013327
  0.082900  -0.012487
  0.091812  -0.011429
  0.101131  -0.010162
  0.110848  -0.008697
  0.120953  -0.007045
  0.131435  -0.005219
  0.142285  -0.003233
  0.153492  -0.001100
  0.165044  0.001165
  0.176930  0.003545
  0.189138  0.006023
  0.201655  0.008583
  0.214470  0.011208
  0.227570  0.013881
  0.240941  0.016586
  0.254571  0.019307
  0.268445  0.022029
  0.282550  0.024737
  0.296872  0.027420
  0.311396  0.030064
  0.326109  0.032659
  0.340994  0.035194
  0.356038  0.037660
  0.371226  0.040050
  0.386542  0.042354
  0.401971  0.044567
  0.417498  0.046681
  0.433107  0.048691
  0.448783  0.050590
  0.464509  0.052374
  0.480272  0.054035
  0.496053  0.055570
  0.511839  0.056973
  0.527613  0.058240
  0.543359  0.059366
  0.559063  0.060347
  0.574707  0.061180
  0.590277  0.061862
  0.605757  0.062392
  0.621131  0.062769
  0.636385  0.062992
  0.651503  0.063063
  0.666469  0.062984
  0.681270  0.062757
  0.695890  0.062387
  0.710315  0.061879
  0.724530  0.061237
  0.738522  0.060468
  0.752275  0.059579
  0.765777  0.058576
  0.779014  0.057467
  0.791974  0.056261
  0.804642  0.054965
  0.817006  0.053587
  0.829054  0.052136
  0.840775  0.050618
  0.852155  0.049040
  0.863185  0.047410
  0.873852  0.045733
  0.884147  0.044015
  0.894059  0.042358
  0.903579  0.040696
  0.912695  0.039035
  0.921401  0.037386
  0.929686  0.035754
  0.937544  0.034147
  0.944964  0.032572
  0.951942  0.031034
  0.958469  0.029540
  0.964539  0.028093
  0.970146  0.026696
  0.975284  0.025354
  0.979948  0.024068
  0.984134  0.022840
  0.987838  0.021669
  0.991055  0.020557
  0.993782  0.019502
  0.996018  0.018503
  0.997759  0.017558
  0.999003  0.016666
  0.999751  0.015824
  1.000000  0.015028
