  1.000000  0.016593
  0.999751  0.017687
  0.999003  0.018859
  0.997759  0.020116
  0.996018  0.021462
  0.993782  0.022905
  0.991055  0.024449
  0.987838  0.026100
  0.984134  0.027862
  0.979948  0.029740
  0.975284  0.031737
  0.970146  0.033855
  0.964539  0.036097
  0.958469  0.038463
  0.951942  0.040951
  0.944964  0.043560
  0.937544  0.046287
  0.929686  0.049126
  0.921401  0.052072
  0.912695  0.055118
  0.903579  0.058254
  0.894059  0.061473
  0.884147  0.064764
  0.873852  0.068233
  0.863185  0.071727
  0.852155  0.075240
  0.840775  0.078761
  0.829054  0.082279
  0.817006  0.085784
  0.804642  0.089263
  0.791974  0.092705
  0.779014  0.096098
  0.765777  0.099428
  0.752275  0.102685
  0.738522  0.105856
  0.724530  0.108930
  0.710315  0.111897
  0.695890  0.114748
  0.681270  0.117474
  0.666469  0.120069
  0.651503  0.122526
  0.636385  0.124840
  0.621131  0.127007
  0.605757  0.129023
  0.590277  0.130887
  0.574707  0.132595
  0.559063  0.134147
  0.543359  0.135543
  0.527613  0.136782
  0.511839  0.137863
  0.496053  0.138789
  0.480272  0.139558
  0.464509  0.140171
  0.448783  0.140629
  0.433107  0.140932
  0.417498  0.141080
  0.401971  0.141073
  0.386542  0.140913
  0.371226  0.140598
  0.356038  0.140130
  0.340994  0.139507
  0.326109  0.138728
  0.311396  0.137794
  0.296872  0.136704
  0.282550  0.135456
  0.268445  0.134051
  0.254571  0.132487
  0.240941  0.130764
  0.227570  0.128881
  0.214470  0.126837
  0.201655  0.124632
  0.189138  0.122265
  0.176930  0.119736
  0.165044  0.117043
  0.153492  0.114189
  0.142285  0.111172
  0.131435  0.107994
  0.120953  0.104658
  0.110848  0.101166
  0.101131  0.097522
  0.091812  0.093732
  0.082900  0.089802
  0.074403  0.085739
  0.066331  0.081553
  0.058691  0.077255
  0.051491  0.072860
  0.044738  0.068380
  0.038439  0.063834
  0.032600  0.059238
  0.027226  0.054611
  0.022325  0.049973
  0.017899  0.045343
  0.013954  0.040741
  0.010493  0.036187
  0.007520  0.031700
  0.005038  0.027300
  0.003050  0.023003
  0.001557  0.018826
  0.000561  0.014786
  0.000062  0.010895
  0.000062  0.007168
  0.000561  0.003616
  0.001557  0.000250
  0.003050  -0.002920
  0.005038  -0.005883
  0.007520  -0.008632
  0.010493  -0.011158
  0.013954  -0.013453
  0.017899  -0.015510
  0.022325  -0.017324
  0.027226  -0.018887
  0.032600  -0.020195
  0.038439  -0.021244
  0.044738  -0.022030
  0.051491  -0.022551
  0.058691  -0.022806
  0.066331  -0.022796
  0.074403  -0.022523
  0.082900  -0.021994
  0.091812  -0.021214
  0.101131  -0.020193
  0.110848  -0.018943
  0.120953  -0.017476
  0.131435  -0.015808
  0.142285  -0.013958
  0.153492  -0.011944
  0.165044  -0.009787
  0.176930  -0.007510
  0.189138  -0.005137
  0.201655  -0.002691
  0.214470  -0.000198
  0.227570  0.002321
  0.240941  0.004841
  0.254571  0.007340
  0.268445  0.009800
  0.282550  0.012201
  0.296872  0.014528
  0.311396  0.016767
  0.326109  0.018908
  0.340994  0.020941
  0.356038  0.022861
  0.371226  0.024664
  0.386542  0.026348
  0.401971  0.027912
  0.417498  0.029359
  0.433107  0.030691
  0.448783  0.031912
  0.464509  0.033026
  0.480272  0.034041
  0.496053  0.034960
  0.511839  0.035789
  0.527613  0.036535
  0.543359  0.037202
  0.559063  0.037797
  0.574707  0.038322
  0.590277  0.038784
  0.605757  0.039185
  0.621131  0.039530
  0.636385  0.039821
  0.651503  0.040062
  0.666469  0.040254
  0.681270  0.040399
  0.695890  0.040498
  0.710315  0.040553
  0.724530  0.040563
  0.738522  0.040527
  0.752275  0.040446
  0.765777  0.040318
  0.779014  0.040142
  0.791974  0.039916
  0.804642  0.039638
  0.817006  0.039306
  0.829054  0.038917
  0.840775  0.038470
  0.852155  0.037960
  0.863185  0.037385
  0.873852  0.036741
  0.884147  0.036026
  0.894059  0.035319
  0.903579  0.034560
  0.912695  0.033754
  0.921401  0.032903
  0.929686  0.032012
  0.937544  0.031086
  0.944964  0.030130
  0.951942  0.029152
  0.958469  0.028157
  0.964539  0.027152
  0.970146  0.026144
  0.975284  0.025139
  0.979948  0.024142
  0.984134  0.023160
  0.987838  0.022197
  0.991055  0.021256
  0.993782  0.020341
  0.996018  0.019455
  0.997759  0.018599
  0.999003  0.017775
  0.999751  0.016982
  1.000000  0.016220
