  1.000000  0.012999
  0.999751  0.013960
  0.999003  0.014996
  0.997759  0.016114
  0.996018  0.017320
  0.993782  0.018623
  0.991055  0.020027
  0.987838  0.021539
  0.984134  0.023166
  0.979948  0.024912
  0.975284  0.026783
  0.970146  0.028783
  0.964539  0.030915
  0.958469  0.033182
  0.951942  0.035585
  0.944964  0.038124
  0.937544  0.040796
  0.929686  0.043600
  0.921401  0.046531
  0.912695  0.049582
  0.903579  0.052746
  0.894059  0.056015
  0.884147  0.059380
  0.873852  0.062936
  0.863185  0.066545
  0.852155  0.070197
  0.840775  0.073879
  0.829054  0.077579
  0.817006  0.081285
  0.804642  0.084980
  0.791974  0.088651
  0.779014  0.092283
  0.765777  0.095860
  0.752275  0.099368
  0.738522  0.102794
  0.724530  0.106122
  0.710315  0.109342
  0.695890  0.112441
  0.681270  0.115409
  0.666469  0.118239
  0.651503  0.120921
  0.636385  0.123450
  0.621131  0.125820
  0.605757  0.128028
  0.590277  0.130071
  0.574707  0.131945
  0.559063  0.133649
  0.543359  0.135182
  0.527613  0.136544
  0.511839  0.137735
  0.496053  0.138755
  0.480272  0.139604
  0.464509  0.140283
  0.448783  0.140793
  0.433107  0.141133
  0.417498  0.141305
  0.401971  0.141308
  0.386542  0.141144
  0.371226  0.140814
  0.356038  0.140317
  0.340994  0.139654
  0.326109  0.138825
  0.311396  0.137831
  0.296872  0.136671
  0.282550  0.135346
  0.268445  0.133856
  0.254571  0.132202
  0.240941  0.130384
  0.227570  0.128402
  0.214470  0.126258
  0.201655  0.123951
  0.189138  0.121483
  0.176930  0.118854
  0.165044  0.116066
  0.153492  0.113120
  0.142285  0.110017
  0.131435  0.106761
  0.120953  0.103354
  0.110848  0.099801
  0.101131  0.096106
  0.091812  0.092276
  0.082900  0.088316
  0.074403  0.084236
  0.066331  0.080044
  0.058691  0.075754
  0.051491  0.071376
  0.044738  0.066927
  0.038439  0.062422
  0.032600  0.057878
  0.027226  0.053311
  0.022325  0.048742
  0.017899  0.044188
  0.013954  0.039668
  0.010493  0.035201
  0.007520  0.030805
  0.005038  0.026496
  0.003050  0.022292
  0.001557  0.018207
  0.000561  0.014255
  0.000062  0.010450
  0.000062  0.006802
  0.000561  0.003323
  0.001557  0.000022
  0.003050  -0.003094
  0.005038  -0.006015
  0.007520  -0.008735
  0.010493  -0.011247
  0.013954  -0.013544
  0.017899  -0.015623
  0.022325  -0.017477
  0.027226  -0.019102
  0.032600  -0.020496
  0.038439  -0.021654
  0.044738  -0.022575
  0.051491  -0.023259
  0.058691  -0.023704
  0.066331  -0.023912
  0.074403  -0.023887
  0.082900  -0.023633
  0.091812  -0.023156
  0.101131  -0.022463
  0.110848  -0.021563
  0.120953  -0.020467
  0.131435  -0.019188
  0.142285  -0.017737
  0.153492  -0.016129
  0.165044  -0.014379
  0.176930  -0.012504
  0.189138  -0.010519
  0.201655  -0.008442
  0.214470  -0.006290
  0.227570  -0.004080
  0.240941  -0.001828
  0.254571  0.000451
  0.268445  0.002740
  0.282550  0.005027
  0.296872  0.007298
  0.311396  0.009541
  0.326109  0.011747
  0.340994  0.013904
  0.356038  0.016004
  0.371226  0.018040
  0.386542  0.020005
  0.401971  0.021893
  0.417498  0.023698
  0.433107  0.025415
  0.448783  0.027039
  0.464509  0.028567
  0.480272  0.029993
  0.496053  0.031315
  0.511839  0.032528
  0.527613  0.033630
  0.543359  0.034618
  0.559063  0.035489
  0.574707  0.036241
  0.590277  0.036874
  0.605757  0.037387
  0.621131  0.037779
  0.636385  0.038053
  0.651503  0.038210
  0.666469  0.038252
  0.681270  0.038183
  0.695890  0.038008
  0.710315  0.037731
  0.724530  0.037357
  0.738522  0.036892
  0.752275  0.036341
  0.765777  0.035711
  0.779014  0.035008
  0.791974  0.034239
  0.804642  0.033410
  0.817006  0.032528
  0.829054  0.031599
  0.840775  0.030629
  0.852155  0.029623
  0.863185  0.028587
  0.873852  0.027524
  0.884147  0.026439
  0.894059  0.025395
  0.903579  0.024351
  0.912695  0.023312
  0.921401  0.022283
  0.929686  0.021270
  0.937544  0.020277
  0.944964  0.019306
  0.951942  0.018363
  0.958469  0.017449
  0.964539  0.016567
  0.970146  0.015718
  0.975284  0.014905
  0.979948  0.014129
  0.984134  0.013389
  0.987838  0.012686
  0.991055  0.012020
  0.993782  0.011389
  0.996018  0.010794
  0.997759  0.010232
  0.999003  0.009702
  0.999751  0.009203
  1.000000  0.008732
