  1.000000  0.014919
  0.999751  0.015962
  0.999003  0.017083
  0.997759  0.018289
  0.996018  0.019587
  0.993782  0.020983
  0.991055  0.022484
  0.987838  0.024095
  0.984134  0.025823
  0.979948  0.027672
  0.975284  0.029647
  0.970146  0.031752
  0.964539  0.033990
  0.958469  0.036362
  0.951942  0.038868
  0.944964  0.041508
  0.937544  0.044279
  0.929686  0.047178
  0.921401  0.050198
  0.912695  0.053332
  0.903579  0.056574
  0.894059  0.059912
  0.884147  0.063337
  0.873852  0.066950
  0.863185  0.070603
  0.852155  0.074285
  0.840775  0.077984
  0.829054  0.081686
  0.817006  0.085378
  0.804642  0.089044
  0.791974  0.092669
  0.779014  0.096239
  0.765777  0.099736
  0.752275  0.103147
  0.738522  0.106456
  0.724530  0.109651
  0.710315  0.112718
  0.695890  0.115647
  0.681270  0.118427
  0.666469  0.121050
  0.651503  0.123509
  0.636385  0.125799
  0.621131  0.127915
  0.605757  0.129855
  0.590277  0.131617
  0.574707  0.133200
  0.559063  0.134604
  0.543359  0.135830
  0.527613  0.136881
  0.511839  0.137757
  0.496053  0.138462
  0.480272  0.138998
  0.464509  0.139368
  0.448783  0.139575
  0.433107  0.139621
  0.417498  0.139509
  0.401971  0.139241
  0.386542  0.138821
  0.371226  0.138250
  0.356038  0.137529
  0.340994  0.136661
  0.326109  0.135646
  0.311396  0.134485
  0.296872  0.133180
  0.282550  0.131730
  0.268445  0.130136
  0.254571  0.128399
  0.240941  0.126517
  0.227570  0.124491
  0.214470  0.122322
  0.201655  0.120008
  0.189138  0.117550
  0.176930  0.114948
  0.165044  0.112202
  0.153492  0.109313
  0.142285  0.106280
  0.131435  0.103106
  0.120953  0.099793
  0.110848  0.096344
  0.101131  0.092763
  0.091812  0.089054
  0.082900  0.085224
  0.074403  0.081281
  0.066331  0.077232
  0.058691  0.073090
  0.051491  0.068865
  0.044738  0.064572
  0.038439  0.060226
  0.032600  0.055842
  0.027226  0.051438
  0.022325  0.047030
  0.017899  0.042638
  0.013954  0.038278
  0.010493  0.033969
  0.007520  0.029729
  0.005038  0.025573
  0.003050  0.021517
  0.001557  0.017577
  0.000561  0.013765
  0.000062  0.010095
  0.000062  0.006578
  0.000561  0.003224
  0.001557  0.000043
  0.003050  -0.002957
  0.005038  -0.005767
  0.007520  -0.008381
  0.010493  -0.010790
  0.013954  -0.012989
  0.017899  -0.014972
  0.022325  -0.016735
  0.027226  -0.018271
  0.032600  -0.019578
  0.038439  -0.020651
  0.044738  -0.021489
  0.051491  -0.022089
  0.058691  -0.022452
  0.066331  -0.022579
  0.074403  -0.022472
  0.082900  -0.022137
  0.091812  -0.021578
  0.101131  -0.020805
  0.110848  -0.019826
  0.120953  -0.018653
  0.131435  -0.017299
  0.142285  -0.015778
  0.153492  -0.014107
  0.165044  -0.012301
  0.176930  -0.010379
  0.189138  -0.008360
  0.201655  -0.006263
  0.214470  -0.004106
  0.227570  -0.001910
  0.240941  0.000308
  0.254571  0.002530
  0.268445  0.004740
  0.282550  0.006923
  0.296872  0.009067
  0.311396  0.011158
  0.326109  0.013187
  0.340994  0.015147
  0.356038  0.017030
  0.371226  0.018831
  0.386542  0.020547
  0.401971  0.022176
  0.417498  0.023716
  0.433107  0.025167
  0.448783  0.026529
  0.464509  0.027805
  0.480272  0.028994
  0.496053  0.030100
  0.511839  0.031124
  0.527613  0.032068
  0.543359  0.032934
  0.559063  0.033724
  0.574707  0.034440
  0.590277  0.035084
  0.605757  0.035657
  0.621131  0.036161
  0.636385  0.036598
  0.651503  0.036968
  0.666469  0.037274
  0.681270  0.037516
  0.695890  0.037696
  0.710315  0.037814
  0.724530  0.037872
  0.738522  0.037869
  0.752275  0.037806
  0.765777  0.037683
  0.779014  0.037500
  0.791974  0.037257
  0.804642  0.036955
  0.817006  0.036592
  0.829054  0.036168
  0.840775  0.035682
  0.852155  0.035135
  0.863185  0.034523
  0.873852  0.033847
  0.884147  0.033106
  0.894059  0.032373
  0.903579  0.031596
  0.912695  0.030779
  0.921401  0.029926
  0.929686  0.029042
  0.937544  0.028132
  0.944964  0.027202
  0.951942  0.026259
  0.958469  0.025307
  0.964539  0.024353
  0.970146  0.023403
  0.975284  0.022462
  0.979948  0.021534
  0.984134  0.020625
  0.987838  0.019738
  0.991055  0.018877
  0.993782  0.018042
  0.996018  0.017237
  0.997759  0.016462
  0.999003  0.015718
  0.999751  0.015004
  1.000000  0.014321
