  1.000000  0.013550
  0.999751  0.014536
  0.999003  0.015598
  0.997759  0.016744
  0.996018  0.017980
  0.993782  0.019312
  0.991055  0.020747
  0.987838  0.022291
  0.984134  0.023951
  0.979948  0.025731
  0.975284  0.027637
  0.970146  0.029672
  0.964539  0.031840
  0.958469  0.034144
  0.951942  0.036583
  0.944964  0.039158
  0.937544  0.041867
  0.929686  0.044707
  0.921401  0.047672
  0.912695  0.050757
  0.903579  0.053954
  0.894059  0.057254
  0.884147  0.060648
  0.873852  0.064234
  0.863185  0.067870
  0.852155  0.071546
  0.840775  0.075250
  0.829054  0.078969
  0.817006  0.082690
  0.804642  0.086397
  0.791974  0.090077
  0.779014  0.093714
  0.765777  0.097293
  0.752275  0.100800
  0.738522  0.104219
  0.724530  0.107538
  0.710315  0.110743
  0.695890  0.113823
  0.681270  0.116768
  0.666469  0.119568
  0.651503  0.122216
  0.636385  0.124706
  0.621131  0.127031
  0.605757  0.129189
  0.590277  0.131174
  0.574707  0.132986
  0.559063  0.134621
  0.543359  0.136079
  0.527613  0.137361
  0.511839  0.138465
  0.496053  0.139392
  0.480272  0.140142
  0.464509  0.140717
  0.448783  0.141117
  0.433107  0.141343
  0.417498  0.141395
  0.401971  0.141275
  0.386542  0.140984
  0.371226  0.140522
  0.356038  0.139892
  0.340994  0.139093
  0.326109  0.138126
  0.311396  0.136993
  0.296872  0.135695
  0.282550  0.134232
  0.268445  0.132606
  0.254571  0.130818
  0.240941  0.128870
  0.227570  0.126762
  0.214470  0.124496
  0.201655  0.122075
  0.189138  0.119500
  0.176930  0.116772
  0.165044  0.113894
  0.153492  0.110869
  0.142285  0.107698
  0.131435  0.104385
  0.120953  0.100934
  0.110848  0.097351
  0.101131  0.093640
  0.091812  0.089807
  0.082900  0.085859
  0.074403  0.081805
  0.066331  0.077654
  0.058691  0.073417
  0.051491  0.069107
  0.044738  0.064737
  0.038439  0.060322
  0.032600  0.055878
  0.027226  0.051421
  0.022325  0.046967
  0.017899  0.042534
  0.013954  0.038139
  0.010493  0.033799
  0.007520  0.029529
  0.005038  0.025345
  0.003050  0.021263
  0.001557  0.017294
  0.000561  0.013453
  0.000062  0.009750
  0.000062  0.006195
  0.000561  0.002798
  0.001557  -0.000434
  0.003050  -0.003493
  0.005038  -0.006373
  0.007520  -0.009067
  0.010493  -0.011569
  0.013954  -0.013874
  0.017899  -0.015979
  0.022325  -0.017878
  0.027226  -0.019569
  0.032600  -0.021048
  0.038439  -0.022315
  0.044738  -0.023366
  0.051491  -0.024202
  0.058691  -0.024824
  0.066331  -0.025233
  0.074403  -0.025432
  0.082900  -0.025425
  0.091812  -0.025218
  0.101131  -0.024817
  0.110848  -0.024230
  0.120953  -0.023466
  0.131435  -0.022534
  0.142285  -0.021444
  0.153492  -0.020207
  0.165044  -0.018834
  0.176930  -0.017337
  0.189138  -0.015727
  0.201655  -0.014018
  0.214470  -0.012219
  0.227570  -0.010344
  0.240941  -0.008403
  0.254571  -0.006407
  0.268445  -0.004367
  0.282550  -0.002291
  0.296872  -0.000189
  0.311396  0.001929
  0.326109  0.004056
  0.340994  0.006184
  0.356038  0.008305
  0.371226  0.010412
  0.386542  0.012497
  0.401971  0.014552
  0.417498  0.016571
  0.433107  0.018546
  0.448783  0.020470
  0.464509  0.022335
  0.480272  0.024133
  0.496053  0.025857
  0.511839  0.027499
  0.527613  0.029050
  0.543359  0.030504
  0.559063  0.031854
  0.574707  0.033094
  0.590277  0.034217
  0.605757  0.035219
  0.621131  0.036096
  0.636385  0.036845
  0.651503  0.037465
  0.666469  0.037955
  0.681270  0.038315
  0.695890  0.038548
  0.710315  0.038655
  0.724530  0.038639
  0.738522  0.038506
  0.752275  0.038259
  0.765777  0.037905
  0.779014  0.037449
  0.791974  0.036899
  0.804642  0.036261
  0.817006  0.035543
  0.829054  0.034750
  0.840775  0.033890
  0.852155  0.032969
  0.863185  0.031994
  0.873852  0.030969
  0.884147  0.029901
  0.894059  0.028860
  0.903579  0.027803
  0.912695  0.026736
  0.921401  0.025667
  0.929686  0.024600
  0.937544  0.023543
  0.944964  0.022501
  0.951942  0.021479
  0.958469  0.020480
  0.964539  0.019509
  0.970146  0.018569
  0.975284  0.017662
  0.979948  0.016791
  0.984134  0.015956
  0.987838  0.015159
  0.991055  0.014399
  0.993782  0.013677
  0.996018  0.012992
  0.997759  0.012343
  0.999003  0.011729
  0.999751  0.011148
  1.000000  0.010599
