  1.000000  0.015600
  0.999751  0.016659
  0.999003  0.017795
  0.997759  0.019016
  0.996018  0.020327
  0.993782  0.021735
  0.991055  0.023245
  0.987838  0.024864
  0.984134  0.026595
  0.979948  0.028445
  0.975284  0.030417
  0.970146  0.032515
  0.964539  0.034739
  0.958469  0.037093
  0.951942  0.039575
  0.944964  0.042184
  0.937544  0.044917
  0.929686  0.047770
  0.921401  0.050737
  0.912695  0.053811
  0.903579  0.056984
  0.894059  0.060246
  0.884147  0.063586
  0.873852  0.067108
  0.863185  0.070663
  0.852155  0.074240
  0.840775  0.077828
  0.829054  0.081416
  0.817006  0.084989
  0.804642  0.088535
  0.791974  0.092039
  0.779014  0.095488
  0.765777  0.098867
  0.752275  0.102162
  0.738522  0.105361
  0.724530  0.108450
  0.710315  0.111419
  0.695890  0.114258
  0.681270  0.116958
  0.666469  0.119510
  0.651503  0.121910
  0.636385  0.124151
  0.621131  0.126232
  0.605757  0.128148
  0.590277  0.129900
  0.574707  0.131486
  0.559063  0.132906
  0.543359  0.134162
  0.527613  0.135255
  0.511839  0.136188
  0.496053  0.136963
  0.480272  0.137581
  0.464509  0.138046
  0.448783  0.138360
  0.433107  0.138525
  0.417498  0.138542
  0.401971  0.138415
  0.386542  0.138145
  0.371226  0.137732
  0.356038  0.137179
  0.340994  0.136485
  0.326109  0.135651
  0.311396  0.134676
  0.296872  0.133559
  0.282550  0.132301
  0.268445  0.130898
  0.254571  0.129351
  0.240941  0.127658
  0.227570  0.125816
  0.214470  0.123825
  0.201655  0.121682
  0.189138  0.119385
  0.176930  0.116932
  0.165044  0.114323
  0.153492  0.111555
  0.142285  0.108627
  0.131435  0.105541
  0.120953  0.102297
  0.110848  0.098897
  0.101131  0.095346
  0.091812  0.091648
  0.082900  0.087808
  0.074403  0.083835
  0.066331  0.079739
  0.058691  0.075531
  0.051491  0.071226
  0.044738  0.066839
  0.038439  0.062387
  0.032600  0.057890
  0.027226  0.053365
  0.022325  0.048835
  0.017899  0.044319
  0.013954  0.039837
  0.010493  0.035411
  0.007520  0.031060
  0.005038  0.026802
  0.003050  0.022654
  0.001557  0.018632
  0.000561  0.014750
  0.000062  0.011021
  0.000062  0.007455
  0.000561  0.004061
  0.001557  0.000846
  0.003050  -0.002183
  0.005038  -0.005020
  0.007520  -0.007662
  0.010493  -0.010105
  0.013954  -0.012345
  0.017899  -0.014381
  0.022325  -0.016212
  0.027226  -0.017836
  0.032600  -0.019254
  0.038439  -0.020467
  0.044738  -0.021474
  0.051491  -0.022279
  0.058691  -0.022883
  0.066331  -0.023289
  0.074403  -0.023502
  0.082900  -0.023527
  0.091812  -0.023370
  0.101131  -0.023037
  0.110848  -0.022536
  0.120953  -0.021875
  0.131435  -0.021063
  0.142285  -0.020109
  0.153492  -0.019021
  0.165044  -0.017809
  0.176930  -0.016482
  0.189138  -0.015050
  0.201655  -0.013523
  0.214470  -0.011909
  0.227570  -0.010218
  0.240941  -0.008459
  0.254571  -0.006639
  0.268445  -0.004767
  0.282550  -0.002849
  0.296872  -0.000894
  0.311396  0.001093
  0.326109  0.003105
  0.340994  0.005136
  0.356038  0.007179
  0.371226  0.009228
  0.386542  0.011276
  0.401971  0.013318
  0.417498  0.015346
  0.433107  0.017355
  0.448783  0.019336
  0.464509  0.021283
  0.480272  0.023187
  0.496053  0.025041
  0.511839  0.026837
  0.527613  0.028566
  0.543359  0.030220
  0.559063  0.031792
  0.574707  0.033275
  0.590277  0.034660
  0.605757  0.035942
  0.621131  0.037115
  0.636385  0.038174
  0.651503  0.039115
  0.666469  0.039936
  0.681270  0.040634
  0.695890  0.041208
  0.710315  0.041657
  0.724530  0.041982
  0.738522  0.042185
  0.752275  0.042268
  0.765777  0.042233
  0.779014  0.042084
  0.791974  0.041825
  0.804642  0.041460
  0.817006  0.040993
  0.829054  0.040430
  0.840775  0.039774
  0.852155  0.039030
  0.863185  0.038202
  0.873852  0.037295
  0.884147  0.036312
  0.894059  0.035338
  0.903579  0.034320
  0.912695  0.033264
  0.921401  0.032179
  0.929686  0.031072
  0.937544  0.029950
  0.944964  0.028822
  0.951942  0.027693
  0.958469  0.026571
  0.964539  0.025462
  0.970146  0.024372
  0.975284  0.023305
  0.979948  0.022265
  0.984134  0.021257
  0.987838  0.020283
  0.991055  0.019345
  0.993782  0.018445
  0.996018  0.017582
  0.997759  0.016758
  0.999003  0.015972
  0.999751  0.015224
  1.000000  0.014510
