  1.000000  0.015308
  0.999751  0.016352
  0.999003  0.017473
  0.997759  0.018676
  0.996018  0.019969
  0.993782  0.021357
  0.991055  0.022847
  0.987838  0.024443
  0.984134  0.026152
  0.979948  0.027977
  0.975284  0.029923
  0.970146  0.031992
  0.964539  0.034188
  0.958469  0.036511
  0.951942  0.038961
  0.944964  0.041536
  0.937544  0.044235
  0.929686  0.047052
  0.921401  0.049983
  0.912695  0.053020
  0.903579  0.056156
  0.894059  0.059382
  0.884147  0.062687
  0.873852  0.066174
  0.863185  0.069696
  0.852155  0.073244
  0.840775  0.076806
  0.829054  0.080372
  0.817006  0.083929
  0.804642  0.087465
  0.791974  0.090966
  0.779014  0.094418
  0.765777  0.097808
  0.752275  0.101122
  0.738522  0.104348
  0.724530  0.107474
  0.710315  0.110487
  0.695890  0.113378
  0.681270  0.116137
  0.666469  0.118756
  0.651503  0.121228
  0.636385  0.123547
  0.621131  0.125709
  0.605757  0.127709
  0.590277  0.129544
  0.574707  0.131213
  0.559063  0.132713
  0.543359  0.134045
  0.527613  0.135207
  0.511839  0.136200
  0.496053  0.137024
  0.480272  0.137680
  0.464509  0.138169
  0.448783  0.138492
  0.433107  0.138648
  0.417498  0.138640
  0.401971  0.138467
  0.386542  0.138132
  0.371226  0.137635
  0.356038  0.136977
  0.340994  0.136159
  0.326109  0.135182
  0.311396  0.134046
  0.296872  0.132753
  0.282550  0.131304
  0.268445  0.129699
  0.254571  0.127940
  0.240941  0.126028
  0.227570  0.123964
  0.214470  0.121750
  0.201655  0.119388
  0.189138  0.116878
  0.176930  0.114224
  0.165044  0.111426
  0.153492  0.108486
  0.142285  0.105408
  0.131435  0.102193
  0.120953  0.098846
  0.110848  0.095371
  0.101131  0.091771
  0.091812  0.088053
  0.082900  0.084222
  0.074403  0.080286
  0.066331  0.076253
  0.058691  0.072132
  0.051491  0.067935
  0.044738  0.063674
  0.038439  0.059361
  0.032600  0.055011
  0.027226  0.050639
  0.022325  0.046259
  0.017899  0.041888
  0.013954  0.037541
  0.010493  0.033233
  0.007520  0.028981
  0.005038  0.024800
  0.003050  0.020703
  0.001557  0.016706
  0.000561  0.012820
  0.000062  0.009058
  0.000062  0.005433
  0.000561  0.001956
  0.001557  -0.001362
  0.003050  -0.004511
  0.005038  -0.007481
  0.007520  -0.010261
  0.010493  -0.012841
  0.013954  -0.015213
  0.017899  -0.017367
  0.022325  -0.019294
  0.027226  -0.020987
  0.032600  -0.022436
  0.038439  -0.023636
  0.044738  -0.024580
  0.051491  -0.025264
  0.058691  -0.025683
  0.066331  -0.025837
  0.074403  -0.025727
  0.082900  -0.025355
  0.091812  -0.024726
  0.101131  -0.023847
  0.110848  -0.022727
  0.120953  -0.021379
  0.131435  -0.019816
  0.142285  -0.018055
  0.153492  -0.016113
  0.165044  -0.014010
  0.176930  -0.011768
  0.189138  -0.009409
  0.201655  -0.006957
  0.214470  -0.004434
  0.227570  -0.001866
  0.240941  0.000727
  0.254571  0.003322
  0.268445  0.005899
  0.282550  0.008440
  0.296872  0.010926
  0.311396  0.013344
  0.326109  0.015682
  0.340994  0.017927
  0.356038  0.020073
  0.371226  0.022113
  0.386542  0.024041
  0.401971  0.025856
  0.417498  0.027556
  0.433107  0.029139
  0.448783  0.030607
  0.464509  0.031961
  0.480272  0.033203
  0.496053  0.034334
  0.511839  0.035359
  0.527613  0.036278
  0.543359  0.037096
  0.559063  0.037814
  0.574707  0.038436
  0.590277  0.038963
  0.605757  0.039399
  0.621131  0.039746
  0.636385  0.040008
  0.651503  0.040185
  0.666469  0.040283
  0.681270  0.040302
  0.695890  0.040246
  0.710315  0.040118
  0.724530  0.039921
  0.738522  0.039655
  0.752275  0.039324
  0.765777  0.038929
  0.779014  0.038473
  0.791974  0.037958
  0.804642  0.037386
  0.817006  0.036758
  0.829054  0.036077
  0.840775  0.035343
  0.852155  0.034558
  0.863185  0.033723
  0.873852  0.032839
  0.884147  0.031906
  0.894059  0.030997
  0.903579  0.030061
  0.912695  0.029104
  0.921401  0.028129
  0.929686  0.027142
  0.937544  0.026148
  0.944964  0.025152
  0.951942  0.024159
  0.958469  0.023173
  0.964539  0.022201
  0.970146  0.021246
  0.975284  0.020312
  0.979948  0.019402
  0.984134  0.018520
  0.987838  0.017668
  0.991055  0.016847
  0.993782  0.016059
  0.996018  0.015304
  0.997759  0.014583
  0.999003  0.013894
  0.999751  0.013238
  1.000000  0.012614
