  1.000000  0.015299
  0.999751  0.016350
  0.999003  0.017480
  0.997759  0.018694
  0.996018  0.019998
  0.993782  0.021400
  0.991055  0.022906
  0.987838  0.024521
  0.984134  0.026250
  0.979948  0.028099
  0.975284  0.030073
  0.970146  0.032173
  0.964539  0.034403
  0.958469  0.036765
  0.951942  0.039257
  0.944964  0.041880
  0.937544  0.044630
  0.929686  0.047504
  0.921401  0.050494
  0.912695  0.053595
  0.903579  0.056798
  0.894059  0.060094
  0.884147  0.063471
  0.873852  0.067032
  0.863185  0.070629
  0.852155  0.074249
  0.840775  0.077882
  0.829054  0.081515
  0.817006  0.085133
  0.804642  0.088722
  0.791974  0.092268
  0.779014  0.095755
  0.765777  0.099168
  0.752275  0.102492
  0.738522  0.105713
  0.724530  0.108819
  0.710315  0.111796
  0.695890  0.114634
  0.681270  0.117323
  0.666469  0.119855
  0.651503  0.122224
  0.636385  0.124424
  0.621131  0.126451
  0.605757  0.128302
  0.590277  0.129978
  0.574707  0.131475
  0.559063  0.132796
  0.543359  0.133941
  0.527613  0.134912
  0.511839  0.135711
  0.496053  0.136342
  0.480272  0.136808
  0.464509  0.137110
  0.448783  0.137253
  0.433107  0.137240
  0.417498  0.137072
  0.401971  0.136754
  0.386542  0.136286
  0.371226  0.135673
  0.356038  0.134916
  0.340994  0.134016
  0.326109  0.132975
  0.311396  0.131794
  0.296872  0.130475
  0.282550  0.129016
  0.268445  0.127420
  0.254571  0.125687
  0.240941  0.123816
  0.227570  0.121808
  0.214470  0.119662
  0.201655  0.117380
  0.189138  0.114961
  0.176930  0.112405
  0.165044  0.109711
  0.153492  0.106882
  0.142285  0.103917
  0.131435  0.100817
  0.120953  0.097585
  0.110848  0.094223
  0.101131  0.090735
  0.091812  0.087125
  0.082900  0.083397
  0.074403  0.079559
  0.066331  0.075617
  0.058691  0.071582
  0.051491  0.067464
  0.044738  0.063273
  0.038439  0.059025
  0.032600  0.054731
  0.027226  0.050408
  0.022325  0.046071
  0.017899  0.041736
  0.013954  0.037419
  0.010493  0.033135
  0.007520  0.028902
  0.005038  0.024734
  0.003050  0.020647
  0.001557  0.016654
  0.000561  0.012769
  0.000062  0.009006
  0.000062  0.005376
  0.000561  0.001893
  0.001557  -0.001434
  0.003050  -0.004592
  0.005038  -0.007571
  0.007520  -0.010360
  0.010493  -0.012949
  0.013954  -0.015328
  0.017899  -0.017487
  0.022325  -0.019417
  0.027226  -0.021109
  0.032600  -0.022554
  0.038439  -0.023745
  0.044738  -0.024675
  0.051491  -0.025339
  0.058691  -0.025733
  0.066331  -0.025855
  0.074403  -0.025705
  0.082900  -0.025287
  0.091812  -0.024606
  0.101131  -0.023667
  0.110848  -0.022481
  0.120953  -0.021061
  0.131435  -0.019420
  0.142285  -0.017577
  0.153492  -0.015550
  0.165044  -0.013361
  0.176930  -0.011032
  0.189138  -0.008587
  0.201655  -0.006052
  0.214470  -0.003450
  0.227570  -0.000809
  0.240941  0.001850
  0.254571  0.004501
  0.268445  0.007124
  0.282550  0.009700
  0.296872  0.012210
  0.311396  0.014639
  0.326109  0.016975
  0.340994  0.019208
  0.356038  0.021329
  0.371226  0.023333
  0.386542  0.025217
  0.401971  0.026980
  0.417498  0.028620
  0.433107  0.030140
  0.448783  0.031542
  0.464509  0.032829
  0.480272  0.034006
  0.496053  0.035076
  0.511839  0.036045
  0.527613  0.036918
  0.543359  0.037698
  0.559063  0.038390
  0.574707  0.038998
  0.590277  0.039526
  0.605757  0.039977
  0.621131  0.040356
  0.636385  0.040665
  0.651503  0.040906
  0.666469  0.041083
  0.681270  0.041198
  0.695890  0.041252
  0.710315  0.041247
  0.724530  0.041185
  0.738522  0.041066
  0.752275  0.040890
  0.765777  0.040657
  0.779014  0.040369
  0.791974  0.040024
  0.804642  0.039622
  0.817006  0.039163
  0.829054  0.038646
  0.840775  0.038071
  0.852155  0.037435
  0.863185  0.036738
  0.873852  0.035977
  0.884147  0.035153
  0.894059  0.034342
  0.903579  0.033489
  0.912695  0.032597
  0.921401  0.031672
  0.929686  0.030716
  0.937544  0.029736
  0.944964  0.028738
  0.951942  0.027728
  0.958469  0.026711
  0.964539  0.025694
  0.970146  0.024682
  0.975284  0.023681
  0.979948  0.022697
  0.984134  0.021732
  0.987838  0.020792
  0.991055  0.019879
  0.993782  0.018996
  0.996018  0.018144
  0.997759  0.017324
  0.999003  0.016538
  0.999751  0.015784
  1.000000  0.015063
