  1.000000  0.015564
  0.999751  0.016616
  0.999003  0.017746
  0.997759  0.018958
  0.996018  0.020260
  0.993782  0.021658
  0.991055  0.023156
  0.987838  0.024762
  0.984134  0.026479
  0.979948  0.028312
  0.975284  0.030266
  0.970146  0.032343
  0.964539  0.034545
  0.958469  0.036873
  0.951942  0.039328
  0.944964  0.041907
  0.937544  0.044608
  0.929686  0.047427
  0.921401  0.050357
  0.912695  0.053391
  0.903579  0.056523
  0.894059  0.059742
  0.884147  0.063039
  0.873852  0.066516
  0.863185  0.070025
  0.852155  0.073557
  0.840775  0.077102
  0.829054  0.080647
  0.817006  0.084181
  0.804642  0.087692
  0.791974  0.091165
  0.779014  0.094587
  0.765777  0.097945
  0.752275  0.101226
  0.738522  0.104416
  0.724530  0.107505
  0.710315  0.110480
  0.695890  0.113333
  0.681270  0.116054
  0.666469  0.118634
  0.651503  0.121069
  0.636385  0.123352
  0.621131  0.125479
  0.605757  0.127448
  0.590277  0.129255
  0.574707  0.130899
  0.559063  0.132380
  0.543359  0.133697
  0.527613  0.134850
  0.511839  0.135841
  0.496053  0.136670
  0.480272  0.137340
  0.464509  0.137849
  0.448783  0.138201
  0.433107  0.138397
  0.417498  0.138437
  0.401971  0.138322
  0.386542  0.138054
  0.371226  0.137633
  0.356038  0.137061
  0.340994  0.136338
  0.326109  0.135464
  0.311396  0.134438
  0.296872  0.133262
  0.282550  0.131935
  0.268445  0.130457
  0.254571  0.128828
  0.240941  0.127048
  0.227570  0.125117
  0.214470  0.123034
  0.201655  0.120800
  0.189138  0.118415
  0.176930  0.115878
  0.165044  0.113190
  0.153492  0.110351
  0.142285  0.107362
  0.131435  0.104225
  0.120953  0.100941
  0.110848  0.097515
  0.101131  0.093950
  0.091812  0.090251
  0.082900  0.086423
  0.074403  0.082475
  0.066331  0.078413
  0.058691  0.074250
  0.051491  0.069997
  0.044738  0.065667
  0.038439  0.061275
  0.032600  0.056837
  0.027226  0.052370
  0.022325  0.047890
  0.017899  0.043416
  0.013954  0.038966
  0.010493  0.034557
  0.007520  0.030208
  0.005038  0.025935
  0.003050  0.021753
  0.001557  0.017680
  0.000561  0.013728
  0.000062  0.009912
  0.000062  0.006244
  0.000561  0.002735
  0.001557  -0.000603
  0.003050  -0.003760
  0.005038  -0.006726
  0.007520  -0.009493
  0.010493  -0.012050
  0.013954  -0.014391
  0.017899  -0.016506
  0.022325  -0.018388
  0.027226  -0.020031
  0.032600  -0.021428
  0.038439  -0.022573
  0.044738  -0.023463
  0.051491  -0.024093
  0.058691  -0.024462
  0.066331  -0.024569
  0.074403  -0.024416
  0.082900  -0.024007
  0.091812  -0.023349
  0.101131  -0.022447
  0.110848  -0.021312
  0.120953  -0.019958
  0.131435  -0.018397
  0.142285  -0.016646
  0.153492  -0.014722
  0.165044  -0.012646
  0.176930  -0.010439
  0.189138  -0.008121
  0.201655  -0.005716
  0.214470  -0.003247
  0.227570  -0.000736
  0.240941  0.001795
  0.254571  0.004324
  0.268445  0.006834
  0.282550  0.009305
  0.296872  0.011722
  0.311396  0.014070
  0.326109  0.016338
  0.340994  0.018516
  0.356038  0.020595
  0.371226  0.022571
  0.386542  0.024438
  0.401971  0.026194
  0.417498  0.027838
  0.433107  0.029369
  0.448783  0.030788
  0.464509  0.032097
  0.480272  0.033297
  0.496053  0.034391
  0.511839  0.035382
  0.527613  0.036272
  0.543359  0.037064
  0.559063  0.037760
  0.574707  0.038363
  0.590277  0.038876
  0.605757  0.039301
  0.621131  0.039641
  0.636385  0.039898
  0.651503  0.040075
  0.666469  0.040174
  0.681270  0.040199
  0.695890  0.040151
  0.710315  0.040033
  0.724530  0.039848
  0.738522  0.039596
  0.752275  0.039281
  0.765777  0.038903
  0.779014  0.038466
  0.791974  0.037970
  0.804642  0.037417
  0.817006  0.036810
  0.829054  0.036149
  0.840775  0.035435
  0.852155  0.034669
  0.863185  0.033852
  0.873852  0.032985
  0.884147  0.032068
  0.894059  0.031174
  0.903579  0.030251
  0.912695  0.029306
  0.921401  0.028341
  0.929686  0.027363
  0.937544  0.026375
  0.944964  0.025384
  0.951942  0.024394
  0.958469  0.023411
  0.964539  0.022440
  0.970146  0.021484
  0.975284  0.020548
  0.979948  0.019635
  0.984134  0.018750
  0.987838  0.017893
  0.991055  0.017067
  0.993782  0.016273
  0.996018  0.015513
  0.997759  0.014785
  0.999003  0.014091
  0.999751  0.013428
  1.000000  0.012797
