  1.000000  0.015158
  0.999751  0.016205
  0.999003  0.017330
  0.997759  0.018539
  0.996018  0.019840
  0.993782  0.021238
  0.991055  0.022739
  0.987838  0.024350
  0.984134  0.026077
  0.979948  0.027923
  0.975284  0.029894
  0.970146  0.031993
  0.964539  0.034222
  0.958469  0.036583
  0.951942  0.039077
  0.944964  0.041701
  0.937544  0.044454
  0.929686  0.047331
  0.921401  0.050327
  0.912695  0.053434
  0.903579  0.056644
  0.894059  0.059948
  0.884147  0.063335
  0.873852  0.066907
  0.863185  0.070516
  0.852155  0.074150
  0.840775  0.077798
  0.829054  0.081447
  0.817006  0.085082
  0.804642  0.088690
  0.791974  0.092255
  0.779014  0.095763
  0.765777  0.099199
  0.752275  0.102547
  0.738522  0.105794
  0.724530  0.108927
  0.710315  0.111935
  0.695890  0.114805
  0.681270  0.117531
  0.666469  0.120102
  0.651503  0.122514
  0.636385  0.124762
  0.621131  0.126842
  0.605757  0.128752
  0.590277  0.130491
  0.574707  0.132060
  0.559063  0.133458
  0.543359  0.134687
  0.527613  0.135751
  0.511839  0.136651
  0.496053  0.137390
  0.480272  0.137972
  0.464509  0.138400
  0.448783  0.138677
  0.433107  0.138805
  0.417498  0.138787
  0.401971  0.138626
  0.386542  0.138324
  0.371226  0.137883
  0.356038  0.137305
  0.340994  0.136589
  0.326109  0.135735
  0.311396  0.134745
  0.296872  0.133618
  0.282550  0.132353
  0.268445  0.130948
  0.254571  0.129402
  0.240941  0.127714
  0.227570  0.125882
  0.214470  0.123903
  0.201655  0.121777
  0.189138  0.119499
  0.176930  0.117069
  0.165044  0.114484
  0.153492  0.111743
  0.142285  0.108844
  0.131435  0.105787
  0.120953  0.102574
  0.110848  0.099205
  0.101131  0.095684
  0.091812  0.092014
  0.082900  0.088201
  0.074403  0.084253
  0.066331  0.080177
  0.058691  0.075986
  0.051491  0.071692
  0.044738  0.067310
  0.038439  0.062857
  0.032600  0.058351
  0.027226  0.053810
  0.022325  0.049254
  0.017899  0.044703
  0.013954  0.040178
  0.010493  0.035699
  0.007520  0.031285
  0.005038  0.026955
  0.003050  0.022727
  0.001557  0.018618
  0.000561  0.014642
  0.000062  0.010814
  0.000062  0.007146
  0.000561  0.003649
  0.001557  0.000332
  0.003050  -0.002795
  0.005038  -0.005724
  0.007520  -0.008447
  0.010493  -0.010959
  0.013954  -0.013254
  0.017899  -0.015325
  0.022325  -0.017169
  0.027226  -0.018783
  0.032600  -0.020162
  0.038439  -0.021304
  0.044738  -0.022207
  0.051491  -0.022872
  0.058691  -0.023297
  0.066331  -0.023485
  0.074403  -0.023440
  0.082900  -0.023166
  0.091812  -0.022669
  0.101131  -0.021957
  0.110848  -0.021038
  0.120953  -0.019925
  0.131435  -0.018629
  0.142285  -0.017162
  0.153492  -0.015540
  0.165044  -0.013777
  0.176930  -0.011889
  0.189138  -0.009893
  0.201655  -0.007806
  0.214470  -0.005646
  0.227570  -0.003428
  0.240941  -0.001169
  0.254571  0.001115
  0.268445  0.003409
  0.282550  0.005700
  0.296872  0.007975
  0.311396  0.010222
  0.326109  0.012431
  0.340994  0.014593
  0.356038  0.016699
  0.371226  0.018742
  0.386542  0.020717
  0.401971  0.022616
  0.417498  0.024437
  0.433107  0.026174
  0.448783  0.027824
  0.464509  0.029382
  0.480272  0.030847
  0.496053  0.032214
  0.511839  0.033481
  0.527613  0.034646
  0.543359  0.035706
  0.559063  0.036660
  0.574707  0.037504
  0.590277  0.038239
  0.605757  0.038864
  0.621131  0.039378
  0.636385  0.039782
  0.651503  0.040078
  0.666469  0.040265
  0.681270  0.040348
  0.695890  0.040328
  0.710315  0.040210
  0.724530  0.039996
  0.738522  0.039690
  0.752275  0.039297
  0.765777  0.038820
  0.779014  0.038266
  0.791974  0.037637
  0.804642  0.036940
  0.817006  0.036179
  0.829054  0.035359
  0.840775  0.034484
  0.852155  0.033559
  0.863185  0.032586
  0.873852  0.031570
  0.884147  0.030514
  0.894059  0.029489
  0.903579  0.028448
  0.912695  0.027397
  0.921401  0.026342
  0.929686  0.025288
  0.937544  0.024241
  0.944964  0.023205
  0.951942  0.022185
  0.958469  0.021186
  0.964539  0.020211
  0.970146  0.019263
  0.975284  0.018346
  0.979948  0.017462
  0.984134  0.016613
  0.987838  0.015799
  0.991055  0.015021
  0.993782  0.014280
  0.996018  0.013575
  0.997759  0.012906
  0.999003  0.012271
  0.999751  0.011670
  1.000000  0.011100
