  1.000000  0.015618
  0.999751  0.016670
  0.999003  0.017797
  0.997759  0.019007
  0.996018  0.020306
  0.993782  0.021700
  0.991055  0.023194
  0.987838  0.024793
  0.984134  0.026503
  0.979948  0.028328
  0.975284  0.030272
  0.970146  0.032338
  0.964539  0.034528
  0.958469  0.036842
  0.951942  0.039280
  0.944964  0.041841
  0.937544  0.044521
  0.929686  0.047317
  0.921401  0.050223
  0.912695  0.053231
  0.903579  0.056334
  0.894059  0.059524
  0.884147  0.062789
  0.873852  0.066233
  0.863185  0.069709
  0.852155  0.073207
  0.840775  0.076718
  0.829054  0.080230
  0.817006  0.083733
  0.804642  0.087214
  0.791974  0.090660
  0.779014  0.094058
  0.765777  0.097396
  0.752275  0.100661
  0.738522  0.103841
  0.724530  0.106924
  0.710315  0.109900
  0.695890  0.112760
  0.681270  0.115494
  0.666469  0.118096
  0.651503  0.120558
  0.636385  0.122876
  0.621131  0.125044
  0.605757  0.127061
  0.590277  0.128923
  0.574707  0.130629
  0.559063  0.132177
  0.543359  0.133567
  0.527613  0.134798
  0.511839  0.135871
  0.496053  0.136787
  0.480272  0.137546
  0.464509  0.138148
  0.448783  0.138593
  0.433107  0.138884
  0.417498  0.139019
  0.401971  0.139000
  0.386542  0.138827
  0.371226  0.138501
  0.356038  0.138021
  0.340994  0.137387
  0.326109  0.136599
  0.311396  0.135657
  0.296872  0.134560
  0.282550  0.133308
  0.268445  0.131900
  0.254571  0.130337
  0.240941  0.128616
  0.227570  0.126738
  0.214470  0.124703
  0.201655  0.122510
  0.189138  0.120159
  0.176930  0.117649
  0.165044  0.114981
  0.153492  0.112155
  0.142285  0.109171
  0.131435  0.106032
  0.120953  0.102738
  0.110848  0.099295
  0.101131  0.095704
  0.091812  0.091972
  0.082900  0.088103
  0.074403  0.084107
  0.066331  0.079991
  0.058691  0.075768
  0.051491  0.071449
  0.044738  0.067048
  0.038439  0.062582
  0.032600  0.058067
  0.027226  0.053520
  0.022325  0.048960
  0.017899  0.044406
  0.013954  0.039877
  0.010493  0.035392
  0.007520  0.030969
  0.005038  0.026625
  0.003050  0.022379
  0.001557  0.018246
  0.000561  0.014241
  0.000062  0.010378
  0.000062  0.006670
  0.000561  0.003129
  0.001557  -0.000235
  0.003050  -0.003411
  0.005038  -0.006389
  0.007520  -0.009161
  0.010493  -0.011717
  0.013954  -0.014051
  0.017899  -0.016153
  0.022325  -0.018018
  0.027226  -0.019639
  0.032600  -0.021011
  0.038439  -0.022128
  0.044738  -0.022987
  0.051491  -0.023584
  0.058691  -0.023918
  0.066331  -0.023990
  0.074403  -0.023802
  0.082900  -0.023358
  0.091812  -0.022664
  0.101131  -0.021728
  0.110848  -0.020561
  0.120953  -0.019175
  0.131435  -0.017585
  0.142285  -0.015806
  0.153492  -0.013858
  0.165044  -0.011759
  0.176930  -0.009532
  0.189138  -0.007197
  0.201655  -0.004777
  0.214470  -0.002295
  0.227570  0.000225
  0.240941  0.002763
  0.254571  0.005298
  0.268445  0.007810
  0.282550  0.010282
  0.296872  0.012697
  0.311396  0.015042
  0.326109  0.017305
  0.340994  0.019476
  0.356038  0.021548
  0.371226  0.023516
  0.386542  0.025375
  0.401971  0.027123
  0.417498  0.028760
  0.433107  0.030285
  0.448783  0.031699
  0.464509  0.033004
  0.480272  0.034204
  0.496053  0.035300
  0.511839  0.036295
  0.527613  0.037194
  0.543359  0.037997
  0.559063  0.038709
  0.574707  0.039333
  0.590277  0.039871
  0.605757  0.040325
  0.621131  0.040698
  0.636385  0.040993
  0.651503  0.041213
  0.666469  0.041358
  0.681270  0.041433
  0.695890  0.041438
  0.710315  0.041376
  0.724530  0.041249
  0.738522  0.041057
  0.752275  0.040802
  0.765777  0.040486
  0.779014  0.040108
  0.791974  0.039672
  0.804642  0.039176
  0.817006  0.038623
  0.829054  0.038012
  0.840775  0.037344
  0.852155  0.036619
  0.863185  0.035837
  0.873852  0.034997
  0.884147  0.034100
  0.894059  0.033222
  0.903579  0.032309
  0.912695  0.031365
  0.921401  0.030395
  0.929686  0.029404
  0.937544  0.028397
  0.944964  0.027380
  0.951942  0.026359
  0.958469  0.025339
  0.964539  0.024326
  0.970146  0.023325
  0.975284  0.022340
  0.979948  0.021376
  0.984134  0.020437
  0.987838  0.019525
  0.991055  0.018643
  0.993782  0.017794
  0.996018  0.016977
  0.997759  0.016194
  0.999003  0.015445
  0.999751  0.014729
  1.000000  0.014046
