  1.000000  0.015584
  0.999751  0.016643
  0.999003  0.017780
  0.997759  0.019001
  0.996018  0.020312
  0.993782  0.021719
  0.991055  0.023228
  0.987838  0.024845
  0.984134  0.026575
  0.979948  0.028422
  0.975284  0.030390
  0.970146  0.032483
  0.964539  0.034702
  0.958469  0.037049
  0.951942  0.039523
  0.944964  0.042123
  0.937544  0.044846
  0.929686  0.047689
  0.921401  0.050644
  0.912695  0.053707
  0.903579  0.056868
  0.894059  0.060120
  0.884147  0.063452
  0.873852  0.066969
  0.863185  0.070522
  0.852155  0.074103
  0.840775  0.077701
  0.829054  0.081307
  0.817006  0.084907
  0.804642  0.088491
  0.791974  0.092046
  0.779014  0.095559
  0.765777  0.099017
  0.752275  0.102407
  0.738522  0.105716
  0.724530  0.108935
  0.710315  0.112050
  0.695890  0.115052
  0.681270  0.117931
  0.666469  0.120680
  0.651503  0.123290
  0.636385  0.125756
  0.621131  0.128071
  0.605757  0.130232
  0.590277  0.132233
  0.574707  0.134072
  0.559063  0.135746
  0.543359  0.137252
  0.527613  0.138588
  0.511839  0.139754
  0.496053  0.140747
  0.480272  0.141568
  0.464509  0.142214
  0.448783  0.142685
  0.433107  0.142980
  0.417498  0.143099
  0.401971  0.143041
  0.386542  0.142806
  0.371226  0.142394
  0.356038  0.141805
  0.340994  0.141040
  0.326109  0.140098
  0.311396  0.138981
  0.296872  0.137689
  0.282550  0.136223
  0.268445  0.134584
  0.254571  0.132774
  0.240941  0.130796
  0.227570  0.128651
  0.214470  0.126341
  0.201655  0.123869
  0.189138  0.121238
  0.176930  0.118451
  0.165044  0.115510
  0.153492  0.112419
  0.142285  0.109182
  0.131435  0.105802
  0.120953  0.102284
  0.110848  0.098634
  0.101131  0.094857
  0.091812  0.090960
  0.082900  0.086950
  0.074403  0.082835
  0.066331  0.078625
  0.058691  0.074331
  0.051491  0.069964
  0.044738  0.065538
  0.038439  0.061067
  0.032600  0.056567
  0.027226  0.052052
  0.022325  0.047539
  0.017899  0.043044
  0.013954  0.038585
  0.010493  0.034177
  0.007520  0.029837
  0.005038  0.025579
  0.003050  0.021419
  0.001557  0.017370
  0.000561  0.013446
  0.000062  0.009659
  0.000062  0.006019
  0.000561  0.002538
  0.001557  -0.000776
  0.003050  -0.003913
  0.005038  -0.006864
  0.007520  -0.009621
  0.010493  -0.012176
  0.013954  -0.014522
  0.017899  -0.016652
  0.022325  -0.018560
  0.027226  -0.020239
  0.032600  -0.021684
  0.038439  -0.022891
  0.044738  -0.023856
  0.051491  -0.024577
  0.058691  -0.025051
  0.066331  -0.025280
  0.074403  -0.025265
  0.082900  -0.025010
  0.091812  -0.024521
  0.101131  -0.023803
  0.110848  -0.022866
  0.120953  -0.021720
  0.131435  -0.020378
  0.142285  -0.018853
  0.153492  -0.017160
  0.165044  -0.015315
  0.176930  -0.013334
  0.189138  -0.011236
  0.201655  -0.009039
  0.214470  -0.006761
  0.227570  -0.004421
  0.240941  -0.002036
  0.254571  0.000377
  0.268445  0.002802
  0.282550  0.005224
  0.296872  0.007629
  0.311396  0.010005
  0.326109  0.012340
  0.340994  0.014625
  0.356038  0.016852
  0.371226  0.019012
  0.386542  0.021100
  0.401971  0.023110
  0.417498  0.025039
  0.433107  0.026881
  0.448783  0.028634
  0.464509  0.030295
  0.480272  0.031862
  0.496053  0.033331
  0.511839  0.034702
  0.527613  0.035972
  0.543359  0.037139
  0.559063  0.038203
  0.574707  0.039162
  0.590277  0.040014
  0.605757  0.040760
  0.621131  0.041399
  0.636385  0.041932
  0.651503  0.042359
  0.666469  0.042682
  0.681270  0.042901
  0.695890  0.043020
  0.710315  0.043041
  0.724530  0.042966
  0.738522  0.042797
  0.752275  0.042538
  0.765777  0.042192
  0.779014  0.041762
  0.791974  0.041252
  0.804642  0.040665
  0.817006  0.040005
  0.829054  0.039274
  0.840775  0.038477
  0.852155  0.037616
  0.863185  0.036694
  0.873852  0.035713
  0.884147  0.034675
  0.894059  0.033661
  0.903579  0.032616
  0.912695  0.031547
  0.921401  0.030461
  0.929686  0.029362
  0.937544  0.028257
  0.944964  0.027153
  0.951942  0.026054
  0.958469  0.024967
  0.964539  0.023897
  0.970146  0.022849
  0.975284  0.021826
  0.979948  0.020832
  0.984134  0.019870
  0.987838  0.018943
  0.991055  0.018052
  0.993782  0.017198
  0.996018  0.016381
  0.997759  0.015602
  0.999003  0.014860
  0.999751  0.014153
  1.000000  0.013481
