  1.000000  0.015072
  0.999751  0.016109
  0.999003  0.017224
  0.997759  0.018422
  0.996018  0.019710
  0.993782  0.021094
  0.991055  0.022580
  0.987838  0.024174
  0.984134  0.025881
  0.979948  0.027707
  0.975284  0.029655
  0.970146  0.031728
  0.964539  0.033930
  0.958469  0.036261
  0.951942  0.038722
  0.944964  0.041312
  0.937544  0.044027
  0.929686  0.046864
  0.921401  0.049817
  0.912695  0.052879
  0.903579  0.056043
  0.894059  0.059299
  0.884147  0.062636
  0.873852  0.066157
  0.863185  0.069713
  0.852155  0.073295
  0.840775  0.076892
  0.829054  0.080492
  0.817006  0.084080
  0.804642  0.087643
  0.791974  0.091168
  0.779014  0.094639
  0.765777  0.098042
  0.752275  0.101364
  0.738522  0.104590
  0.724530  0.107708
  0.710315  0.110706
  0.695890  0.113574
  0.681270  0.116303
  0.666469  0.118884
  0.651503  0.121311
  0.636385  0.123579
  0.621131  0.125684
  0.605757  0.127623
  0.590277  0.129395
  0.574707  0.130998
  0.559063  0.132432
  0.543359  0.133698
  0.527613  0.134797
  0.511839  0.135731
  0.496053  0.136502
  0.480272  0.137112
  0.464509  0.137563
  0.448783  0.137857
  0.433107  0.137996
  0.417498  0.137983
  0.401971  0.137819
  0.386542  0.137505
  0.371226  0.137044
  0.356038  0.136437
  0.340994  0.135684
  0.326109  0.134785
  0.311396  0.133742
  0.296872  0.132553
  0.282550  0.131220
  0.268445  0.129741
  0.254571  0.128116
  0.240941  0.126345
  0.227570  0.124426
  0.214470  0.122360
  0.201655  0.120145
  0.189138  0.117780
  0.176930  0.115266
  0.165044  0.112600
  0.153492  0.109784
  0.142285  0.106818
  0.131435  0.103702
  0.120953  0.100439
  0.110848  0.097031
  0.101131  0.093482
  0.091812  0.089798
  0.082900  0.085984
  0.074403  0.082048
  0.066331  0.078000
  0.058691  0.073850
  0.051491  0.069613
  0.044738  0.065302
  0.038439  0.060935
  0.032600  0.056527
  0.027226  0.052098
  0.022325  0.047667
  0.017899  0.043253
  0.013954  0.038875
  0.010493  0.034553
  0.007520  0.030305
  0.005038  0.026150
  0.003050  0.022104
  0.001557  0.018183
  0.000561  0.014401
  0.000062  0.010771
  0.000062  0.007305
  0.000561  0.004013
  0.001557  0.000903
  0.003050  -0.002015
  0.005038  -0.004734
  0.007520  -0.007249
  0.010493  -0.009552
  0.013954  -0.011639
  0.017899  -0.013507
  0.022325  -0.015149
  0.027226  -0.016565
  0.032600  -0.017751
  0.038439  -0.018705
  0.044738  -0.019426
  0.051491  -0.019914
  0.058691  -0.020170
  0.066331  -0.020197
  0.074403  -0.019996
  0.082900  -0.019575
  0.091812  -0.018940
  0.101131  -0.018098
  0.110848  -0.017059
  0.120953  -0.015835
  0.131435  -0.014437
  0.142285  -0.012880
  0.153492  -0.011179
  0.165044  -0.009348
  0.176930  -0.007406
  0.189138  -0.005369
  0.201655  -0.003256
  0.214470  -0.001084
  0.227570  0.001130
  0.240941  0.003368
  0.254571  0.005614
  0.268445  0.007852
  0.282550  0.010070
  0.296872  0.012254
  0.311396  0.014393
  0.326109  0.016478
  0.340994  0.018499
  0.356038  0.020451
  0.371226  0.022328
  0.386542  0.024125
  0.401971  0.025840
  0.417498  0.027469
  0.433107  0.029013
  0.448783  0.030468
  0.464509  0.031836
  0.480272  0.033116
  0.496053  0.034309
  0.511839  0.035414
  0.527613  0.036432
  0.543359  0.037365
  0.559063  0.038211
  0.574707  0.038972
  0.590277  0.039648
  0.605757  0.040241
  0.621131  0.040750
  0.636385  0.041177
  0.651503  0.041524
  0.666469  0.041790
  0.681270  0.041977
  0.695890  0.042087
  0.710315  0.042121
  0.724530  0.042080
  0.738522  0.041965
  0.752275  0.041778
  0.765777  0.041520
  0.779014  0.041191
  0.791974  0.040795
  0.804642  0.040331
  0.817006  0.039800
  0.829054  0.039205
  0.840775  0.038545
  0.852155  0.037820
  0.863185  0.037033
  0.873852  0.036181
  0.884147  0.035267
  0.894059  0.034369
  0.903579  0.033433
  0.912695  0.032463
  0.921401  0.031464
  0.929686  0.030441
  0.937544  0.029402
  0.944964  0.028351
  0.951942  0.027295
  0.958469  0.026240
  0.964539  0.025191
  0.970146  0.024155
  0.975284  0.023135
  0.979948  0.022137
  0.984134  0.021165
  0.987838  0.020221
  0.991055  0.019309
  0.993782  0.018430
  0.996018  0.017585
  0.997759  0.016774
  0.999003  0.015999
  0.999751  0.015258
  1.000000  0.014551
