  1.000000  0.012903
  0.999751  0.013860
  0.999003  0.014894
  0.997759  0.016010
  0.996018  0.017216
  0.993782  0.018518
  0.991055  0.019923
  0.987838  0.021436
  0.984134  0.023065
  0.979948  0.024816
  0.975284  0.026692
  0.970146  0.028700
  0.964539  0.030842
  0.958469  0.033121
  0.951942  0.035539
  0.944964  0.038095
  0.937544  0.040788
  0.929686  0.043615
  0.921401  0.046571
  0.912695  0.049651
  0.903579  0.052846
  0.894059  0.056149
  0.884147  0.059548
  0.873852  0.063141
  0.863185  0.066787
  0.852155  0.070475
  0.840775  0.074193
  0.829054  0.077927
  0.817006  0.081661
  0.804642  0.085381
  0.791974  0.089071
  0.779014  0.092714
  0.765777  0.096295
  0.752275  0.099797
  0.738522  0.103206
  0.724530  0.106507
  0.710315  0.109687
  0.695890  0.112734
  0.681270  0.115638
  0.666469  0.118389
  0.651503  0.120980
  0.636385  0.123405
  0.621131  0.125660
  0.605757  0.127740
  0.590277  0.129644
  0.574707  0.131369
  0.559063  0.132917
  0.543359  0.134286
  0.527613  0.135477
  0.511839  0.136494
  0.496053  0.137336
  0.480272  0.138006
  0.464509  0.138507
  0.448783  0.138840
  0.433107  0.139007
  0.417498  0.139011
  0.401971  0.138852
  0.386542  0.138534
  0.371226  0.138058
  0.356038  0.137426
  0.340994  0.136638
  0.326109  0.135696
  0.311396  0.134601
  0.296872  0.133353
  0.282550  0.131954
  0.268445  0.130402
  0.254571  0.128700
  0.240941  0.126848
  0.227570  0.124845
  0.214470  0.122693
  0.201655  0.120391
  0.189138  0.117941
  0.176930  0.115342
  0.165044  0.112596
  0.153492  0.109703
  0.142285  0.106664
  0.131435  0.103482
  0.120953  0.100159
  0.110848  0.096699
  0.101131  0.093106
  0.091812  0.089385
  0.082900  0.085542
  0.074403  0.081584
  0.066331  0.077521
  0.058691  0.073364
  0.051491  0.069124
  0.044738  0.064814
  0.038439  0.060450
  0.032600  0.056048
  0.027226  0.051624
  0.022325  0.047195
  0.017899  0.042778
  0.013954  0.038393
  0.010493  0.034056
  0.007520  0.029784
  0.005038  0.025595
  0.003050  0.021503
  0.001557  0.017524
  0.000561  0.013671
  0.000062  0.009957
  0.000062  0.006394
  0.000561  0.002992
  0.001557  -0.000239
  0.003050  -0.003290
  0.005038  -0.006152
  0.007520  -0.008817
  0.010493  -0.011277
  0.013954  -0.013527
  0.017899  -0.015558
  0.022325  -0.017367
  0.027226  -0.018947
  0.032600  -0.020293
  0.038439  -0.021402
  0.044738  -0.022270
  0.051491  -0.022896
  0.058691  -0.023278
  0.066331  -0.023418
  0.074403  -0.023317
  0.082900  -0.022980
  0.091812  -0.022412
  0.101131  -0.021620
  0.110848  -0.020614
  0.120953  -0.019404
  0.131435  -0.018003
  0.142285  -0.016425
  0.153492  -0.014684
  0.165044  -0.012797
  0.176930  -0.010782
  0.189138  -0.008657
  0.201655  -0.006440
  0.214470  -0.004150
  0.227570  -0.001806
  0.240941  0.000573
  0.254571  0.002971
  0.268445  0.005371
  0.282550  0.007758
  0.296872  0.010117
  0.311396  0.012436
  0.326109  0.014703
  0.340994  0.016909
  0.356038  0.019043
  0.371226  0.021101
  0.386542  0.023073
  0.401971  0.024957
  0.417498  0.026746
  0.433107  0.028436
  0.448783  0.030026
  0.464509  0.031510
  0.480272  0.032888
  0.496053  0.034157
  0.511839  0.035315
  0.527613  0.036360
  0.543359  0.037292
  0.559063  0.038108
  0.574707  0.038809
  0.590277  0.039394
  0.605757  0.039863
  0.621131  0.040218
  0.636385  0.040460
  0.651503  0.040592
  0.666469  0.040615
  0.681270  0.040534
  0.695890  0.040351
  0.710315  0.040073
  0.724530  0.039702
  0.738522  0.039244
  0.752275  0.038704
  0.765777  0.038086
  0.779014  0.037398
  0.791974  0.036643
  0.804642  0.035827
  0.817006  0.034957
  0.829054  0.034037
  0.840775  0.033072
  0.852155  0.032067
  0.863185  0.031025
  0.873852  0.029951
  0.884147  0.028849
  0.894059  0.027785
  0.903579  0.026715
  0.912695  0.025645
  0.921401  0.024580
  0.929686  0.023524
  0.937544  0.022483
  0.944964  0.021462
  0.951942  0.020462
  0.958469  0.019490
  0.964539  0.018546
  0.970146  0.017635
  0.975284  0.016758
  0.979948  0.015916
  0.984134  0.015111
  0.987838  0.014343
  0.991055  0.013612
  0.993782  0.012918
  0.996018  0.012261
  0.997759  0.011639
  0.999003  0.011051
  0.999751  0.010495
  1.000000  0.009970
