  1.000000  0.016128
  0.999751  0.017201
  0.999003  0.018351
  0.997759  0.019584
  0.996018  0.020907
  0.993782  0.022324
  0.991055  0.023843
  0.987838  0.025467
  0.984134  0.027202
  0.979948  0.029053
  0.975284  0.031022
  0.970146  0.033112
  0.964539  0.035326
  0.958469  0.037663
  0.951942  0.040124
  0.944964  0.042706
  0.937544  0.045406
  0.929686  0.048219
  0.921401  0.051141
  0.912695  0.054163
  0.903579  0.057278
  0.894059  0.060477
  0.884147  0.063749
  0.873852  0.067199
  0.863185  0.070677
  0.852155  0.074175
  0.840775  0.077682
  0.829054  0.081189
  0.817006  0.084684
  0.804642  0.088154
  0.791974  0.091587
  0.779014  0.094970
  0.765777  0.098291
  0.752275  0.101537
  0.738522  0.104695
  0.724530  0.107755
  0.710315  0.110706
  0.695890  0.113538
  0.681270  0.116241
  0.666469  0.118809
  0.651503  0.121234
  0.636385  0.123510
  0.621131  0.125633
  0.605757  0.127600
  0.590277  0.129407
  0.574707  0.131051
  0.559063  0.132532
  0.543359  0.133848
  0.527613  0.134998
  0.511839  0.135983
  0.496053  0.136803
  0.480272  0.137457
  0.464509  0.137947
  0.448783  0.138272
  0.433107  0.138434
  0.417498  0.138432
  0.401971  0.138268
  0.386542  0.137943
  0.371226  0.137456
  0.356038  0.136809
  0.340994  0.136003
  0.326109  0.135037
  0.311396  0.133913
  0.296872  0.132632
  0.282550  0.131194
  0.268445  0.129600
  0.254571  0.127851
  0.240941  0.125949
  0.227570  0.123894
  0.214470  0.121689
  0.201655  0.119335
  0.189138  0.116833
  0.176930  0.114185
  0.165044  0.111393
  0.153492  0.108459
  0.142285  0.105385
  0.131435  0.102175
  0.120953  0.098832
  0.110848  0.095360
  0.101131  0.091764
  0.091812  0.088048
  0.082900  0.084220
  0.074403  0.080285
  0.066331  0.076253
  0.058691  0.072133
  0.051491  0.067936
  0.044738  0.063674
  0.038439  0.059359
  0.032600  0.055006
  0.027226  0.050629
  0.022325  0.046244
  0.017899  0.041865
  0.013954  0.037509
  0.010493  0.033190
  0.007520  0.028925
  0.005038  0.024728
  0.003050  0.020613
  0.001557  0.016594
  0.000561  0.012684
  0.000062  0.008895
  0.000062  0.005240
  0.000561  0.001729
  0.001557  -0.001626
  0.003050  -0.004817
  0.005038  -0.007832
  0.007520  -0.010661
  0.010493  -0.013296
  0.013954  -0.015726
  0.017899  -0.017943
  0.022325  -0.019937
  0.027226  -0.021702
  0.032600  -0.023230
  0.038439  -0.024512
  0.044738  -0.025545
  0.051491  -0.026323
  0.058691  -0.026842
  0.066331  -0.027102
  0.074403  -0.027103
  0.082900  -0.026848
  0.091812  -0.026341
  0.101131  -0.025587
  0.110848  -0.024597
  0.120953  -0.023381
  0.131435  -0.021952
  0.142285  -0.020324
  0.153492  -0.018514
  0.165044  -0.016539
  0.176930  -0.014420
  0.189138  -0.012176
  0.201655  -0.009828
  0.214470  -0.007397
  0.227570  -0.004906
  0.240941  -0.002373
  0.254571  0.000181
  0.268445  0.002737
  0.282550  0.005279
  0.296872  0.007790
  0.311396  0.010256
  0.326109  0.012665
  0.340994  0.015006
  0.356038  0.017271
  0.371226  0.019450
  0.386542  0.021540
  0.401971  0.023534
  0.417498  0.025430
  0.433107  0.027223
  0.448783  0.028914
  0.464509  0.030499
  0.480272  0.031979
  0.496053  0.033353
  0.511839  0.034620
  0.527613  0.035781
  0.543359  0.036836
  0.559063  0.037784
  0.574707  0.038628
  0.590277  0.039366
  0.605757  0.040001
  0.621131  0.040533
  0.636385  0.040964
  0.651503  0.041295
  0.666469  0.041529
  0.681270  0.041668
  0.695890  0.041715
  0.710315  0.041672
  0.724530  0.041543
  0.738522  0.041329
  0.752275  0.041034
  0.765777  0.040660
  0.779014  0.040212
  0.791974  0.039691
  0.804642  0.039102
  0.817006  0.038447
  0.829054  0.037728
  0.840775  0.036949
  0.852155  0.036112
  0.863185  0.035219
  0.873852  0.034272
  0.884147  0.033273
  0.894059  0.032298
  0.903579  0.031295
  0.912695  0.030270
  0.921401  0.029228
  0.929686  0.028175
  0.937544  0.027117
  0.944964  0.026059
  0.951942  0.025007
  0.958469  0.023966
  0.964539  0.022940
  0.970146  0.021935
  0.975284  0.020955
  0.979948  0.020002
  0.984134  0.019080
  0.987838  0.018190
  0.991055  0.017335
  0.993782  0.016515
  0.996018  0.015731
  0.997759  0.014983
  0.999003  0.014271
  0.999751  0.013592
  1.000000  0.012947
