  1.000000  0.015888
  0.999751  0.016956
  0.999003  0.018102
  0.997759  0.019331
  0.996018  0.020650
  0.993782  0.022065
  0.991055  0.023581
  0.987838  0.025205
  0.984134  0.026940
  0.979948  0.028792
  0.975284  0.030763
  0.970146  0.032858
  0.964539  0.035077
  0.958469  0.037423
  0.951942  0.039893
  0.944964  0.042487
  0.937544  0.045202
  0.929686  0.048034
  0.921401  0.050975
  0.912695  0.054021
  0.903579  0.057163
  0.894059  0.060392
  0.884147  0.063699
  0.873852  0.067187
  0.863185  0.070708
  0.852155  0.074253
  0.840775  0.077812
  0.829054  0.081376
  0.817006  0.084932
  0.804642  0.088470
  0.791974  0.091975
  0.779014  0.095437
  0.765777  0.098841
  0.752275  0.102177
  0.738522  0.105431
  0.724530  0.108592
  0.710315  0.111650
  0.695890  0.114594
  0.681270  0.117415
  0.666469  0.120105
  0.651503  0.122658
  0.636385  0.125067
  0.621131  0.127326
  0.605757  0.129431
  0.590277  0.131380
  0.574707  0.133167
  0.559063  0.134792
  0.543359  0.136251
  0.527613  0.137544
  0.511839  0.138669
  0.496053  0.139625
  0.480272  0.140412
  0.464509  0.141029
  0.448783  0.141475
  0.433107  0.141750
  0.417498  0.141853
  0.401971  0.141784
  0.386542  0.141544
  0.371226  0.141132
  0.356038  0.140548
  0.340994  0.139793
  0.326109  0.138866
  0.311396  0.137768
  0.296872  0.136501
  0.282550  0.135063
  0.268445  0.133457
  0.254571  0.131684
  0.240941  0.129745
  0.227570  0.127642
  0.214470  0.125376
  0.201655  0.122949
  0.189138  0.120365
  0.176930  0.117624
  0.165044  0.114730
  0.153492  0.111685
  0.142285  0.108492
  0.131435  0.105156
  0.120953  0.101679
  0.110848  0.098069
  0.101131  0.094329
  0.091812  0.090467
  0.082900  0.086489
  0.074403  0.082405
  0.066331  0.078224
  0.058691  0.073958
  0.051491  0.069618
  0.044738  0.065219
  0.038439  0.060776
  0.032600  0.056304
  0.027226  0.051820
  0.022325  0.047341
  0.017899  0.042885
  0.013954  0.038467
  0.010493  0.034107
  0.007520  0.029819
  0.005038  0.025620
  0.003050  0.021525
  0.001557  0.017548
  0.000561  0.013702
  0.000062  0.009998
  0.000062  0.006448
  0.000561  0.003061
  0.001557  -0.000155
  0.003050  -0.003191
  0.005038  -0.006041
  0.007520  -0.008696
  0.010493  -0.011151
  0.013954  -0.013399
  0.017899  -0.015437
  0.022325  -0.017258
  0.027226  -0.018860
  0.032600  -0.020237
  0.038439  -0.021389
  0.044738  -0.022312
  0.051491  -0.023005
  0.058691  -0.023470
  0.066331  -0.023706
  0.074403  -0.023717
  0.082900  -0.023507
  0.091812  -0.023082
  0.101131  -0.022450
  0.110848  -0.021618
  0.120953  -0.020597
  0.131435  -0.019399
  0.142285  -0.018036
  0.153492  -0.016521
  0.165044  -0.014869
  0.176930  -0.013095
  0.189138  -0.011216
  0.201655  -0.009246
  0.214470  -0.007202
  0.227570  -0.005100
  0.240941  -0.002956
  0.254571  -0.000783
  0.268445  0.001403
  0.282550  0.003591
  0.296872  0.005769
  0.311396  0.007926
  0.326109  0.010051
  0.340994  0.012138
  0.356038  0.014179
  0.371226  0.016168
  0.386542  0.018098
  0.401971  0.019966
  0.417498  0.021768
  0.433107  0.023501
  0.448783  0.025161
  0.464509  0.026746
  0.480272  0.028255
  0.496053  0.029684
  0.511839  0.031032
  0.527613  0.032297
  0.543359  0.033478
  0.559063  0.034573
  0.574707  0.035579
  0.590277  0.036497
  0.605757  0.037326
  0.621131  0.038063
  0.636385  0.038710
  0.651503  0.039266
  0.666469  0.039730
  0.681270  0.040104
  0.695890  0.040389
  0.710315  0.040585
  0.724530  0.040693
  0.738522  0.040716
  0.752275  0.040653
  0.765777  0.040507
  0.779014  0.040280
  0.791974  0.039973
  0.804642  0.039588
  0.817006  0.039128
  0.829054  0.038593
  0.840775  0.037985
  0.852155  0.037307
  0.863185  0.036558
  0.873852  0.035740
  0.884147  0.034855
  0.894059  0.033981
  0.903579  0.033065
  0.912695  0.032113
  0.921401  0.031129
  0.929686  0.030121
  0.937544  0.029093
  0.944964  0.028054
  0.951942  0.027009
  0.958469  0.025964
  0.964539  0.024925
  0.970146  0.023898
  0.975284  0.022889
  0.979948  0.021900
  0.984134  0.020938
  0.987838  0.020003
  0.991055  0.019100
  0.993782  0.018230
  0.996018  0.017394
  0.997759  0.016592
  0.999003  0.015825
  0.999751  0.015093
  1.000000  0.014394
