  1.000000  0.015813
  0.999751  0.016898
  0.999003  0.018063
  0.997759  0.019315
  0.996018  0.020661
  0.993782  0.022108
  0.991055  0.023661
  0.987838  0.025326
  0.984134  0.027109
  0.979948  0.029016
  0.975284  0.031050
  0.970146  0.033215
  0.964539  0.035513
  0.958469  0.037947
  0.951942  0.040515
  0.944964  0.043217
  0.937544  0.046050
  0.929686  0.049010
  0.921401  0.052090
  0.912695  0.055283
  0.903579  0.058581
  0.894059  0.061974
  0.884147  0.065451
  0.873852  0.069117
  0.863185  0.072820
  0.852155  0.076547
  0.840775  0.080287
  0.829054  0.084027
  0.817006  0.087752
  0.804642  0.091449
  0.791974  0.095101
  0.779014  0.098693
  0.765777  0.102210
  0.752275  0.105637
  0.738522  0.108959
  0.724530  0.112164
  0.710315  0.115238
  0.695890  0.118171
  0.681270  0.120952
  0.666469  0.123574
  0.651503  0.126029
  0.636385  0.128313
  0.621131  0.130421
  0.605757  0.132351
  0.590277  0.134101
  0.574707  0.135671
  0.559063  0.137061
  0.543359  0.138272
  0.527613  0.139306
  0.511839  0.140165
  0.496053  0.140853
  0.480272  0.141371
  0.464509  0.141724
  0.448783  0.141914
  0.433107  0.141943
  0.417498  0.141815
  0.401971  0.141533
  0.386542  0.141098
  0.371226  0.140512
  0.356038  0.139779
  0.340994  0.138899
  0.326109  0.137872
  0.311396  0.136701
  0.296872  0.135386
  0.282550  0.133927
  0.268445  0.132324
  0.254571  0.130578
  0.240941  0.128688
  0.227570  0.126654
  0.214470  0.124476
  0.201655  0.122153
  0.189138  0.119686
  0.176930  0.117074
  0.165044  0.114316
  0.153492  0.111413
  0.142285  0.108366
  0.131435  0.105174
  0.120953  0.101842
  0.110848  0.098370
  0.101131  0.094762
  0.091812  0.091022
  0.082900  0.087157
  0.074403  0.083171
  0.066331  0.079075
  0.058691  0.074876
  0.051491  0.070587
  0.044738  0.066220
  0.038439  0.061790
  0.032600  0.057310
  0.027226  0.052798
  0.022325  0.048269
  0.017899  0.043742
  0.013954  0.039233
  0.010493  0.034759
  0.007520  0.030338
  0.005038  0.025987
  0.003050  0.021720
  0.001557  0.017554
  0.000561  0.013503
  0.000062  0.009581
  0.000062  0.005801
  0.000561  0.002176
  0.001557  -0.001283
  0.003050  -0.004565
  0.005038  -0.007657
  0.007520  -0.010550
  0.010493  -0.013232
  0.013954  -0.015694
  0.017899  -0.017925
  0.022325  -0.019916
  0.027226  -0.021659
  0.032600  -0.023144
  0.038439  -0.024365
  0.044738  -0.025314
  0.051491  -0.025987
  0.058691  -0.026380
  0.066331  -0.026491
  0.074403  -0.026321
  0.082900  -0.025873
  0.091812  -0.025153
  0.101131  -0.024168
  0.110848  -0.022928
  0.120953  -0.021446
  0.131435  -0.019739
  0.142285  -0.017824
  0.153492  -0.015721
  0.165044  -0.013451
  0.176930  -0.011040
  0.189138  -0.008512
  0.201655  -0.005893
  0.214470  -0.003209
  0.227570  -0.000486
  0.240941  0.002250
  0.254571  0.004976
  0.268445  0.007669
  0.282550  0.010308
  0.296872  0.012876
  0.311396  0.015357
  0.326109  0.017736
  0.340994  0.020004
  0.356038  0.022153
  0.371226  0.024176
  0.386542  0.026071
  0.401971  0.027834
  0.417498  0.029466
  0.433107  0.030968
  0.448783  0.032342
  0.464509  0.033591
  0.480272  0.034720
  0.496053  0.035732
  0.511839  0.036632
  0.527613  0.037425
  0.543359  0.038115
  0.559063  0.038706
  0.574707  0.039202
  0.590277  0.039608
  0.605757  0.039927
  0.621131  0.040163
  0.636385  0.040320
  0.651503  0.040400
  0.666469  0.040408
  0.681270  0.040346
  0.695890  0.040217
  0.710315  0.040025
  0.724530  0.039771
  0.738522  0.039458
  0.752275  0.039086
  0.765777  0.038659
  0.779014  0.038178
  0.791974  0.037644
  0.804642  0.037058
  0.817006  0.036423
  0.829054  0.035740
  0.840775  0.035008
  0.852155  0.034229
  0.863185  0.033403
  0.873852  0.032531
  0.884147  0.031612
  0.894059  0.030718
  0.903579  0.029798
  0.912695  0.028858
  0.921401  0.027900
  0.929686  0.026930
  0.937544  0.025953
  0.944964  0.024973
  0.951942  0.023995
  0.958469  0.023025
  0.964539  0.022066
  0.970146  0.021123
  0.975284  0.020201
  0.979948  0.019302
  0.984134  0.018429
  0.987838  0.017585
  0.991055  0.016772
  0.993782  0.015991
  0.996018  0.015242
  0.997759  0.014526
  0.999003  0.013842
  0.999751  0.013190
  1.000000  0.012569
