  1.000000  0.015295
  0.999751  0.016345
  0.999003  0.017472
  0.997759  0.018684
  0.996018  0.019986
  0.993782  0.021384
  0.991055  0.022886
  0.987838  0.024497
  0.984134  0.026221
  0.979948  0.028065
  0.975284  0.030032
  0.970146  0.032125
  0.964539  0.034347
  0.958469  0.036699
  0.951942  0.039182
  0.944964  0.041793
  0.937544  0.044531
  0.929686  0.047391
  0.921401  0.050368
  0.912695  0.053454
  0.903579  0.056641
  0.894059  0.059920
  0.884147  0.063281
  0.873852  0.066826
  0.863185  0.070407
  0.852155  0.074013
  0.840775  0.077633
  0.829054  0.081255
  0.817006  0.084866
  0.804642  0.088451
  0.791974  0.091998
  0.779014  0.095491
  0.765777  0.098916
  0.752275  0.102259
  0.738522  0.105508
  0.724530  0.108649
  0.710315  0.111670
  0.695890  0.114563
  0.681270  0.117317
  0.666469  0.119925
  0.651503  0.122381
  0.636385  0.124681
  0.621131  0.126819
  0.605757  0.128794
  0.590277  0.130605
  0.574707  0.132250
  0.559063  0.133729
  0.543359  0.135045
  0.527613  0.136197
  0.511839  0.137189
  0.496053  0.138022
  0.480272  0.138698
  0.464509  0.139219
  0.448783  0.139589
  0.433107  0.139808
  0.417498  0.139878
  0.401971  0.139802
  0.386542  0.139581
  0.371226  0.139215
  0.356038  0.138707
  0.340994  0.138055
  0.326109  0.137260
  0.311396  0.136322
  0.296872  0.135239
  0.282550  0.134012
  0.268445  0.132638
  0.254571  0.131116
  0.240941  0.129445
  0.227570  0.127623
  0.214470  0.125648
  0.201655  0.123518
  0.189138  0.121231
  0.176930  0.118786
  0.165044  0.116181
  0.153492  0.113413
  0.142285  0.110484
  0.131435  0.107392
  0.120953  0.104138
  0.110848  0.100725
  0.101131  0.097156
  0.091812  0.093435
  0.082900  0.089567
  0.074403  0.085561
  0.066331  0.081425
  0.058691  0.077170
  0.051491  0.072811
  0.044738  0.068363
  0.038439  0.063841
  0.032600  0.059265
  0.027226  0.054653
  0.022325  0.050026
  0.017899  0.045403
  0.013954  0.040806
  0.010493  0.036255
  0.007520  0.031770
  0.005038  0.027370
  0.003050  0.023073
  0.001557  0.018896
  0.000561  0.014854
  0.000062  0.010961
  0.000062  0.007230
  0.000561  0.003673
  0.001557  0.000298
  0.003050  -0.002884
  0.005038  -0.005866
  0.007520  -0.008640
  0.010493  -0.011199
  0.013954  -0.013537
  0.017899  -0.015649
  0.022325  -0.017531
  0.027226  -0.019178
  0.032600  -0.020587
  0.038439  -0.021755
  0.044738  -0.022681
  0.051491  -0.023364
  0.058691  -0.023804
  0.066331  -0.024003
  0.074403  -0.023965
  0.082900  -0.023693
  0.091812  -0.023196
  0.101131  -0.022479
  0.110848  -0.021553
  0.120953  -0.020429
  0.131435  -0.019119
  0.142285  -0.017637
  0.153492  -0.015997
  0.165044  -0.014214
  0.176930  -0.012306
  0.189138  -0.010290
  0.201655  -0.008182
  0.214470  -0.006001
  0.227570  -0.003763
  0.240941  -0.001486
  0.254571  0.000814
  0.268445  0.003123
  0.282550  0.005427
  0.296872  0.007712
  0.311396  0.009967
  0.326109  0.012182
  0.340994  0.014348
  0.356038  0.016458
  0.371226  0.018503
  0.386542  0.020480
  0.401971  0.022383
  0.417498  0.024208
  0.433107  0.025951
  0.448783  0.027611
  0.464509  0.029185
  0.480272  0.030671
  0.496053  0.032067
  0.511839  0.033370
  0.527613  0.034581
  0.543359  0.035697
  0.559063  0.036716
  0.574707  0.037639
  0.590277  0.038464
  0.605757  0.039191
  0.621131  0.039820
  0.636385  0.040351
  0.651503  0.040784
  0.666469  0.041121
  0.681270  0.041362
  0.695890  0.041510
  0.710315  0.041566
  0.724530  0.041532
  0.738522  0.041411
  0.752275  0.041204
  0.765777  0.040915
  0.779014  0.040546
  0.791974  0.040100
  0.804642  0.039580
  0.817006  0.038989
  0.829054  0.038328
  0.840775  0.037601
  0.852155  0.036810
  0.863185  0.035957
  0.873852  0.035044
  0.884147  0.034072
  0.894059  0.033120
  0.903579  0.032135
  0.912695  0.031122
  0.921401  0.030088
  0.929686  0.029039
  0.937544  0.027980
  0.944964  0.026917
  0.951942  0.025856
  0.958469  0.024803
  0.964539  0.023764
  0.970146  0.022742
  0.975284  0.021743
  0.979948  0.020770
  0.984134  0.019827
  0.987838  0.018915
  0.991055  0.018037
  0.993782  0.017194
  0.996018  0.016387
  0.997759  0.015616
  0.999003  0.014880
  0.999751  0.014179
  1.000000  0.013511
