  1.000000  0.015587
  0.999751  0.016639
  0.999003  0.017767
  0.997759  0.018979
  0.996018  0.020280
  0.993782  0.021675
  0.991055  0.023172
  0.987838  0.024775
  0.984134  0.026489
  0.979948  0.028319
  0.975284  0.030269
  0.970146  0.032342
  0.964539  0.034539
  0.958469  0.036862
  0.951942  0.039310
  0.944964  0.041883
  0.937544  0.044576
  0.929686  0.047385
  0.921401  0.050306
  0.912695  0.053330
  0.903579  0.056451
  0.894059  0.059659
  0.884147  0.062943
  0.873852  0.066406
  0.863185  0.069902
  0.852155  0.073420
  0.840775  0.076950
  0.829054  0.080480
  0.817006  0.084000
  0.804642  0.087496
  0.791974  0.090955
  0.779014  0.094364
  0.765777  0.097709
  0.752275  0.100979
  0.738522  0.104159
  0.724530  0.107239
  0.710315  0.110208
  0.695890  0.113056
  0.681270  0.115774
  0.666469  0.118355
  0.651503  0.120792
  0.636385  0.123081
  0.621131  0.125217
  0.605757  0.127198
  0.590277  0.129020
  0.574707  0.130684
  0.559063  0.132187
  0.543359  0.133530
  0.527613  0.134714
  0.511839  0.135739
  0.496053  0.136607
  0.480272  0.137317
  0.464509  0.137873
  0.448783  0.138274
  0.433107  0.138523
  0.417498  0.138619
  0.401971  0.138564
  0.386542  0.138358
  0.371226  0.138004
  0.356038  0.137500
  0.340994  0.136847
  0.326109  0.136045
  0.311396  0.135093
  0.296872  0.133990
  0.282550  0.132737
  0.268445  0.131333
  0.254571  0.129776
  0.240941  0.128065
  0.227570  0.126200
  0.214470  0.124181
  0.201655  0.122005
  0.189138  0.119672
  0.176930  0.117181
  0.165044  0.114531
  0.153492  0.111723
  0.142285  0.108756
  0.131435  0.105632
  0.120953  0.102353
  0.110848  0.098921
  0.101131  0.095340
  0.091812  0.091616
  0.082900  0.087755
  0.074403  0.083765
  0.066331  0.079656
  0.058691  0.075440
  0.051491  0.071130
  0.044738  0.066743
  0.038439  0.062294
  0.032600  0.057802
  0.027226  0.053286
  0.022325  0.048767
  0.017899  0.044264
  0.013954  0.039798
  0.010493  0.035388
  0.007520  0.031056
  0.005038  0.026818
  0.003050  0.022693
  0.001557  0.018696
  0.000561  0.014843
  0.000062  0.011147
  0.000062  0.007620
  0.000561  0.004272
  0.001557  0.001112
  0.003050  -0.001852
  0.005038  -0.004613
  0.007520  -0.007164
  0.010493  -0.009500
  0.013954  -0.011615
  0.017899  -0.013507
  0.022325  -0.015172
  0.027226  -0.016606
  0.032600  -0.017809
  0.038439  -0.018778
  0.044738  -0.019513
  0.051491  -0.020014
  0.058691  -0.020283
  0.066331  -0.020322
  0.074403  -0.020135
  0.082900  -0.019727
  0.091812  -0.019106
  0.101131  -0.018280
  0.110848  -0.017257
  0.120953  -0.016050
  0.131435  -0.014671
  0.142285  -0.013133
  0.153492  -0.011452
  0.165044  -0.009642
  0.176930  -0.007719
  0.189138  -0.005702
  0.201655  -0.003607
  0.214470  -0.001453
  0.227570  0.000745
  0.240941  0.002970
  0.254571  0.005205
  0.268445  0.007436
  0.282550  0.009649
  0.296872  0.011831
  0.311396  0.013973
  0.326109  0.016062
  0.340994  0.018093
  0.356038  0.020056
  0.371226  0.021947
  0.386542  0.023761
  0.401971  0.025493
  0.417498  0.027141
  0.433107  0.028702
  0.448783  0.030175
  0.464509  0.031558
  0.480272  0.032851
  0.496053  0.034052
  0.511839  0.035161
  0.527613  0.036178
  0.543359  0.037102
  0.559063  0.037933
  0.574707  0.038670
  0.590277  0.039315
  0.605757  0.039867
  0.621131  0.040327
  0.636385  0.040696
  0.651503  0.040974
  0.666469  0.041164
  0.681270  0.041267
  0.695890  0.041285
  0.710315  0.041220
  0.724530  0.041074
  0.738522  0.040850
  0.752275  0.040549
  0.765777  0.040175
  0.779014  0.039729
  0.791974  0.039215
  0.804642  0.038635
  0.817006  0.037992
  0.829054  0.037289
  0.840775  0.036526
  0.852155  0.035707
  0.863185  0.034833
  0.873852  0.033906
  0.884147  0.032927
  0.894059  0.031972
  0.903579  0.030990
  0.912695  0.029985
  0.921401  0.028962
  0.929686  0.027928
  0.937544  0.026888
  0.944964  0.025848
  0.951942  0.024812
  0.958469  0.023787
  0.964539  0.022776
  0.970146  0.021784
  0.975284  0.020816
  0.979948  0.019875
  0.984134  0.018963
  0.987838  0.018083
  0.991055  0.017237
  0.993782  0.016425
  0.996018  0.015649
  0.997759  0.014907
  0.999003  0.014200
  0.999751  0.013527
  1.000000  0.012886
