  1.000000  0.013040
  0.999751  0.014363
  0.999003  0.015520
  0.997759  0.016696
  0.996018  0.017935
  0.993782  0.019251
  0.991055  0.020658
  0.987838  0.022163
  0.984134  0.023772
  0.979948  0.025492
  0.975284  0.027391
  0.970146  0.029339
  0.964539  0.031409
  0.958469  0.033603
  0.951942  0.035922
  0.944964  0.038363
  0.937544  0.040926
  0.929686  0.043607
  0.921401  0.046400
  0.912695  0.049301
  0.903579  0.052302
  0.894059  0.055394
  0.884147  0.058569
  0.873852  0.061922
  0.863185  0.065316
  0.852155  0.068744
  0.840775  0.072193
  0.829054  0.075654
  0.817006  0.079115
  0.804642  0.082563
  0.791974  0.085986
  0.779014  0.089369
  0.765777  0.092700
  0.752275  0.095966
  0.738522  0.099153
  0.724530  0.102250
  0.710315  0.105245
  0.695890  0.108126
  0.681270  0.110884
  0.666469  0.113509
  0.651503  0.115994
  0.636385  0.118331
  0.621131  0.120515
  0.605757  0.122539
  0.590277  0.124399
  0.574707  0.126090
  0.559063  0.127610
  0.543359  0.128956
  0.527613  0.130124
  0.511839  0.131114
  0.496053  0.131923
  0.480272  0.132551
  0.464509  0.132996
  0.448783  0.133258
  0.433107  0.133336
  0.417498  0.133231
  0.401971  0.132942
  0.386542  0.132470
  0.371226  0.131818
  0.356038  0.130986
  0.340994  0.129975
  0.326109  0.128788
  0.311396  0.127426
  0.296872  0.125894
  0.282550  0.124195
  0.268445  0.122331
  0.254571  0.120306
  0.240941  0.118125
  0.227570  0.115793
  0.214470  0.113314
  0.201655  0.110694
  0.189138  0.107937
  0.176930  0.105048
  0.165044  0.102033
  0.153492  0.098899
  0.142285  0.095650
  0.131435  0.092294
  0.120953  0.088837
  0.110848  0.085287
  0.101131  0.081653
  0.091812  0.077943
  0.082900  0.074167
  0.074403  0.070336
  0.066331  0.066461
  0.058691  0.062556
  0.051491  0.058635
  0.044738  0.054713
  0.038439  0.050805
  0.032600  0.046929
  0.027226  0.043102
  0.022325  0.039340
  0.017899  0.035662
  0.013954  0.032083
  0.010493  0.028619
  0.007520  0.025285
  0.005038  0.022095
  0.003050  0.019060
  0.001557  0.016191
  0.000561  0.013497
  0.000062  0.010984
  0.000062  0.008656
  0.000561  0.006516
  0.001557  0.004567
  0.003050  0.002806
  0.005038  0.001234
  0.007520  -0.000151
  0.010493  -0.001355
  0.013954  -0.002380
  0.017899  -0.003231
  0.022325  -0.003915
  0.027226  -0.004437
  0.032600  -0.004804
  0.038439  -0.005021
  0.044738  -0.005096
  0.051491  -0.005034
  0.058691  -0.004842
  0.066331  -0.004528
  0.074403  -0.004097
  0.082900  -0.003556
  0.091812  -0.002911
  0.101131  -0.002170
  0.110848  -0.001339
  0.120953  -0.000424
  0.131435  0.000569
  0.142285  0.001634
  0.153492  0.002765
  0.165044  0.003956
  0.176930  0.005204
  0.189138  0.006502
  0.201655  0.007846
  0.214470  0.009231
  0.227570  0.010652
  0.240941  0.012106
  0.254571  0.013588
  0.268445  0.015094
  0.282550  0.016621
  0.296872  0.018165
  0.311396  0.019722
  0.326109  0.021289
  0.340994  0.022862
  0.356038  0.024436
  0.371226  0.026007
  0.386542  0.027570
  0.401971  0.029119
  0.417498  0.030650
  0.433107  0.032156
  0.448783  0.033630
  0.464509  0.035065
  0.480272  0.036455
  0.496053  0.037790
  0.511839  0.039064
  0.527613  0.040268
  0.543359  0.041395
  0.559063  0.042436
  0.574707  0.043385
  0.590277  0.044233
  0.605757  0.044977
  0.621131  0.045608
  0.636385  0.046125
  0.651503  0.046522
  0.666469  0.046798
  0.681270  0.046950
  0.695890  0.046980
  0.710315  0.046887
  0.724530  0.046673
  0.738522  0.046342
  0.752275  0.045897
  0.765777  0.045343
  0.779014  0.044685
  0.791974  0.043930
  0.804642  0.043084
  0.817006  0.042154
  0.829054  0.041146
  0.840775  0.040068
  0.852155  0.038926
  0.863185  0.037727
  0.873852  0.036476
  0.884147  0.035180
  0.894059  0.033922
  0.903579  0.032649
  0.912695  0.031370
  0.921401  0.030090
  0.929686  0.028818
  0.937544  0.027560
  0.944964  0.026322
  0.951942  0.025110
  0.958469  0.023928
  0.964539  0.022781
  0.970146  0.021672
  0.975284  0.020604
  0.979948  0.019650
  0.984134  0.018677
  0.987838  0.017750
  0.991055  0.016873
  0.993782  0.016043
  0.996018  0.015265
  0.997759  0.014542
  0.999003  0.013883
  0.999751  0.013324
  1.000000  0.013040
