  1.000000  0.014594
  0.999751  0.015619
  0.999003  0.016723
  0.997759  0.017910
  0.996018  0.019188
  0.993782  0.020562
  0.991055  0.022039
  0.987838  0.023626
  0.984134  0.025327
  0.979948  0.027147
  0.975284  0.029092
  0.970146  0.031164
  0.964539  0.033367
  0.958469  0.035702
  0.951942  0.038169
  0.944964  0.040768
  0.937544  0.043496
  0.929686  0.046351
  0.921401  0.049325
  0.912695  0.052414
  0.903579  0.055610
  0.894059  0.058903
  0.884147  0.062284
  0.873852  0.065855
  0.863185  0.069470
  0.852155  0.073120
  0.840775  0.076793
  0.829054  0.080477
  0.817006  0.084160
  0.804642  0.087828
  0.791974  0.091467
  0.779014  0.095064
  0.765777  0.098602
  0.752275  0.102069
  0.738522  0.105449
  0.724530  0.108731
  0.710315  0.111900
  0.695890  0.114945
  0.681270  0.117856
  0.666469  0.120623
  0.651503  0.123236
  0.636385  0.125689
  0.621131  0.127974
  0.605757  0.130087
  0.590277  0.132021
  0.574707  0.133773
  0.559063  0.135339
  0.543359  0.136716
  0.527613  0.137903
  0.511839  0.138897
  0.496053  0.139697
  0.480272  0.140302
  0.464509  0.140712
  0.448783  0.140925
  0.433107  0.140943
  0.417498  0.140766
  0.401971  0.140393
  0.386542  0.139827
  0.371226  0.139070
  0.356038  0.138122
  0.340994  0.136987
  0.326109  0.135667
  0.311396  0.134164
  0.296872  0.132483
  0.282550  0.130627
  0.268445  0.128600
  0.254571  0.126407
  0.240941  0.124052
  0.227570  0.121542
  0.214470  0.118881
  0.201655  0.116074
  0.189138  0.113128
  0.176930  0.110049
  0.165044  0.106842
  0.153492  0.103514
  0.142285  0.100071
  0.131435  0.096520
  0.120953  0.092869
  0.110848  0.089126
  0.101131  0.085300
  0.091812  0.081399
  0.082900  0.077433
  0.074403  0.073414
  0.066331  0.069354
  0.058691  0.065265
  0.051491  0.061162
  0.044738  0.057061
  0.038439  0.052978
  0.032600  0.048929
  0.027226  0.044931
  0.022325  0.041003
  0.017899  0.037161
  0.013954  0.033421
  0.010493  0.029801
  0.007520  0.026315
  0.005038  0.022978
  0.003050  0.019800
  0.001557  0.016793
  0.000561  0.013967
  0.000062  0.011327
  0.000062  0.008879
  0.000561  0.006626
  0.001557  0.004570
  0.003050  0.002711
  0.005038  0.001049
  0.007520  -0.000420
  0.010493  -0.001697
  0.013954  -0.002786
  0.017899  -0.003693
  0.022325  -0.004422
  0.027226  -0.004980
  0.032600  -0.005372
  0.038439  -0.005604
  0.044738  -0.005683
  0.051491  -0.005615
  0.058691  -0.005406
  0.066331  -0.005064
  0.074403  -0.004593
  0.082900  -0.004001
  0.091812  -0.003295
  0.101131  -0.002480
  0.110848  -0.001562
  0.120953  -0.000549
  0.131435  0.000555
  0.142285  0.001744
  0.153492  0.003013
  0.165044  0.004356
  0.176930  0.005769
  0.189138  0.007247
  0.201655  0.008786
  0.214470  0.010382
  0.227570  0.012029
  0.240941  0.013725
  0.254571  0.015465
  0.268445  0.017246
  0.282550  0.019064
  0.296872  0.020914
  0.311396  0.022794
  0.326109  0.024697
  0.340994  0.026620
  0.356038  0.028556
  0.371226  0.030499
  0.386542  0.032443
  0.401971  0.034379
  0.417498  0.036299
  0.433107  0.038194
  0.448783  0.040054
  0.464509  0.041868
  0.480272  0.043625
  0.496053  0.045313
  0.511839  0.046921
  0.527613  0.048436
  0.543359  0.049847
  0.559063  0.051143
  0.574707  0.052312
  0.590277  0.053347
  0.605757  0.054237
  0.621131  0.054976
  0.636385  0.055558
  0.651503  0.055980
  0.666469  0.056239
  0.681270  0.056333
  0.695890  0.056265
  0.710315  0.056037
  0.724530  0.055652
  0.738522  0.055116
  0.752275  0.054435
  0.765777  0.053619
  0.779014  0.052674
  0.791974  0.051612
  0.804642  0.050443
  0.817006  0.049175
  0.829054  0.047821
  0.840775  0.046391
  0.852155  0.044893
  0.863185  0.043339
  0.873852  0.041735
  0.884147  0.040091
  0.894059  0.038503
  0.903579  0.036911
  0.912695  0.035325
  0.921401  0.033752
  0.929686  0.032202
  0.937544  0.030682
  0.944964  0.029198
  0.951942  0.027757
  0.958469  0.026361
  0.964539  0.025016
  0.970146  0.023725
  0.975284  0.022489
  0.979948  0.021309
  0.984134  0.020187
  0.987838  0.019123
  0.991055  0.018115
  0.993782  0.017162
  0.996018  0.016263
  0.997759  0.015416
  0.999003  0.014618
  0.999751  0.013866
  1.000000  0.013159
