  1.000000  0.014919
  0.999751  0.015954
  0.999003  0.017066
  0.997759  0.018262
  0.996018  0.019548
  0.993782  0.020930
  0.991055  0.022415
  0.987838  0.024007
  0.984134  0.025712
  0.979948  0.027536
  0.975284  0.029482
  0.970146  0.031554
  0.964539  0.033754
  0.958469  0.036083
  0.951942  0.038543
  0.944964  0.041131
  0.937544  0.043845
  0.929686  0.046682
  0.921401  0.049636
  0.912695  0.052701
  0.903579  0.055870
  0.894059  0.059134
  0.884147  0.062483
  0.873852  0.066020
  0.863185  0.069599
  0.852155  0.073212
  0.840775  0.076847
  0.829054  0.080495
  0.817006  0.084143
  0.804642  0.087778
  0.791974  0.091389
  0.779014  0.094960
  0.765777  0.098480
  0.752275  0.101934
  0.738522  0.105310
  0.724530  0.108594
  0.710315  0.111775
  0.695890  0.114841
  0.681270  0.117782
  0.666469  0.120589
  0.651503  0.123252
  0.636385  0.125763
  0.621131  0.128116
  0.605757  0.130304
  0.590277  0.132322
  0.574707  0.134164
  0.559063  0.135826
  0.543359  0.137304
  0.527613  0.138595
  0.511839  0.139695
  0.496053  0.140602
  0.480272  0.141314
  0.464509  0.141828
  0.448783  0.142143
  0.433107  0.142258
  0.417498  0.142171
  0.401971  0.141883
  0.386542  0.141394
  0.371226  0.140705
  0.356038  0.139817
  0.340994  0.138731
  0.326109  0.137449
  0.311396  0.135974
  0.296872  0.134310
  0.282550  0.132458
  0.268445  0.130425
  0.254571  0.128214
  0.240941  0.125830
  0.227570  0.123278
  0.214470  0.120565
  0.201655  0.117697
  0.189138  0.114679
  0.176930  0.111517
  0.165044  0.108220
  0.153492  0.104793
  0.142285  0.101243
  0.131435  0.097580
  0.120953  0.093811
  0.110848  0.089946
  0.101131  0.085996
  0.091812  0.081971
  0.082900  0.077883
  0.074403  0.073746
  0.066331  0.069574
  0.058691  0.065383
  0.051491  0.061190
  0.044738  0.057014
  0.038439  0.052874
  0.032600  0.048790
  0.027226  0.044782
  0.022325  0.040870
  0.017899  0.037075
  0.013954  0.033415
  0.010493  0.029908
  0.007520  0.026572
  0.005038  0.023419
  0.003050  0.020462
  0.001557  0.017711
  0.000561  0.015174
  0.000062  0.012855
  0.000062  0.010755
  0.000561  0.008875
  0.001557  0.007212
  0.003050  0.005761
  0.005038  0.004517
  0.007520  0.003471
  0.010493  0.002617
  0.013954  0.001942
  0.017899  0.001438
  0.022325  0.001094
  0.027226  0.000897
  0.032600  0.000838
  0.038439  0.000905
  0.044738  0.001088
  0.051491  0.001378
  0.058691  0.001765
  0.066331  0.002241
  0.074403  0.002797
  0.082900  0.003427
  0.091812  0.004123
  0.101131  0.004881
  0.110848  0.005694
  0.120953  0.006559
  0.131435  0.007472
  0.142285  0.008430
  0.153492  0.009431
  0.165044  0.010474
  0.176930  0.011557
  0.189138  0.012680
  0.201655  0.013842
  0.214470  0.015043
  0.227570  0.016282
  0.240941  0.017560
  0.254571  0.018875
  0.268445  0.020229
  0.282550  0.021620
  0.296872  0.023047
  0.311396  0.024509
  0.326109  0.026003
  0.340994  0.027527
  0.356038  0.029077
  0.371226  0.030649
  0.386542  0.032235
  0.401971  0.033830
  0.417498  0.035427
  0.433107  0.037015
  0.448783  0.038585
  0.464509  0.040127
  0.480272  0.041629
  0.496053  0.043080
  0.511839  0.044466
  0.527613  0.045777
  0.543359  0.046999
  0.559063  0.048121
  0.574707  0.049132
  0.590277  0.050023
  0.605757  0.050784
  0.621131  0.051408
  0.636385  0.051890
  0.651503  0.052224
  0.666469  0.052409
  0.681270  0.052443
  0.695890  0.052327
  0.710315  0.052064
  0.724530  0.051657
  0.738522  0.051111
  0.752275  0.050433
  0.765777  0.049630
  0.779014  0.048711
  0.791974  0.047685
  0.804642  0.046561
  0.817006  0.045350
  0.829054  0.044061
  0.840775  0.042705
  0.852155  0.041289
  0.863185  0.039824
  0.873852  0.038318
  0.884147  0.036777
  0.894059  0.035290
  0.903579  0.033803
  0.912695  0.032324
  0.921401  0.030860
  0.929686  0.029421
  0.937544  0.028011
  0.944964  0.026637
  0.951942  0.025304
  0.958469  0.024015
  0.964539  0.022775
  0.970146  0.021586
  0.975284  0.020449
  0.979948  0.019365
  0.984134  0.018335
  0.987838  0.017359
  0.991055  0.016435
  0.993782  0.015563
  0.996018  0.014741
  0.997759  0.013967
  0.999003  0.013238
  0.999751  0.012552
  1.000000  0.011907
