  1.000000  0.016437
  0.999751  0.017544
  0.999003  0.018731
  0.997759  0.020005
  0.996018  0.021372
  0.993782  0.022839
  0.991055  0.024412
  0.987838  0.026096
  0.984134  0.027896
  0.979948  0.029818
  0.975284  0.031865
  0.970146  0.034041
  0.964539  0.036347
  0.958469  0.038784
  0.951942  0.041352
  0.944964  0.044050
  0.937544  0.046874
  0.929686  0.049819
  0.921401  0.052881
  0.912695  0.056050
  0.903579  0.059320
  0.894059  0.062680
  0.884147  0.066120
  0.873852  0.069748
  0.863185  0.073408
  0.852155  0.077091
  0.840775  0.080785
  0.829054  0.084480
  0.817006  0.088161
  0.804642  0.091816
  0.791974  0.095431
  0.779014  0.098991
  0.765777  0.102483
  0.752275  0.105892
  0.738522  0.109204
  0.724530  0.112408
  0.710315  0.115490
  0.695890  0.118439
  0.681270  0.121246
  0.666469  0.123902
  0.651503  0.126399
  0.636385  0.128730
  0.621131  0.130891
  0.605757  0.132877
  0.590277  0.134685
  0.574707  0.136311
  0.559063  0.137755
  0.543359  0.139015
  0.527613  0.140092
  0.511839  0.140984
  0.496053  0.141692
  0.480272  0.142218
  0.464509  0.142562
  0.448783  0.142725
  0.433107  0.142709
  0.417498  0.142515
  0.401971  0.142144
  0.386542  0.141598
  0.371226  0.140880
  0.356038  0.139990
  0.340994  0.138932
  0.326109  0.137705
  0.311396  0.136312
  0.296872  0.134756
  0.282550  0.133038
  0.268445  0.131160
  0.254571  0.129124
  0.240941  0.126933
  0.227570  0.124589
  0.214470  0.122095
  0.201655  0.119454
  0.189138  0.116667
  0.176930  0.113739
  0.165044  0.110672
  0.153492  0.107469
  0.142285  0.104135
  0.131435  0.100675
  0.120953  0.097093
  0.110848  0.093396
  0.101131  0.089592
  0.091812  0.085689
  0.082900  0.081695
  0.074403  0.077623
  0.066331  0.073484
  0.058691  0.069293
  0.051491  0.065064
  0.044738  0.060817
  0.038439  0.056568
  0.032600  0.052337
  0.027226  0.048143
  0.022325  0.044008
  0.017899  0.039951
  0.013954  0.035993
  0.010493  0.032153
  0.007520  0.028448
  0.005038  0.024897
  0.003050  0.021513
  0.001557  0.018310
  0.000561  0.015299
  0.000062  0.012490
  0.000062  0.009889
  0.000561  0.007502
  0.001557  0.005331
  0.003050  0.003377
  0.005038  0.001641
  0.007520  0.000121
  0.010493  -0.001185
  0.013954  -0.002281
  0.017899  -0.003171
  0.022325  -0.003861
  0.027226  -0.004356
  0.032600  -0.004664
  0.038439  -0.004789
  0.044738  -0.004740
  0.051491  -0.004522
  0.058691  -0.004143
  0.066331  -0.003611
  0.074403  -0.002932
  0.082900  -0.002115
  0.091812  -0.001167
  0.101131  -0.000096
  0.110848  0.001090
  0.120953  0.002382
  0.131435  0.003772
  0.142285  0.005252
  0.153492  0.006813
  0.165044  0.008448
  0.176930  0.010149
  0.189138  0.011906
  0.201655  0.013712
  0.214470  0.015559
  0.227570  0.017438
  0.240941  0.019342
  0.254571  0.021264
  0.268445  0.023196
  0.282550  0.025132
  0.296872  0.027066
  0.311396  0.028989
  0.326109  0.030897
  0.340994  0.032783
  0.356038  0.034641
  0.371226  0.036464
  0.386542  0.038245
  0.401971  0.039979
  0.417498  0.041659
  0.433107  0.043276
  0.448783  0.044825
  0.464509  0.046297
  0.480272  0.047685
  0.496053  0.048981
  0.511839  0.050177
  0.527613  0.051266
  0.543359  0.052240
  0.559063  0.053094
  0.574707  0.053819
  0.590277  0.054413
  0.605757  0.054870
  0.621131  0.055186
  0.636385  0.055361
  0.651503  0.055394
  0.666469  0.055284
  0.681270  0.055034
  0.695890  0.054646
  0.710315  0.054124
  0.724530  0.053475
  0.738522  0.052703
  0.752275  0.051815
  0.765777  0.050820
  0.779014  0.049726
  0.791974  0.048541
  0.804642  0.047275
  0.817006  0.045936
  0.829054  0.044534
  0.840775  0.043077
  0.852155  0.041573
  0.863185  0.040031
  0.873852  0.038458
  0.884147  0.036859
  0.894059  0.035323
  0.903579  0.033793
  0.912695  0.032278
  0.921401  0.030784
  0.929686  0.029318
  0.937544  0.027886
  0.944964  0.026494
  0.951942  0.025145
  0.958469  0.023844
  0.964539  0.022594
  0.970146  0.021396
  0.975284  0.020253
  0.979948  0.019165
  0.984134  0.018132
  0.987838  0.017153
  0.991055  0.016229
  0.993782  0.015356
  0.996018  0.014535
  0.997759  0.013761
  0.999003  0.013034
  0.999751  0.012351
  1.000000  0.011708
