  1.000000  0.014123
  0.999751  0.015148
  0.999003  0.016252
  0.997759  0.017442
  0.996018  0.018726
  0.993782  0.020110
  0.991055  0.021601
  0.987838  0.023205
  0.984134  0.024929
  0.979948  0.026778
  0.975284  0.028757
  0.970146  0.030871
  0.964539  0.033123
  0.958469  0.035515
  0.951942  0.038048
  0.944964  0.040723
  0.937544  0.043536
  0.929686  0.046484
  0.921401  0.049563
  0.912695  0.052765
  0.903579  0.056083
  0.894059  0.059508
  0.884147  0.063028
  0.873852  0.066746
  0.863185  0.070514
  0.852155  0.074321
  0.840775  0.078153
  0.829054  0.081997
  0.817006  0.085838
  0.804642  0.089660
  0.791974  0.093447
  0.779014  0.097182
  0.765777  0.100850
  0.752275  0.104433
  0.738522  0.107916
  0.724530  0.111285
  0.710315  0.114524
  0.695890  0.117623
  0.681270  0.120568
  0.666469  0.123351
  0.651503  0.125963
  0.636385  0.128397
  0.621131  0.130648
  0.605757  0.132710
  0.590277  0.134581
  0.574707  0.136258
  0.559063  0.137739
  0.543359  0.139025
  0.527613  0.140115
  0.511839  0.141011
  0.496053  0.141713
  0.480272  0.142223
  0.464509  0.142543
  0.448783  0.142676
  0.433107  0.142622
  0.417498  0.142384
  0.401971  0.141965
  0.386542  0.141367
  0.371226  0.140594
  0.356038  0.139647
  0.340994  0.138529
  0.326109  0.137242
  0.311396  0.135790
  0.296872  0.134173
  0.282550  0.132396
  0.268445  0.130461
  0.254571  0.128369
  0.240941  0.126125
  0.227570  0.123730
  0.214470  0.121188
  0.201655  0.118502
  0.189138  0.115674
  0.176930  0.112708
  0.165044  0.109607
  0.153492  0.106375
  0.142285  0.103016
  0.131435  0.099534
  0.120953  0.095936
  0.110848  0.092228
  0.101131  0.088418
  0.091812  0.084514
  0.082900  0.080526
  0.074403  0.076464
  0.066331  0.072342
  0.058691  0.068174
  0.051491  0.063976
  0.044738  0.059764
  0.038439  0.055557
  0.032600  0.051375
  0.027226  0.047238
  0.022325  0.043165
  0.017899  0.039177
  0.013954  0.035293
  0.010493  0.031533
  0.007520  0.027914
  0.005038  0.024453
  0.003050  0.021163
  0.001557  0.018057
  0.000561  0.015145
  0.000062  0.012436
  0.000062  0.009936
  0.000561  0.007647
  0.001557  0.005572
  0.003050  0.003711
  0.005038  0.002061
  0.007520  0.000622
  0.010493  -0.000612
  0.013954  -0.001646
  0.017899  -0.002485
  0.022325  -0.003136
  0.027226  -0.003606
  0.032600  -0.003903
  0.038439  -0.004033
  0.044738  -0.004005
  0.051491  -0.003827
  0.058691  -0.003505
  0.066331  -0.003048
  0.074403  -0.002463
  0.082900  -0.001758
  0.091812  -0.000940
  0.101131  -0.000016
  0.110848  0.001006
  0.120953  0.002120
  0.131435  0.003318
  0.142285  0.004596
  0.153492  0.005946
  0.165044  0.007363
  0.176930  0.008843
  0.189138  0.010379
  0.201655  0.011966
  0.214470  0.013601
  0.227570  0.015277
  0.240941  0.016991
  0.254571  0.018739
  0.268445  0.020516
  0.282550  0.022319
  0.296872  0.024143
  0.311396  0.025983
  0.326109  0.027836
  0.340994  0.029696
  0.356038  0.031558
  0.371226  0.033414
  0.386542  0.035260
  0.401971  0.037086
  0.417498  0.038885
  0.433107  0.040648
  0.448783  0.042365
  0.464509  0.044027
  0.480272  0.045621
  0.496053  0.047138
  0.511839  0.048566
  0.527613  0.049892
  0.543359  0.051107
  0.559063  0.052199
  0.574707  0.053157
  0.590277  0.053974
  0.605757  0.054641
  0.621131  0.055151
  0.636385  0.055499
  0.651503  0.055682
  0.666469  0.055699
  0.681270  0.055548
  0.695890  0.055233
  0.710315  0.054756
  0.724530  0.054122
  0.738522  0.053340
  0.752275  0.052415
  0.765777  0.051360
  0.779014  0.050183
  0.791974  0.048897
  0.804642  0.047514
  0.817006  0.046045
  0.829054  0.044504
  0.840775  0.042903
  0.852155  0.041254
  0.863185  0.039566
  0.873852  0.037852
  0.884147  0.036119
  0.894059  0.034457
  0.903579  0.032811
  0.912695  0.031191
  0.921401  0.029604
  0.929686  0.028058
  0.937544  0.026559
  0.944964  0.025113
  0.951942  0.023722
  0.958469  0.022392
  0.964539  0.021122
  0.970146  0.019915
  0.975284  0.018772
  0.979948  0.017691
  0.984134  0.016672
  0.987838  0.015714
  0.991055  0.014814
  0.993782  0.013970
  0.996018  0.013179
  0.997759  0.012439
  0.999003  0.011747
  0.999751  0.011100
  1.000000  0.010494
