  1.000000  0.017507
  0.999751  0.018650
  0.999003  0.019873
  0.997759  0.021183
  0.996018  0.022586
  0.993782  0.024087
  0.991055  0.025692
  0.987838  0.027406
  0.984134  0.029235
  0.979948  0.031181
  0.975284  0.033249
  0.970146  0.035440
  0.964539  0.037755
  0.958469  0.040196
  0.951942  0.042761
  0.944964  0.045447
  0.937544  0.048252
  0.929686  0.051169
  0.921401  0.054193
  0.912695  0.057316
  0.903579  0.060531
  0.894059  0.063828
  0.884147  0.067196
  0.873852  0.070747
  0.863185  0.074324
  0.852155  0.077918
  0.840775  0.081522
  0.829054  0.085123
  0.817006  0.088713
  0.804642  0.092280
  0.791974  0.095812
  0.779014  0.099297
  0.765777  0.102723
  0.752275  0.106076
  0.738522  0.109346
  0.724530  0.112521
  0.710315  0.115588
  0.695890  0.118537
  0.681270  0.121358
  0.666469  0.124042
  0.651503  0.126579
  0.636385  0.128961
  0.621131  0.131181
  0.605757  0.133232
  0.590277  0.135109
  0.574707  0.136804
  0.559063  0.138312
  0.543359  0.139630
  0.527613  0.140752
  0.511839  0.141675
  0.496053  0.142396
  0.480272  0.142912
  0.464509  0.143221
  0.448783  0.143319
  0.433107  0.143207
  0.417498  0.142883
  0.401971  0.142348
  0.386542  0.141601
  0.371226  0.140646
  0.356038  0.139483
  0.340994  0.138116
  0.326109  0.136549
  0.311396  0.134784
  0.296872  0.132829
  0.282550  0.130689
  0.268445  0.128370
  0.254571  0.125880
  0.240941  0.123226
  0.227570  0.120417
  0.214470  0.117460
  0.201655  0.114367
  0.189138  0.111144
  0.176930  0.107801
  0.165044  0.104348
  0.153492  0.100793
  0.142285  0.097146
  0.131435  0.093416
  0.120953  0.089613
  0.110848  0.085746
  0.101131  0.081825
  0.091812  0.077860
  0.082900  0.073861
  0.074403  0.069840
  0.066331  0.065808
  0.058691  0.061777
  0.051491  0.057761
  0.044738  0.053772
  0.038439  0.049825
  0.032600  0.045935
  0.027226  0.042116
  0.022325  0.038383
  0.017899  0.034750
  0.013954  0.031233
  0.010493  0.027845
  0.007520  0.024598
  0.005038  0.021505
  0.003050  0.018576
  0.001557  0.015821
  0.000561  0.013247
  0.000062  0.010860
  0.000062  0.008665
  0.000561  0.006665
  0.001557  0.004861
  0.003050  0.003255
  0.005038  0.001846
  0.007520  0.000632
  0.010493  -0.000390
  0.013954  -0.001222
  0.017899  -0.001870
  0.022325  -0.002337
  0.027226  -0.002629
  0.032600  -0.002752
  0.038439  -0.002711
  0.044738  -0.002512
  0.051491  -0.002163
  0.058691  -0.001668
  0.066331  -0.001036
  0.074403  -0.000272
  0.082900  0.000616
  0.091812  0.001620
  0.101131  0.002734
  0.110848  0.003950
  0.120953  0.005259
  0.131435  0.006654
  0.142285  0.008127
  0.153492  0.009670
  0.165044  0.011274
  0.176930  0.012932
  0.189138  0.014635
  0.201655  0.016374
  0.214470  0.018142
  0.227570  0.019931
  0.240941  0.021732
  0.254571  0.023538
  0.268445  0.025343
  0.282550  0.027138
  0.296872  0.028918
  0.311396  0.030676
  0.326109  0.032406
  0.340994  0.034103
  0.356038  0.035760
  0.371226  0.037373
  0.386542  0.038936
  0.401971  0.040443
  0.417498  0.041889
  0.433107  0.043270
  0.448783  0.044578
  0.464509  0.045809
  0.480272  0.046957
  0.496053  0.048017
  0.511839  0.048982
  0.527613  0.049849
  0.543359  0.050611
  0.559063  0.051263
  0.574707  0.051803
  0.590277  0.052226
  0.605757  0.052530
  0.621131  0.052713
  0.636385  0.052773
  0.651503  0.052711
  0.666469  0.052528
  0.681270  0.052224
  0.695890  0.051804
  0.710315  0.051270
  0.724530  0.050628
  0.738522  0.049881
  0.752275  0.049036
  0.765777  0.048099
  0.779014  0.047076
  0.791974  0.045975
  0.804642  0.044804
  0.817006  0.043569
  0.829054  0.042277
  0.840775  0.040936
  0.852155  0.039552
  0.863185  0.038131
  0.873852  0.036680
  0.884147  0.035203
  0.894059  0.033783
  0.903579  0.032367
  0.912695  0.030960
  0.921401  0.029570
  0.929686  0.028203
  0.937544  0.026864
  0.944964  0.025559
  0.951942  0.024292
  0.958469  0.023066
  0.964539  0.021884
  0.970146  0.020750
  0.975284  0.019665
  0.979948  0.018629
  0.984134  0.017644
  0.987838  0.016709
  0.991055  0.015824
  0.993782  0.014987
  0.996018  0.014198
  0.997759  0.013453
  0.999003  0.012752
  0.999751  0.012092
  1.000000  0.011471
