  1.000000  0.014711
  0.999751  0.015746
  0.999003  0.016858
  0.997759  0.018055
  0.996018  0.019343
  0.993782  0.020729
  0.991055  0.022219
  0.987838  0.023819
  0.984134  0.025535
  0.979948  0.027372
  0.975284  0.029334
  0.970146  0.031425
  0.964539  0.033648
  0.958469  0.036005
  0.951942  0.038496
  0.944964  0.041120
  0.937544  0.043875
  0.929686  0.046757
  0.921401  0.049760
  0.912695  0.052880
  0.903579  0.056106
  0.894059  0.059431
  0.884147  0.062845
  0.873852  0.066449
  0.863185  0.070096
  0.852155  0.073776
  0.840775  0.077478
  0.829054  0.081190
  0.817006  0.084897
  0.804642  0.088586
  0.791974  0.092242
  0.779014  0.095850
  0.765777  0.099395
  0.752275  0.102863
  0.738522  0.106240
  0.724530  0.109510
  0.710315  0.112662
  0.695890  0.115685
  0.681270  0.118566
  0.666469  0.121296
  0.651503  0.123868
  0.636385  0.126273
  0.621131  0.128507
  0.605757  0.130564
  0.590277  0.132439
  0.574707  0.134131
  0.559063  0.135635
  0.543359  0.136951
  0.527613  0.138077
  0.511839  0.139013
  0.496053  0.139760
  0.480272  0.140316
  0.464509  0.140682
  0.448783  0.140860
  0.433107  0.140850
  0.417498  0.140654
  0.401971  0.140272
  0.386542  0.139707
  0.371226  0.138960
  0.356038  0.138035
  0.340994  0.136932
  0.326109  0.135654
  0.311396  0.134203
  0.296872  0.132584
  0.282550  0.130798
  0.268445  0.128849
  0.254571  0.126741
  0.240941  0.124476
  0.227570  0.122059
  0.214470  0.119494
  0.201655  0.116785
  0.189138  0.113937
  0.176930  0.110953
  0.165044  0.107838
  0.153492  0.104597
  0.142285  0.101235
  0.131435  0.097759
  0.120953  0.094173
  0.110848  0.090486
  0.101131  0.086706
  0.091812  0.082839
  0.082900  0.078897
  0.074403  0.074890
  0.066331  0.070830
  0.058691  0.066729
  0.051491  0.062604
  0.044738  0.058470
  0.038439  0.054343
  0.032600  0.050242
  0.027226  0.046184
  0.022325  0.042189
  0.017899  0.038275
  0.013954  0.034460
  0.010493  0.030762
  0.007520  0.027197
  0.005038  0.023781
  0.003050  0.020527
  0.001557  0.017449
  0.000561  0.014555
  0.000062  0.011856
  0.000062  0.009357
  0.000561  0.007063
  0.001557  0.004977
  0.003050  0.003101
  0.005038  0.001436
  0.007520  -0.000021
  0.010493  -0.001270
  0.013954  -0.002315
  0.017899  -0.003159
  0.022325  -0.003807
  0.027226  -0.004265
  0.032600  -0.004537
  0.038439  -0.004629
  0.044738  -0.004548
  0.051491  -0.004300
  0.058691  -0.003891
  0.066331  -0.003327
  0.074403  -0.002617
  0.082900  -0.001768
  0.091812  -0.000787
  0.101131  0.000319
  0.110848  0.001540
  0.120953  0.002869
  0.131435  0.004296
  0.142285  0.005814
  0.153492  0.007413
  0.165044  0.009084
  0.176930  0.010819
  0.189138  0.012609
  0.201655  0.014444
  0.214470  0.016316
  0.227570  0.018214
  0.240941  0.020132
  0.254571  0.022060
  0.268445  0.023991
  0.282550  0.025917
  0.296872  0.027830
  0.311396  0.029723
  0.326109  0.031591
  0.340994  0.033425
  0.356038  0.035219
  0.371226  0.036968
  0.386542  0.038665
  0.401971  0.040303
  0.417498  0.041877
  0.433107  0.043379
  0.448783  0.044802
  0.464509  0.046141
  0.480272  0.047389
  0.496053  0.048537
  0.511839  0.049581
  0.527613  0.050514
  0.543359  0.051328
  0.559063  0.052020
  0.574707  0.052584
  0.590277  0.053015
  0.605757  0.053311
  0.621131  0.053470
  0.636385  0.053491
  0.651503  0.053373
  0.666469  0.053119
  0.681270  0.052730
  0.695890  0.052211
  0.710315  0.051567
  0.724530  0.050802
  0.738522  0.049924
  0.752275  0.048940
  0.765777  0.047858
  0.779014  0.046688
  0.791974  0.045437
  0.804642  0.044117
  0.817006  0.042735
  0.829054  0.041301
  0.840775  0.039824
  0.852155  0.038313
  0.863185  0.036775
  0.873852  0.035217
  0.884147  0.033646
  0.894059  0.032142
  0.903579  0.030654
  0.912695  0.029188
  0.921401  0.027751
  0.929686  0.026349
  0.937544  0.024987
  0.944964  0.023669
  0.951942  0.022400
  0.958469  0.021181
  0.964539  0.020015
  0.970146  0.018903
  0.975284  0.017847
  0.979948  0.016845
  0.984134  0.015898
  0.987838  0.015004
  0.991055  0.014163
  0.993782  0.013372
  0.996018  0.012629
  0.997759  0.011932
  0.999003  0.011279
  0.999751  0.010667
  1.000000  0.010093
