  1.000000  0.017460
  0.999751  0.018599
  0.999003  0.019819
  0.997759  0.021125
  0.996018  0.022524
  0.993782  0.024022
  0.991055  0.025623
  0.987838  0.027334
  0.984134  0.029158
  0.979948  0.031101
  0.975284  0.033166
  0.970146  0.035354
  0.964539  0.037668
  0.958469  0.040107
  0.951942  0.042670
  0.944964  0.045356
  0.937544  0.048160
  0.929686  0.051077
  0.921401  0.054101
  0.912695  0.057224
  0.903579  0.060438
  0.894059  0.063733
  0.884147  0.067099
  0.873852  0.070644
  0.863185  0.074213
  0.852155  0.077796
  0.840775  0.081382
  0.829054  0.084963
  0.817006  0.088525
  0.804642  0.092056
  0.791974  0.095545
  0.779014  0.098978
  0.765777  0.102342
  0.752275  0.105625
  0.738522  0.108814
  0.724530  0.111897
  0.710315  0.114864
  0.695890  0.117704
  0.681270  0.120408
  0.666469  0.122968
  0.651503  0.125376
  0.636385  0.127628
  0.621131  0.129716
  0.605757  0.131639
  0.590277  0.133391
  0.574707  0.134971
  0.559063  0.136376
  0.543359  0.137606
  0.527613  0.138659
  0.511839  0.139536
  0.496053  0.140236
  0.480272  0.140761
  0.464509  0.141109
  0.448783  0.141283
  0.433107  0.141283
  0.417498  0.141110
  0.401971  0.140765
  0.386542  0.140250
  0.371226  0.139565
  0.356038  0.138713
  0.340994  0.137694
  0.326109  0.136510
  0.311396  0.135162
  0.296872  0.133651
  0.282550  0.131980
  0.268445  0.130150
  0.254571  0.128163
  0.240941  0.126021
  0.227570  0.123726
  0.214470  0.121280
  0.201655  0.118685
  0.189138  0.115945
  0.176930  0.113061
  0.165044  0.110036
  0.153492  0.106875
  0.142285  0.103580
  0.131435  0.100156
  0.120953  0.096609
  0.110848  0.092944
  0.101131  0.089170
  0.091812  0.085295
  0.082900  0.081327
  0.074403  0.077279
  0.066331  0.073162
  0.058691  0.068991
  0.051491  0.064783
  0.044738  0.060554
  0.038439  0.056324
  0.032600  0.052111
  0.027226  0.047937
  0.022325  0.043822
  0.017899  0.039786
  0.013954  0.035850
  0.010493  0.032033
  0.007520  0.028354
  0.005038  0.024829
  0.003050  0.021474
  0.001557  0.018301
  0.000561  0.015322
  0.000062  0.012544
  0.000062  0.009976
  0.000561  0.007620
  0.001557  0.005479
  0.003050  0.003554
  0.005038  0.001844
  0.007520  0.000347
  0.010493  -0.000940
  0.013954  -0.002023
  0.017899  -0.002906
  0.022325  -0.003595
  0.027226  -0.004098
  0.032600  -0.004420
  0.038439  -0.004570
  0.044738  -0.004555
  0.051491  -0.004381
  0.058691  -0.004057
  0.066331  -0.003590
  0.074403  -0.002988
  0.082900  -0.002257
  0.091812  -0.001407
  0.101131  -0.000443
  0.110848  0.000625
  0.120953  0.001792
  0.131435  0.003049
  0.142285  0.004389
  0.153492  0.005807
  0.165044  0.007295
  0.176930  0.008848
  0.189138  0.010459
  0.201655  0.012121
  0.214470  0.013830
  0.227570  0.015579
  0.240941  0.017363
  0.254571  0.019177
  0.268445  0.021016
  0.282550  0.022875
  0.296872  0.024749
  0.311396  0.026634
  0.326109  0.028524
  0.340994  0.030415
  0.356038  0.032300
  0.371226  0.034175
  0.386542  0.036032
  0.401971  0.037866
  0.417498  0.039670
  0.433107  0.041435
  0.448783  0.043154
  0.464509  0.044818
  0.480272  0.046418
  0.496053  0.047945
  0.511839  0.049390
  0.527613  0.050743
  0.543359  0.051994
  0.559063  0.053135
  0.574707  0.054158
  0.590277  0.055054
  0.605757  0.055816
  0.621131  0.056440
  0.636385  0.056919
  0.651503  0.057252
  0.666469  0.057435
  0.681270  0.057468
  0.695890  0.057352
  0.710315  0.057088
  0.724530  0.056680
  0.738522  0.056132
  0.752275  0.055450
  0.765777  0.054641
  0.779014  0.053711
  0.791974  0.052669
  0.804642  0.051525
  0.817006  0.050285
  0.829054  0.048961
  0.840775  0.047560
  0.852155  0.046091
  0.863185  0.044562
  0.873852  0.042982
  0.884147  0.041356
  0.894059  0.039784
  0.903579  0.038204
  0.912695  0.036624
  0.921401  0.035053
  0.929686  0.033499
  0.937544  0.031971
  0.944964  0.030473
  0.951942  0.029014
  0.958469  0.027597
  0.964539  0.026227
  0.970146  0.024908
  0.975284  0.023642
  0.979948  0.022431
  0.984134  0.021275
  0.987838  0.020177
  0.991055  0.019134
  0.993782  0.018146
  0.996018  0.017212
  0.997759  0.016330
  0.999003  0.015497
  0.999751  0.014712
  1.000000  0.013971
