  1.000000  0.016409
  0.999751  0.017504
  0.999003  0.018678
  0.997759  0.019938
  0.996018  0.021288
  0.993782  0.022735
  0.991055  0.024286
  0.987838  0.025945
  0.984134  0.027717
  0.979948  0.029607
  0.975284  0.031618
  0.970146  0.033753
  0.964539  0.036014
  0.958469  0.038402
  0.951942  0.040916
  0.944964  0.043554
  0.937544  0.046313
  0.929686  0.049189
  0.921401  0.052175
  0.912695  0.055265
  0.903579  0.058452
  0.894059  0.061724
  0.884147  0.065074
  0.873852  0.068608
  0.863185  0.072173
  0.852155  0.075761
  0.840775  0.079362
  0.829054  0.082967
  0.817006  0.086563
  0.804642  0.090140
  0.791974  0.093683
  0.779014  0.097181
  0.765777  0.100621
  0.752275  0.103989
  0.738522  0.107274
  0.724530  0.110463
  0.710315  0.113545
  0.695890  0.116509
  0.681270  0.119344
  0.666469  0.122042
  0.651503  0.124595
  0.636385  0.126994
  0.621131  0.129234
  0.605757  0.131307
  0.590277  0.133210
  0.574707  0.134936
  0.559063  0.136483
  0.543359  0.137845
  0.527613  0.139022
  0.511839  0.140009
  0.496053  0.140805
  0.480272  0.141408
  0.464509  0.141816
  0.448783  0.142028
  0.433107  0.142043
  0.417498  0.141861
  0.401971  0.141482
  0.386542  0.140906
  0.371226  0.140135
  0.356038  0.139171
  0.340994  0.138015
  0.326109  0.136669
  0.311396  0.135137
  0.296872  0.133422
  0.282550  0.131528
  0.268445  0.129460
  0.254571  0.127223
  0.240941  0.124822
  0.227570  0.122263
  0.214470  0.119553
  0.201655  0.116697
  0.189138  0.113702
  0.176930  0.110575
  0.165044  0.107323
  0.153492  0.103952
  0.142285  0.100470
  0.131435  0.096883
  0.120953  0.093201
  0.110848  0.089431
  0.101131  0.085582
  0.091812  0.081662
  0.082900  0.077682
  0.074403  0.073652
  0.066331  0.069583
  0.058691  0.065488
  0.051491  0.061379
  0.044738  0.057272
  0.038439  0.053182
  0.032600  0.049123
  0.027226  0.045111
  0.022325  0.041164
  0.017899  0.037297
  0.013954  0.033526
  0.010493  0.029867
  0.007520  0.026335
  0.005038  0.022942
  0.003050  0.019702
  0.001557  0.016626
  0.000561  0.013723
  0.000062  0.011002
  0.000062  0.008470
  0.000561  0.006131
  0.001557  0.003990
  0.003050  0.002050
  0.005038  0.000312
  0.007520  -0.001224
  0.010493  -0.002556
  0.013954  -0.003686
  0.017899  -0.004617
  0.022325  -0.005350
  0.027226  -0.005888
  0.032600  -0.006235
  0.038439  -0.006395
  0.044738  -0.006372
  0.051491  -0.006170
  0.058691  -0.005795
  0.066331  -0.005252
  0.074403  -0.004548
  0.082900  -0.003689
  0.091812  -0.002683
  0.101131  -0.001538
  0.110848  -0.000261
  0.120953  0.001137
  0.131435  0.002649
  0.142285  0.004263
  0.153492  0.005969
  0.165044  0.007758
  0.176930  0.009618
  0.189138  0.011538
  0.201655  0.013506
  0.214470  0.015513
  0.227570  0.017546
  0.240941  0.019595
  0.254571  0.021651
  0.268445  0.023703
  0.282550  0.025742
  0.296872  0.027761
  0.311396  0.029750
  0.326109  0.031703
  0.340994  0.033614
  0.356038  0.035476
  0.371226  0.037284
  0.386542  0.039032
  0.401971  0.040716
  0.417498  0.042330
  0.433107  0.043871
  0.448783  0.045334
  0.464509  0.046715
  0.480272  0.048008
  0.496053  0.049212
  0.511839  0.050320
  0.527613  0.051329
  0.543359  0.052236
  0.559063  0.053036
  0.574707  0.053727
  0.590277  0.054305
  0.605757  0.054769
  0.621131  0.055117
  0.636385  0.055348
  0.651503  0.055462
  0.666469  0.055458
  0.681270  0.055338
  0.695890  0.055105
  0.710315  0.054759
  0.724530  0.054305
  0.738522  0.053746
  0.752275  0.053086
  0.765777  0.052329
  0.779014  0.051481
  0.791974  0.050546
  0.804642  0.049530
  0.817006  0.048438
  0.829054  0.047276
  0.840775  0.046048
  0.852155  0.044760
  0.863185  0.043416
  0.873852  0.042021
  0.884147  0.040578
  0.894059  0.039181
  0.903579  0.037767
  0.912695  0.036345
  0.921401  0.034921
  0.929686  0.033501
  0.937544  0.032094
  0.944964  0.030705
  0.951942  0.029339
  0.958469  0.028004
  0.964539  0.026702
  0.970146  0.025440
  0.975284  0.024219
  0.979948  0.023044
  0.984134  0.021915
  0.987838  0.020835
  0.991055  0.019804
  0.993782  0.018822
  0.996018  0.017888
  0.997759  0.017002
  0.999003  0.016163
  0.999751  0.015367
  1.000000  0.014614
