  1.000000  0.015777
  0.999751  0.016858
  0.999003  0.018020
  0.997759  0.019267
  0.996018  0.020608
  0.993782  0.022048
  0.991055  0.023594
  0.987838  0.025251
  0.984134  0.027024
  0.979948  0.028920
  0.975284  0.030941
  0.970146  0.033092
  0.964539  0.035374
  0.958469  0.037789
  0.951942  0.040338
  0.944964  0.043018
  0.937544  0.045827
  0.929686  0.048761
  0.921401  0.051814
  0.912695  0.054978
  0.903579  0.058248
  0.894059  0.061611
  0.884147  0.065060
  0.873852  0.068698
  0.863185  0.072375
  0.852155  0.076080
  0.840775  0.079801
  0.829054  0.083528
  0.817006  0.087247
  0.804642  0.090943
  0.791974  0.094603
  0.779014  0.098213
  0.765777  0.101757
  0.752275  0.105220
  0.738522  0.108589
  0.724530  0.111849
  0.710315  0.114988
  0.695890  0.117993
  0.681270  0.120854
  0.666469  0.123560
  0.651503  0.126102
  0.636385  0.128473
  0.621131  0.130665
  0.605757  0.132673
  0.590277  0.134492
  0.574707  0.136118
  0.559063  0.137547
  0.543359  0.138776
  0.527613  0.139805
  0.511839  0.140630
  0.496053  0.141253
  0.480272  0.141671
  0.464509  0.141886
  0.448783  0.141898
  0.433107  0.141706
  0.417498  0.141314
  0.401971  0.140722
  0.386542  0.139932
  0.371226  0.138948
  0.356038  0.137773
  0.340994  0.136409
  0.326109  0.134861
  0.311396  0.133133
  0.296872  0.131230
  0.282550  0.129157
  0.268445  0.126918
  0.254571  0.124521
  0.240941  0.121971
  0.227570  0.119275
  0.214470  0.116439
  0.201655  0.113470
  0.189138  0.110376
  0.176930  0.107162
  0.165044  0.103836
  0.153492  0.100406
  0.142285  0.096878
  0.131435  0.093260
  0.120953  0.089560
  0.110848  0.085788
  0.101131  0.081952
  0.091812  0.078060
  0.082900  0.074124
  0.074403  0.070154
  0.066331  0.066162
  0.058691  0.062160
  0.051491  0.058162
  0.044738  0.054183
  0.038439  0.050238
  0.032600  0.046343
  0.027226  0.042513
  0.022325  0.038764
  0.017899  0.035114
  0.013954  0.031576
  0.010493  0.028166
  0.007520  0.024898
  0.005038  0.021784
  0.003050  0.018835
  0.001557  0.016060
  0.000561  0.013468
  0.000062  0.011064
  0.000062  0.008852
  0.000561  0.006835
  0.001557  0.005012
  0.003050  0.003384
  0.005038  0.001949
  0.007520  0.000704
  0.010493  -0.000355
  0.013954  -0.001233
  0.017899  -0.001935
  0.022325  -0.002467
  0.027226  -0.002836
  0.032600  -0.003049
  0.038439  -0.003112
  0.044738  -0.003032
  0.051491  -0.002817
  0.058691  -0.002472
  0.066331  -0.002006
  0.074403  -0.001425
  0.082900  -0.000735
  0.091812  0.000056
  0.101131  0.000943
  0.110848  0.001919
  0.120953  0.002979
  0.131435  0.004116
  0.142285  0.005326
  0.153492  0.006604
  0.165044  0.007945
  0.176930  0.009345
  0.189138  0.010799
  0.201655  0.012304
  0.214470  0.013856
  0.227570  0.015450
  0.240941  0.017085
  0.254571  0.018755
  0.268445  0.020458
  0.282550  0.022191
  0.296872  0.023950
  0.311396  0.025731
  0.326109  0.027529
  0.340994  0.029340
  0.356038  0.031159
  0.371226  0.032979
  0.386542  0.034794
  0.401971  0.036596
  0.417498  0.038377
  0.433107  0.040128
  0.448783  0.041838
  0.464509  0.043498
  0.480272  0.045097
  0.496053  0.046622
  0.511839  0.048063
  0.527613  0.049407
  0.543359  0.050644
  0.559063  0.051762
  0.574707  0.052752
  0.590277  0.053604
  0.605757  0.054311
  0.621131  0.054865
  0.636385  0.055263
  0.651503  0.055500
  0.666469  0.055576
  0.681270  0.055489
  0.695890  0.055242
  0.710315  0.054839
  0.724530  0.054283
  0.738522  0.053582
  0.752275  0.052744
  0.765777  0.051776
  0.779014  0.050689
  0.791974  0.049493
  0.804642  0.048201
  0.817006  0.046821
  0.829054  0.045367
  0.840775  0.043849
  0.852155  0.042277
  0.863185  0.040662
  0.873852  0.039012
  0.884147  0.037337
  0.894059  0.035725
  0.903579  0.034123
  0.912695  0.032537
  0.921401  0.030978
  0.929686  0.029451
  0.937544  0.027964
  0.944964  0.026522
  0.951942  0.025129
  0.958469  0.023790
  0.964539  0.022506
  0.970146  0.021280
  0.975284  0.020114
  0.979948  0.019006
  0.984134  0.017958
  0.987838  0.016967
  0.991055  0.016034
  0.993782  0.015155
  0.996018  0.014330
  0.997759  0.013554
  0.999003  0.012827
  0.999751  0.012144
  1.000000  0.011503
