  1.000000  0.015215
  0.999751  0.016268
  0.999003  0.017400
  0.997759  0.018617
  0.996018  0.019926
  0.993782  0.021332
  0.991055  0.022842
  0.987838  0.024463
  0.984134  0.026198
  0.979948  0.028054
  0.975284  0.030035
  0.970146  0.032143
  0.964539  0.034383
  0.958469  0.036754
  0.951942  0.039258
  0.944964  0.041892
  0.937544  0.044656
  0.929686  0.047544
  0.921401  0.050551
  0.912695  0.053671
  0.903579  0.056895
  0.894059  0.060215
  0.884147  0.063621
  0.873852  0.067216
  0.863185  0.070850
  0.852155  0.074516
  0.840775  0.078200
  0.829054  0.081892
  0.817006  0.085578
  0.804642  0.089245
  0.791974  0.092878
  0.779014  0.096462
  0.765777  0.099984
  0.752275  0.103428
  0.738522  0.106781
  0.724530  0.110028
  0.710315  0.113156
  0.695890  0.116155
  0.681270  0.119011
  0.666469  0.121716
  0.651503  0.124261
  0.636385  0.126638
  0.621131  0.128839
  0.605757  0.130859
  0.590277  0.132694
  0.574707  0.134339
  0.559063  0.135790
  0.543359  0.137044
  0.527613  0.138101
  0.511839  0.138958
  0.496053  0.139614
  0.480272  0.140069
  0.464509  0.140322
  0.448783  0.140374
  0.433107  0.140226
  0.417498  0.139878
  0.401971  0.139332
  0.386542  0.138591
  0.371226  0.137656
  0.356038  0.136530
  0.340994  0.135218
  0.326109  0.133722
  0.311396  0.132046
  0.296872  0.130196
  0.282550  0.128177
  0.268445  0.125993
  0.254571  0.123650
  0.240941  0.121156
  0.227570  0.118515
  0.214470  0.115736
  0.201655  0.112824
  0.189138  0.109787
  0.176930  0.106632
  0.165044  0.103365
  0.153492  0.099994
  0.142285  0.096526
  0.131435  0.092969
  0.120953  0.089330
  0.110848  0.085617
  0.101131  0.081840
  0.091812  0.078005
  0.082900  0.074123
  0.074403  0.070204
  0.066331  0.066259
  0.058691  0.062298
  0.051491  0.058334
  0.044738  0.054380
  0.038439  0.050451
  0.032600  0.046560
  0.027226  0.042722
  0.022325  0.038951
  0.017899  0.035263
  0.013954  0.031671
  0.010493  0.028189
  0.007520  0.024832
  0.005038  0.021610
  0.003050  0.018534
  0.001557  0.015616
  0.000561  0.012862
  0.000062  0.010280
  0.000062  0.007876
  0.000561  0.005653
  0.001557  0.003615
  0.003050  0.001764
  0.005038  0.000099
  0.007520  -0.001378
  0.010493  -0.002668
  0.013954  -0.003774
  0.017899  -0.004697
  0.022325  -0.005440
  0.027226  -0.006007
  0.032600  -0.006402
  0.038439  -0.006628
  0.044738  -0.006690
  0.051491  -0.006593
  0.058691  -0.006342
  0.066331  -0.005942
  0.074403  -0.005399
  0.082900  -0.004720
  0.091812  -0.003911
  0.101131  -0.002978
  0.110848  -0.001929
  0.120953  -0.000771
  0.131435  0.000489
  0.142285  0.001843
  0.153492  0.003283
  0.165044  0.004802
  0.176930  0.006393
  0.189138  0.008046
  0.201655  0.009756
  0.214470  0.011513
  0.227570  0.013312
  0.240941  0.015144
  0.254571  0.017003
  0.268445  0.018883
  0.282550  0.020776
  0.296872  0.022677
  0.311396  0.024580
  0.326109  0.026479
  0.340994  0.028367
  0.356038  0.030240
  0.371226  0.032091
  0.386542  0.033914
  0.401971  0.035702
  0.417498  0.037449
  0.433107  0.039148
  0.448783  0.040792
  0.464509  0.042373
  0.480272  0.043883
  0.496053  0.045315
  0.511839  0.046660
  0.527613  0.047911
  0.543359  0.049059
  0.559063  0.050099
  0.574707  0.051022
  0.590277  0.051823
  0.605757  0.052496
  0.621131  0.053037
  0.636385  0.053443
  0.651503  0.053711
  0.666469  0.053841
  0.681270  0.053833
  0.695890  0.053688
  0.710315  0.053409
  0.724530  0.052998
  0.738522  0.052461
  0.752275  0.051803
  0.765777  0.051030
  0.779014  0.050149
  0.791974  0.049167
  0.804642  0.048093
  0.817006  0.046934
  0.829054  0.045699
  0.840775  0.044395
  0.852155  0.043030
  0.863185  0.041611
  0.873852  0.040144
  0.884147  0.038636
  0.894059  0.037179
  0.903579  0.035713
  0.912695  0.034248
  0.921401  0.032790
  0.929686  0.031348
  0.937544  0.029929
  0.944964  0.028537
  0.951942  0.027180
  0.958469  0.025861
  0.964539  0.024586
  0.970146  0.023356
  0.975284  0.022175
  0.979948  0.021045
  0.984134  0.019966
  0.987838  0.018939
  0.991055  0.017964
  0.993782  0.017039
  0.996018  0.016165
  0.997759  0.015339
  0.999003  0.014559
  0.999751  0.013823
  1.000000  0.013128
