  1.000000  0.015080
  0.999751  0.016119
  0.999003  0.017235
  0.997759  0.018434
  0.996018  0.019723
  0.993782  0.021107
  0.991055  0.022592
  0.987838  0.024185
  0.984134  0.025890
  0.979948  0.027713
  0.975284  0.029656
  0.970146  0.031724
  0.964539  0.033918
  0.958469  0.036240
  0.951942  0.038690
  0.944964  0.041267
  0.937544  0.043968
  0.929686  0.046790
  0.921401  0.049726
  0.912695  0.052772
  0.903579  0.055919
  0.894059  0.059160
  0.884147  0.062484
  0.873852  0.065996
  0.863185  0.069549
  0.852155  0.073134
  0.840775  0.076744
  0.829054  0.080366
  0.817006  0.083991
  0.804642  0.087605
  0.791974  0.091198
  0.779014  0.094756
  0.765777  0.098267
  0.752275  0.101717
  0.738522  0.105094
  0.724530  0.108386
  0.710315  0.111581
  0.695890  0.114669
  0.681270  0.117638
  0.666469  0.120478
  0.651503  0.123182
  0.636385  0.125740
  0.621131  0.128144
  0.605757  0.130389
  0.590277  0.132467
  0.574707  0.134372
  0.559063  0.136098
  0.543359  0.137641
  0.527613  0.138996
  0.511839  0.140157
  0.496053  0.141123
  0.480272  0.141888
  0.464509  0.142450
  0.448783  0.142806
  0.433107  0.142953
  0.417498  0.142889
  0.401971  0.142615
  0.386542  0.142128
  0.371226  0.141431
  0.356038  0.140523
  0.340994  0.139407
  0.326109  0.138084
  0.311396  0.136558
  0.296872  0.134833
  0.282550  0.132914
  0.268445  0.130807
  0.254571  0.128516
  0.240941  0.126050
  0.227570  0.123415
  0.214470  0.120619
  0.201655  0.117669
  0.189138  0.114575
  0.176930  0.111344
  0.165044  0.107985
  0.153492  0.104507
  0.142285  0.100918
  0.131435  0.097226
  0.120953  0.093442
  0.110848  0.089574
  0.101131  0.085634
  0.091812  0.081629
  0.082900  0.077572
  0.074403  0.073473
  0.066331  0.069344
  0.058691  0.065199
  0.051491  0.061050
  0.044738  0.056913
  0.038439  0.052802
  0.032600  0.048733
  0.027226  0.044722
  0.022325  0.040785
  0.017899  0.036938
  0.013954  0.033197
  0.010493  0.029576
  0.007520  0.026090
  0.005038  0.022751
  0.003050  0.019572
  0.001557  0.016563
  0.000561  0.013733
  0.000062  0.011089
  0.000062  0.008637
  0.000561  0.006380
  0.001557  0.004322
  0.003050  0.002465
  0.005038  0.000807
  0.007520  -0.000650
  0.010493  -0.001909
  0.013954  -0.002972
  0.017899  -0.003842
  0.022325  -0.004524
  0.027226  -0.005020
  0.032600  -0.005336
  0.038439  -0.005477
  0.044738  -0.005448
  0.051491  -0.005254
  0.058691  -0.004903
  0.066331  -0.004399
  0.074403  -0.003749
  0.082900  -0.002961
  0.091812  -0.002041
  0.101131  -0.000998
  0.110848  0.000163
  0.120953  0.001432
  0.131435  0.002801
  0.142285  0.004261
  0.153492  0.005806
  0.165044  0.007426
  0.176930  0.009112
  0.189138  0.010857
  0.201655  0.012651
  0.214470  0.014486
  0.227570  0.016354
  0.240941  0.018246
  0.254571  0.020155
  0.268445  0.022074
  0.282550  0.023995
  0.296872  0.025912
  0.311396  0.027819
  0.326109  0.029708
  0.340994  0.031574
  0.356038  0.033411
  0.371226  0.035213
  0.386542  0.036974
  0.401971  0.038689
  0.417498  0.040350
  0.433107  0.041953
  0.448783  0.043490
  0.464509  0.044955
  0.480272  0.046341
  0.496053  0.047642
  0.511839  0.048850
  0.527613  0.049960
  0.543359  0.050965
  0.559063  0.051858
  0.574707  0.052635
  0.590277  0.053290
  0.605757  0.053820
  0.621131  0.054222
  0.636385  0.054492
  0.651503  0.054630
  0.666469  0.054636
  0.681270  0.054511
  0.695890  0.054256
  0.710315  0.053875
  0.724530  0.053371
  0.738522  0.052749
  0.752275  0.052014
  0.765777  0.051173
  0.779014  0.050232
  0.791974  0.049198
  0.804642  0.048079
  0.817006  0.046882
  0.829054  0.045615
  0.840775  0.044286
  0.852155  0.042900
  0.863185  0.041465
  0.873852  0.039987
  0.884147  0.038471
  0.894059  0.037008
  0.903579  0.035539
  0.912695  0.034073
  0.921401  0.032616
  0.929686  0.031176
  0.937544  0.029760
  0.944964  0.028372
  0.951942  0.027019
  0.958469  0.025705
  0.964539  0.024434
  0.970146  0.023209
  0.975284  0.022033
  0.979948  0.020908
  0.984134  0.019833
  0.987838  0.018811
  0.991055  0.017840
  0.993782  0.016920
  0.996018  0.016050
  0.997759  0.015228
  0.999003  0.014451
  0.999751  0.013719
  1.000000  0.013028
