  1.000000  0.016639
  0.999751  0.017748
  0.999003  0.018938
  0.997759  0.020213
  0.996018  0.021581
  0.993782  0.023048
  0.991055  0.024620
  0.987838  0.026301
  0.984134  0.028097
  0.979948  0.030013
  0.975284  0.032052
  0.970146  0.034218
  0.964539  0.036511
  0.958469  0.038933
  0.951942  0.041484
  0.944964  0.044160
  0.937544  0.046960
  0.929686  0.049878
  0.921401  0.052908
  0.912695  0.056044
  0.903579  0.059276
  0.894059  0.062596
  0.884147  0.065993
  0.873852  0.069573
  0.863185  0.073184
  0.852155  0.076815
  0.840775  0.080456
  0.829054  0.084095
  0.817006  0.087720
  0.804642  0.091317
  0.791974  0.094874
  0.779014  0.098376
  0.765777  0.101809
  0.752275  0.105158
  0.738522  0.108412
  0.724530  0.111555
  0.710315  0.114576
  0.695890  0.117464
  0.681270  0.120207
  0.666469  0.122796
  0.651503  0.125222
  0.636385  0.127478
  0.621131  0.129557
  0.605757  0.131454
  0.590277  0.133164
  0.574707  0.134683
  0.559063  0.136007
  0.543359  0.137135
  0.527613  0.138064
  0.511839  0.138794
  0.496053  0.139324
  0.480272  0.139653
  0.464509  0.139783
  0.448783  0.139713
  0.433107  0.139444
  0.417498  0.138979
  0.401971  0.138319
  0.386542  0.137466
  0.371226  0.136425
  0.356038  0.135197
  0.340994  0.133786
  0.326109  0.132197
  0.311396  0.130434
  0.296872  0.128502
  0.282550  0.126407
  0.268445  0.124153
  0.254571  0.121747
  0.240941  0.119196
  0.227570  0.116506
  0.214470  0.113684
  0.201655  0.110737
  0.189138  0.107671
  0.176930  0.104494
  0.165044  0.101214
  0.153492  0.097836
  0.142285  0.094369
  0.131435  0.090820
  0.120953  0.087197
  0.110848  0.083508
  0.101131  0.079762
  0.091812  0.075966
  0.082900  0.072131
  0.074403  0.068267
  0.066331  0.064383
  0.058691  0.060492
  0.051491  0.056606
  0.044738  0.052738
  0.038439  0.048902
  0.032600  0.045112
  0.027226  0.041382
  0.022325  0.037728
  0.017899  0.034163
  0.013954  0.030702
  0.010493  0.027359
  0.007520  0.024147
  0.005038  0.021077
  0.003050  0.018161
  0.001557  0.015406
  0.000561  0.012823
  0.000062  0.010417
  0.000062  0.008192
  0.000561  0.006154
  0.001557  0.004303
  0.003050  0.002640
  0.005038  0.001167
  0.007520  -0.000119
  0.010493  -0.001218
  0.013954  -0.002134
  0.017899  -0.002870
  0.022325  -0.003429
  0.027226  -0.003818
  0.032600  -0.004039
  0.038439  -0.004099
  0.044738  -0.004002
  0.051491  -0.003754
  0.058691  -0.003361
  0.066331  -0.002829
  0.074403  -0.002165
  0.082900  -0.001374
  0.091812  -0.000465
  0.101131  0.000556
  0.110848  0.001683
  0.120953  0.002906
  0.131435  0.004218
  0.142285  0.005612
  0.153492  0.007080
  0.165044  0.008614
  0.176930  0.010206
  0.189138  0.011847
  0.201655  0.013531
  0.214470  0.015248
  0.227570  0.016991
  0.240941  0.018753
  0.254571  0.020526
  0.268445  0.022305
  0.282550  0.024082
  0.296872  0.025851
  0.311396  0.027606
  0.326109  0.029343
  0.340994  0.031057
  0.356038  0.032741
  0.371226  0.034392
  0.386542  0.036005
  0.401971  0.037576
  0.417498  0.039099
  0.433107  0.040571
  0.448783  0.041986
  0.464509  0.043340
  0.480272  0.044628
  0.496053  0.045845
  0.511839  0.046987
  0.527613  0.048048
  0.543359  0.049023
  0.559063  0.049908
  0.574707  0.050698
  0.590277  0.051390
  0.605757  0.051979
  0.621131  0.052463
  0.636385  0.052840
  0.651503  0.053108
  0.666469  0.053265
  0.681270  0.053312
  0.695890  0.053248
  0.710315  0.053074
  0.724530  0.052793
  0.738522  0.052407
  0.752275  0.051918
  0.765777  0.051329
  0.779014  0.050646
  0.791974  0.049871
  0.804642  0.049010
  0.817006  0.048066
  0.829054  0.047045
  0.840775  0.045950
  0.852155  0.044787
  0.863185  0.043559
  0.873852  0.042270
  0.884147  0.040923
  0.894059  0.039613
  0.903579  0.038278
  0.912695  0.036924
  0.921401  0.035559
  0.929686  0.034190
  0.937544  0.032825
  0.944964  0.031469
  0.951942  0.030129
  0.958469  0.028812
  0.964539  0.027523
  0.970146  0.026267
  0.975284  0.025048
  0.979948  0.023869
  0.984134  0.022733
  0.987838  0.021643
  0.991055  0.020598
  0.993782  0.019600
  0.996018  0.018650
  0.997759  0.017745
  0.999003  0.016885
  0.999751  0.016069
  1.000000  0.015295
