  1.000000  0.016040
  0.999751  0.017127
  0.999003  0.018294
  0.997759  0.019546
  0.996018  0.020891
  0.993782  0.022334
  0.991055  0.023881
  0.987838  0.025539
  0.984134  0.027313
  0.979948  0.029206
  0.975284  0.031224
  0.970146  0.033370
  0.964539  0.035644
  0.958469  0.038050
  0.951942  0.040585
  0.944964  0.043250
  0.937544  0.046040
  0.929686  0.048953
  0.921401  0.051980
  0.912695  0.055117
  0.903579  0.058354
  0.894059  0.061683
  0.884147  0.065092
  0.873852  0.068688
  0.863185  0.072319
  0.852155  0.075975
  0.840775  0.079646
  0.829054  0.083319
  0.817006  0.086981
  0.804642  0.090621
  0.791974  0.094223
  0.779014  0.097775
  0.765777  0.101261
  0.752275  0.104667
  0.738522  0.107981
  0.724530  0.111188
  0.710315  0.114277
  0.695890  0.117237
  0.681270  0.120056
  0.666469  0.122726
  0.651503  0.125239
  0.636385  0.127587
  0.621131  0.129765
  0.605757  0.131767
  0.590277  0.133589
  0.574707  0.135228
  0.559063  0.136680
  0.543359  0.137945
  0.527613  0.139021
  0.511839  0.139906
  0.496053  0.140601
  0.480272  0.141105
  0.464509  0.141420
  0.448783  0.141544
  0.433107  0.141479
  0.417498  0.141226
  0.401971  0.140787
  0.386542  0.140162
  0.371226  0.139355
  0.356038  0.138366
  0.340994  0.137200
  0.326109  0.135857
  0.311396  0.134341
  0.296872  0.132655
  0.282550  0.130803
  0.268445  0.128788
  0.254571  0.126614
  0.240941  0.124286
  0.227570  0.121807
  0.214470  0.119183
  0.201655  0.116418
  0.189138  0.113517
  0.176930  0.110485
  0.165044  0.107327
  0.153492  0.104049
  0.142285  0.100656
  0.131435  0.097155
  0.120953  0.093551
  0.110848  0.089852
  0.101131  0.086066
  0.091812  0.082202
  0.082900  0.078267
  0.074403  0.074272
  0.066331  0.070230
  0.058691  0.066151
  0.051491  0.062051
  0.044738  0.057943
  0.038439  0.053843
  0.032600  0.049767
  0.027226  0.045733
  0.022325  0.041757
  0.017899  0.037857
  0.013954  0.034050
  0.010493  0.030352
  0.007520  0.026779
  0.005038  0.023345
  0.003050  0.020063
  0.001557  0.016946
  0.000561  0.014003
  0.000062  0.011244
  0.000062  0.008676
  0.000561  0.006303
  0.001557  0.004131
  0.003050  0.002162
  0.005038  0.000397
  0.007520  -0.001162
  0.010493  -0.002516
  0.013954  -0.003666
  0.017899  -0.004614
  0.022325  -0.005363
  0.027226  -0.005916
  0.032600  -0.006276
  0.038439  -0.006447
  0.044738  -0.006435
  0.051491  -0.006243
  0.058691  -0.005877
  0.066331  -0.005343
  0.074403  -0.004648
  0.082900  -0.003797
  0.091812  -0.002800
  0.101131  -0.001663
  0.110848  -0.000395
  0.120953  0.000994
  0.131435  0.002495
  0.142285  0.004098
  0.153492  0.005792
  0.165044  0.007567
  0.176930  0.009412
  0.189138  0.011315
  0.201655  0.013265
  0.214470  0.015250
  0.227570  0.017260
  0.240941  0.019283
  0.254571  0.021310
  0.268445  0.023329
  0.282550  0.025334
  0.296872  0.027314
  0.311396  0.029261
  0.326109  0.031169
  0.340994  0.033032
  0.356038  0.034842
  0.371226  0.036594
  0.386542  0.038284
  0.401971  0.039907
  0.417498  0.041458
  0.433107  0.042933
  0.448783  0.044329
  0.464509  0.045640
  0.480272  0.046863
  0.496053  0.047995
  0.511839  0.049032
  0.527613  0.049970
  0.543359  0.050806
  0.559063  0.051537
  0.574707  0.052160
  0.590277  0.052673
  0.605757  0.053074
  0.621131  0.053361
  0.636385  0.053535
  0.651503  0.053596
  0.666469  0.053543
  0.681270  0.053379
  0.695890  0.053106
  0.710315  0.052726
  0.724530  0.052243
  0.738522  0.051660
  0.752275  0.050981
  0.765777  0.050211
  0.779014  0.049355
  0.791974  0.048418
  0.804642  0.047405
  0.817006  0.046322
  0.829054  0.045174
  0.840775  0.043966
  0.852155  0.042703
  0.863185  0.041388
  0.873852  0.040027
  0.884147  0.038623
  0.894059  0.037266
  0.903579  0.035896
  0.912695  0.034520
  0.921401  0.033145
  0.929686  0.031776
  0.937544  0.030422
  0.944964  0.029087
  0.951942  0.027777
  0.958469  0.026497
  0.964539  0.025252
  0.970146  0.024045
  0.975284  0.022880
  0.979948  0.021759
  0.984134  0.020684
  0.987838  0.019656
  0.991055  0.018676
  0.993782  0.017743
  0.996018  0.016857
  0.997759  0.016017
  0.999003  0.015221
  0.999751  0.014468
  1.000000  0.013755
