  1.000000  0.013768
  0.999751  0.014765
  0.999003  0.015839
  0.997759  0.016998
  0.996018  0.018247
  0.993782  0.019593
  0.991055  0.021044
  0.987838  0.022604
  0.984134  0.024280
  0.979948  0.026078
  0.975284  0.028002
  0.970146  0.030057
  0.964539  0.032245
  0.958469  0.034570
  0.951942  0.037031
  0.944964  0.039628
  0.937544  0.042361
  0.929686  0.045224
  0.921401  0.048213
  0.912695  0.051322
  0.903579  0.054544
  0.894059  0.057869
  0.884147  0.061287
  0.873852  0.064897
  0.863185  0.068557
  0.852155  0.072254
  0.840775  0.075978
  0.829054  0.079715
  0.817006  0.083450
  0.804642  0.087170
  0.791974  0.090859
  0.779014  0.094502
  0.765777  0.098082
  0.752275  0.101585
  0.738522  0.104996
  0.724530  0.108302
  0.710315  0.111488
  0.695890  0.114544
  0.681270  0.117459
  0.666469  0.120224
  0.651503  0.122830
  0.636385  0.125272
  0.621131  0.127544
  0.605757  0.129642
  0.590277  0.131563
  0.574707  0.133304
  0.559063  0.134865
  0.543359  0.136244
  0.527613  0.137442
  0.511839  0.138458
  0.496053  0.139295
  0.480272  0.139953
  0.464509  0.140432
  0.448783  0.140736
  0.433107  0.140864
  0.417498  0.140819
  0.401971  0.140602
  0.386542  0.140214
  0.371226  0.139658
  0.356038  0.138934
  0.340994  0.138044
  0.326109  0.136990
  0.311396  0.135771
  0.296872  0.134390
  0.282550  0.132848
  0.268445  0.131145
  0.254571  0.129284
  0.240941  0.127264
  0.227570  0.125088
  0.214470  0.122757
  0.201655  0.120271
  0.189138  0.117634
  0.176930  0.114846
  0.165044  0.111908
  0.153492  0.108825
  0.142285  0.105597
  0.131435  0.102230
  0.120953  0.098727
  0.110848  0.095094
  0.101131  0.091339
  0.091812  0.087469
  0.082900  0.083494
  0.074403  0.079424
  0.066331  0.075272
  0.058691  0.071053
  0.051491  0.066785
  0.044738  0.062484
  0.038439  0.058171
  0.032600  0.053866
  0.027226  0.049592
  0.022325  0.045369
  0.017899  0.041220
  0.013954  0.037167
  0.010493  0.033230
  0.007520  0.029430
  0.005038  0.025785
  0.003050  0.022310
  0.001557  0.019021
  0.000561  0.015929
  0.000062  0.013043
  0.000062  0.010372
  0.000561  0.007921
  0.001557  0.005692
  0.003050  0.003686
  0.005038  0.001904
  0.007520  0.000343
  0.010493  -0.000999
  0.013954  -0.002127
  0.017899  -0.003045
  0.022325  -0.003761
  0.027226  -0.004279
  0.032600  -0.004608
  0.038439  -0.004754
  0.044738  -0.004725
  0.051491  -0.004528
  0.058691  -0.004170
  0.066331  -0.003659
  0.074403  -0.003003
  0.082900  -0.002210
  0.091812  -0.001289
  0.101131  -0.000247
  0.110848  0.000908
  0.120953  0.002166
  0.131435  0.003520
  0.142285  0.004960
  0.153492  0.006479
  0.165044  0.008069
  0.176930  0.009721
  0.189138  0.011427
  0.201655  0.013179
  0.214470  0.014968
  0.227570  0.016786
  0.240941  0.018626
  0.254571  0.020481
  0.268445  0.022342
  0.282550  0.024204
  0.296872  0.026060
  0.311396  0.027903
  0.326109  0.029726
  0.340994  0.031525
  0.356038  0.033292
  0.371226  0.035021
  0.386542  0.036706
  0.401971  0.038341
  0.417498  0.039919
  0.433107  0.041432
  0.448783  0.042875
  0.464509  0.044240
  0.480272  0.045519
  0.496053  0.046705
  0.511839  0.047791
  0.527613  0.048769
  0.543359  0.049633
  0.559063  0.050376
  0.574707  0.050992
  0.590277  0.051478
  0.605757  0.051828
  0.621131  0.052040
  0.636385  0.052113
  0.651503  0.052046
  0.666469  0.051840
  0.681270  0.051498
  0.695890  0.051021
  0.710315  0.050417
  0.724530  0.049689
  0.738522  0.048844
  0.752275  0.047890
  0.765777  0.046836
  0.779014  0.045690
  0.791974  0.044462
  0.804642  0.043162
  0.817006  0.041799
  0.829054  0.040382
  0.840775  0.038922
  0.852155  0.037426
  0.863185  0.035904
  0.873852  0.034363
  0.884147  0.032809
  0.894059  0.031321
  0.903579  0.029849
  0.912695  0.028401
  0.921401  0.026983
  0.929686  0.025600
  0.937544  0.024259
  0.944964  0.022962
  0.951942  0.021715
  0.958469  0.020518
  0.964539  0.019375
  0.970146  0.018286
  0.975284  0.017252
  0.979948  0.016273
  0.984134  0.015348
  0.987838  0.014477
  0.991055  0.013657
  0.993782  0.012887
  0.996018  0.012165
  0.997759  0.011488
  0.999003  0.010854
  0.999751  0.010260
  1.000000  0.009704
