  1.000000  0.015750
  0.999751  0.016815
  0.999003  0.017956
  0.997759  0.019182
  0.996018  0.020497
  0.993782  0.021907
  0.991055  0.023420
  0.987838  0.025039
  0.984134  0.026771
  0.979948  0.028619
  0.975284  0.030587
  0.970146  0.032678
  0.964539  0.034895
  0.958469  0.037237
  0.951942  0.039706
  0.944964  0.042298
  0.937544  0.045012
  0.929686  0.047843
  0.921401  0.050786
  0.912695  0.053834
  0.903579  0.056979
  0.894059  0.060214
  0.884147  0.063528
  0.873852  0.067025
  0.863185  0.070558
  0.852155  0.074118
  0.840775  0.077696
  0.829054  0.081281
  0.817006  0.084862
  0.804642  0.088428
  0.791974  0.091965
  0.779014  0.095462
  0.765777  0.098904
  0.752275  0.102280
  0.738522  0.105577
  0.724530  0.108781
  0.710315  0.111881
  0.695890  0.114866
  0.681270  0.117725
  0.666469  0.120446
  0.651503  0.123022
  0.636385  0.125444
  0.621131  0.127703
  0.605757  0.129791
  0.590277  0.131704
  0.574707  0.133433
  0.559063  0.134973
  0.543359  0.136319
  0.527613  0.137466
  0.511839  0.138410
  0.496053  0.139148
  0.480272  0.139675
  0.464509  0.139990
  0.448783  0.140090
  0.433107  0.139974
  0.417498  0.139640
  0.401971  0.139090
  0.386542  0.138323
  0.371226  0.137342
  0.356038  0.136150
  0.340994  0.134749
  0.326109  0.133145
  0.311396  0.131341
  0.296872  0.129345
  0.282550  0.127162
  0.268445  0.124801
  0.254571  0.122270
  0.240941  0.119578
  0.227570  0.116733
  0.214470  0.113746
  0.201655  0.110627
  0.189138  0.107385
  0.176930  0.104030
  0.165044  0.100573
  0.153492  0.097024
  0.142285  0.093393
  0.131435  0.089689
  0.120953  0.085924
  0.110848  0.082106
  0.101131  0.078246
  0.091812  0.074354
  0.082900  0.070442
  0.074403  0.066518
  0.066331  0.062596
  0.058691  0.058686
  0.051491  0.054802
  0.044738  0.050955
  0.038439  0.047160
  0.032600  0.043430
  0.027226  0.039779
  0.022325  0.036220
  0.017899  0.032767
  0.013954  0.029432
  0.010493  0.026229
  0.007520  0.023169
  0.005038  0.020262
  0.003050  0.017517
  0.001557  0.014942
  0.000561  0.012544
  0.000062  0.010326
  0.000062  0.008293
  0.000561  0.006446
  0.001557  0.004784
  0.003050  0.003308
  0.005038  0.002015
  0.007520  0.000902
  0.010493  -0.000034
  0.013954  -0.000798
  0.017899  -0.001395
  0.022325  -0.001831
  0.027226  -0.002112
  0.032600  -0.002245
  0.038439  -0.002236
  0.044738  -0.002092
  0.051491  -0.001819
  0.058691  -0.001425
  0.066331  -0.000916
  0.074403  -0.000298
  0.082900  0.000421
  0.091812  0.001235
  0.101131  0.002139
  0.110848  0.003125
  0.120953  0.004189
  0.131435  0.005323
  0.142285  0.006524
  0.153492  0.007786
  0.165044  0.009103
  0.176930  0.010473
  0.189138  0.011889
  0.201655  0.013349
  0.214470  0.014847
  0.227570  0.016381
  0.240941  0.017946
  0.254571  0.019539
  0.268445  0.021157
  0.282550  0.022795
  0.296872  0.024452
  0.311396  0.026121
  0.326109  0.027801
  0.340994  0.029486
  0.356038  0.031171
  0.371226  0.032850
  0.386542  0.034519
  0.401971  0.036169
  0.417498  0.037795
  0.433107  0.039387
  0.448783  0.040938
  0.464509  0.042438
  0.480272  0.043878
  0.496053  0.045247
  0.511839  0.046537
  0.527613  0.047735
  0.543359  0.048834
  0.559063  0.049823
  0.574707  0.050694
  0.590277  0.051438
  0.605757  0.052049
  0.621131  0.052520
  0.636385  0.052849
  0.651503  0.053030
  0.666469  0.053064
  0.681270  0.052950
  0.695890  0.052689
  0.710315  0.052284
  0.724530  0.051740
  0.738522  0.051062
  0.752275  0.050258
  0.765777  0.049334
  0.779014  0.048300
  0.791974  0.047165
  0.804642  0.045940
  0.817006  0.044635
  0.829054  0.043259
  0.840775  0.041823
  0.852155  0.040336
  0.863185  0.038808
  0.873852  0.037247
  0.884147  0.035660
  0.894059  0.034134
  0.903579  0.032616
  0.912695  0.031113
  0.921401  0.029633
  0.929686  0.028184
  0.937544  0.026771
  0.944964  0.025400
  0.951942  0.024075
  0.958469  0.022800
  0.964539  0.021578
  0.970146  0.020410
  0.975284  0.019297
  0.979948  0.018240
  0.984134  0.017240
  0.987838  0.016294
  0.991055  0.015402
  0.993782  0.014562
  0.996018  0.013772
  0.997759  0.013031
  0.999003  0.012334
  0.999751  0.011680
  1.000000  0.011066
