  1.000000  0.016143
  0.999751  0.017216
  0.999003  0.018366
  0.997759  0.019598
  0.996018  0.020919
  0.993782  0.022334
  0.991055  0.023849
  0.987838  0.025470
  0.984134  0.027200
  0.979948  0.029045
  0.975284  0.031007
  0.970146  0.033088
  0.964539  0.035292
  0.958469  0.037617
  0.951942  0.040064
  0.944964  0.042631
  0.937544  0.045314
  0.929686  0.048109
  0.921401  0.051010
  0.912695  0.054011
  0.903579  0.057105
  0.894059  0.060282
  0.884147  0.063534
  0.873852  0.066964
  0.863185  0.070426
  0.852155  0.073911
  0.840775  0.077411
  0.829054  0.080917
  0.817006  0.084418
  0.804642  0.087903
  0.791974  0.091362
  0.779014  0.094783
  0.765777  0.098154
  0.752275  0.101463
  0.738522  0.104700
  0.724530  0.107853
  0.710315  0.110911
  0.695890  0.113864
  0.681270  0.116703
  0.666469  0.119419
  0.651503  0.122004
  0.636385  0.124449
  0.621131  0.126749
  0.605757  0.128896
  0.590277  0.130885
  0.574707  0.132709
  0.559063  0.134365
  0.543359  0.135846
  0.527613  0.137150
  0.511839  0.138271
  0.496053  0.139207
  0.480272  0.139953
  0.464509  0.140507
  0.448783  0.140866
  0.433107  0.141027
  0.417498  0.140989
  0.401971  0.140751
  0.386542  0.140311
  0.371226  0.139671
  0.356038  0.138830
  0.340994  0.137789
  0.326109  0.136551
  0.311396  0.135117
  0.296872  0.133490
  0.282550  0.131676
  0.268445  0.129677
  0.254571  0.127499
  0.240941  0.125148
  0.227570  0.122630
  0.214470  0.119950
  0.201655  0.117117
  0.189138  0.114137
  0.176930  0.111017
  0.165044  0.107765
  0.153492  0.104388
  0.142285  0.100894
  0.131435  0.097292
  0.120953  0.093588
  0.110848  0.089794
  0.101131  0.085918
  0.091812  0.081969
  0.082900  0.077959
  0.074403  0.073898
  0.066331  0.069798
  0.058691  0.065672
  0.051491  0.061536
  0.044738  0.057402
  0.038439  0.053288
  0.032600  0.049210
  0.027226  0.045183
  0.022325  0.041226
  0.017899  0.037354
  0.013954  0.033583
  0.010493  0.029931
  0.007520  0.026411
  0.005038  0.023037
  0.003050  0.019822
  0.001557  0.016776
  0.000561  0.013910
  0.000062  0.011229
  0.000062  0.008741
  0.000561  0.006450
  0.001557  0.004357
  0.003050  0.002466
  0.005038  0.000776
  0.007520  -0.000714
  0.010493  -0.002004
  0.013954  -0.003098
  0.017899  -0.003999
  0.022325  -0.004711
  0.027226  -0.005238
  0.032600  -0.005585
  0.038439  -0.005757
  0.044738  -0.005760
  0.051491  -0.005599
  0.058691  -0.005281
  0.066331  -0.004811
  0.074403  -0.004196
  0.082900  -0.003444
  0.091812  -0.002561
  0.101131  -0.001554
  0.110848  -0.000431
  0.120953  0.000800
  0.131435  0.002133
  0.142285  0.003558
  0.153492  0.005068
  0.165044  0.006656
  0.176930  0.008314
  0.189138  0.010034
  0.201655  0.011808
  0.214470  0.013629
  0.227570  0.015489
  0.240941  0.017382
  0.254571  0.019299
  0.268445  0.021236
  0.282550  0.023184
  0.296872  0.025138
  0.311396  0.027092
  0.326109  0.029040
  0.340994  0.030975
  0.356038  0.032891
  0.371226  0.034782
  0.386542  0.036641
  0.401971  0.038462
  0.417498  0.040237
  0.433107  0.041959
  0.448783  0.043620
  0.464509  0.045211
  0.480272  0.046725
  0.496053  0.048153
  0.511839  0.049487
  0.527613  0.050717
  0.543359  0.051836
  0.559063  0.052837
  0.574707  0.053711
  0.590277  0.054453
  0.605757  0.055057
  0.621131  0.055520
  0.636385  0.055838
  0.651503  0.056009
  0.666469  0.056033
  0.681270  0.055911
  0.695890  0.055645
  0.710315  0.055238
  0.724530  0.054695
  0.738522  0.054021
  0.752275  0.053223
  0.765777  0.052308
  0.779014  0.051284
  0.791974  0.050161
  0.804642  0.048946
  0.817006  0.047650
  0.829054  0.046280
  0.840775  0.044847
  0.852155  0.043358
  0.863185  0.041822
  0.873852  0.040247
  0.884147  0.038638
  0.894059  0.037087
  0.903579  0.035537
  0.912695  0.033996
  0.921401  0.032471
  0.929686  0.030971
  0.937544  0.029500
  0.944964  0.028067
  0.951942  0.026674
  0.958469  0.025327
  0.964539  0.024030
  0.970146  0.022784
  0.975284  0.021592
  0.979948  0.020455
  0.984134  0.019374
  0.987838  0.018348
  0.991055  0.017377
  0.993782  0.016459
  0.996018  0.015593
  0.997759  0.014777
  0.999003  0.014009
  0.999751  0.013285
  1.000000  0.012604
