  1.000000  0.016470
  0.999751  0.017561
  0.999003  0.018730
  0.997759  0.019984
  0.996018  0.021327
  0.993782  0.022766
  0.991055  0.024308
  0.987838  0.025955
  0.984134  0.027715
  0.979948  0.029590
  0.975284  0.031585
  0.970146  0.033702
  0.964539  0.035942
  0.958469  0.038306
  0.951942  0.040793
  0.944964  0.043402
  0.937544  0.046128
  0.929686  0.048969
  0.921401  0.051917
  0.912695  0.054965
  0.903579  0.058106
  0.894059  0.061332
  0.884147  0.064631
  0.873852  0.068110
  0.863185  0.071619
  0.852155  0.075148
  0.840775  0.078689
  0.829054  0.082232
  0.817006  0.085765
  0.804642  0.089278
  0.791974  0.092757
  0.779014  0.096192
  0.765777  0.099569
  0.752275  0.102877
  0.738522  0.106103
  0.724530  0.109236
  0.710315  0.112264
  0.695890  0.115179
  0.681270  0.117970
  0.666469  0.120629
  0.651503  0.123147
  0.636385  0.125518
  0.621131  0.127736
  0.605757  0.129796
  0.590277  0.131692
  0.574707  0.133420
  0.559063  0.134977
  0.543359  0.136360
  0.527613  0.137565
  0.511839  0.138591
  0.496053  0.139435
  0.480272  0.140097
  0.464509  0.140574
  0.448783  0.140865
  0.433107  0.140969
  0.417498  0.140887
  0.401971  0.140616
  0.386542  0.140159
  0.371226  0.139516
  0.356038  0.138686
  0.340994  0.137673
  0.326109  0.136476
  0.311396  0.135097
  0.296872  0.133540
  0.282550  0.131807
  0.268445  0.129901
  0.254571  0.127825
  0.240941  0.125584
  0.227570  0.123181
  0.214470  0.120622
  0.201655  0.117911
  0.189138  0.115053
  0.176930  0.112052
  0.165044  0.108915
  0.153492  0.105647
  0.142285  0.102254
  0.131435  0.098742
  0.120953  0.095118
  0.110848  0.091390
  0.101131  0.087567
  0.091812  0.083657
  0.082900  0.079670
  0.074403  0.075618
  0.066331  0.071512
  0.058691  0.067366
  0.051491  0.063194
  0.044738  0.059013
  0.038439  0.054840
  0.032600  0.050691
  0.027226  0.046586
  0.022325  0.042541
  0.017899  0.038576
  0.013954  0.034709
  0.010493  0.030956
  0.007520  0.027335
  0.005038  0.023859
  0.003050  0.020543
  0.001557  0.017399
  0.000561  0.014436
  0.000062  0.011664
  0.000062  0.009088
  0.000561  0.006714
  0.001557  0.004543
  0.003050  0.002578
  0.005038  0.000819
  0.007520  -0.000735
  0.010493  -0.002085
  0.013954  -0.003234
  0.017899  -0.004187
  0.022325  -0.004947
  0.027226  -0.005519
  0.032600  -0.005909
  0.038439  -0.006121
  0.044738  -0.006163
  0.051491  -0.006039
  0.058691  -0.005756
  0.066331  -0.005321
  0.074403  -0.004740
  0.082900  -0.004020
  0.091812  -0.003170
  0.101131  -0.002195
  0.110848  -0.001104
  0.120953  0.000096
  0.131435  0.001397
  0.142285  0.002791
  0.153492  0.004272
  0.165044  0.005830
  0.176930  0.007460
  0.189138  0.009153
  0.201655  0.010903
  0.214470  0.012701
  0.227570  0.014541
  0.240941  0.016416
  0.254571  0.018320
  0.268445  0.020246
  0.282550  0.022190
  0.296872  0.024144
  0.311396  0.026104
  0.326109  0.028064
  0.340994  0.030018
  0.356038  0.031961
  0.371226  0.033887
  0.386542  0.035790
  0.401971  0.037664
  0.417498  0.039502
  0.433107  0.041298
  0.448783  0.043044
  0.464509  0.044733
  0.480272  0.046357
  0.496053  0.047907
  0.511839  0.049377
  0.527613  0.050756
  0.543359  0.052038
  0.559063  0.053214
  0.574707  0.054277
  0.590277  0.055220
  0.605757  0.056037
  0.621131  0.056723
  0.636385  0.057273
  0.651503  0.057684
  0.666469  0.057954
  0.681270  0.058082
  0.695890  0.058068
  0.710315  0.057913
  0.724530  0.057621
  0.738522  0.057193
  0.752275  0.056635
  0.765777  0.055952
  0.779014  0.055149
  0.791974  0.054234
  0.804642  0.053213
  0.817006  0.052094
  0.829054  0.050884
  0.840775  0.049591
  0.852155  0.048221
  0.863185  0.046781
  0.873852  0.045277
  0.884147  0.043716
  0.894059  0.042201
  0.903579  0.040664
  0.912695  0.039116
  0.921401  0.037565
  0.929686  0.036020
  0.937544  0.034487
  0.944964  0.032976
  0.951942  0.031492
  0.958469  0.030042
  0.964539  0.028630
  0.970146  0.027263
  0.975284  0.025943
  0.979948  0.024673
  0.984134  0.023455
  0.987838  0.022291
  0.991055  0.021182
  0.993782  0.020126
  0.996018  0.019123
  0.997759  0.018173
  0.999003  0.017273
  0.999751  0.016421
  1.000000  0.015614
