  1.000000  0.014473
  0.999751  0.015502
  0.999003  0.016611
  0.997759  0.017804
  0.996018  0.019090
  0.993782  0.020474
  0.991055  0.021964
  0.987838  0.023565
  0.984134  0.025283
  0.979948  0.027123
  0.975284  0.029091
  0.970146  0.031191
  0.964539  0.033424
  0.958469  0.035794
  0.951942  0.038301
  0.944964  0.040944
  0.937544  0.043721
  0.929686  0.046628
  0.921401  0.049661
  0.912695  0.052812
  0.903579  0.056073
  0.894059  0.059436
  0.884147  0.062891
  0.873852  0.066538
  0.863185  0.070231
  0.852155  0.073958
  0.840775  0.077709
  0.829054  0.081469
  0.817006  0.085225
  0.804642  0.088961
  0.791974  0.092664
  0.779014  0.096316
  0.765777  0.099904
  0.752275  0.103410
  0.738522  0.106822
  0.724530  0.110124
  0.710315  0.113304
  0.695890  0.116349
  0.681270  0.119251
  0.666469  0.121998
  0.651503  0.124584
  0.636385  0.127001
  0.621131  0.129245
  0.605757  0.131311
  0.590277  0.133196
  0.574707  0.134899
  0.559063  0.136416
  0.543359  0.137749
  0.527613  0.138897
  0.511839  0.139860
  0.496053  0.140640
  0.480272  0.141239
  0.464509  0.141656
  0.448783  0.141894
  0.433107  0.141955
  0.417498  0.141839
  0.401971  0.141550
  0.386542  0.141088
  0.371226  0.140457
  0.356038  0.139657
  0.340994  0.138690
  0.326109  0.137557
  0.311396  0.136260
  0.296872  0.134801
  0.282550  0.133180
  0.268445  0.131400
  0.254571  0.129462
  0.240941  0.127368
  0.227570  0.125118
  0.214470  0.122716
  0.201655  0.120162
  0.189138  0.117458
  0.176930  0.114606
  0.165044  0.111609
  0.153492  0.108470
  0.142285  0.105190
  0.131435  0.101775
  0.120953  0.098229
  0.110848  0.094559
  0.101131  0.090772
  0.091812  0.086875
  0.082900  0.082878
  0.074403  0.078792
  0.066331  0.074631
  0.058691  0.070409
  0.051491  0.066144
  0.044738  0.061852
  0.038439  0.057553
  0.032600  0.053269
  0.027226  0.049020
  0.022325  0.044828
  0.017899  0.040715
  0.013954  0.036702
  0.010493  0.032810
  0.007520  0.029057
  0.005038  0.025462
  0.003050  0.022040
  0.001557  0.018804
  0.000561  0.015766
  0.000062  0.012936
  0.000062  0.010319
  0.000561  0.007920
  0.001557  0.005741
  0.003050  0.003782
  0.005038  0.002042
  0.007520  0.000519
  0.010493  -0.000790
  0.013954  -0.001892
  0.017899  -0.002791
  0.022325  -0.003496
  0.027226  -0.004012
  0.032600  -0.004347
  0.038439  -0.004509
  0.044738  -0.004506
  0.051491  -0.004345
  0.058691  -0.004035
  0.066331  -0.003582
  0.074403  -0.002996
  0.082900  -0.002283
  0.091812  -0.001452
  0.101131  -0.000509
  0.110848  0.000536
  0.120953  0.001678
  0.131435  0.002909
  0.142285  0.004222
  0.153492  0.005610
  0.165044  0.007069
  0.176930  0.008591
  0.189138  0.010171
  0.201655  0.011803
  0.214470  0.013481
  0.227570  0.015201
  0.240941  0.016957
  0.254571  0.018744
  0.268445  0.020557
  0.282550  0.022392
  0.296872  0.024244
  0.311396  0.026109
  0.326109  0.027981
  0.340994  0.029855
  0.356038  0.031725
  0.371226  0.033584
  0.386542  0.035426
  0.401971  0.037244
  0.417498  0.039028
  0.433107  0.040771
  0.448783  0.042464
  0.464509  0.044095
  0.480272  0.045655
  0.496053  0.047133
  0.511839  0.048517
  0.527613  0.049798
  0.543359  0.050964
  0.559063  0.052005
  0.574707  0.052911
  0.590277  0.053674
  0.605757  0.054286
  0.621131  0.054742
  0.636385  0.055036
  0.651503  0.055166
  0.666469  0.055131
  0.681270  0.054930
  0.695890  0.054567
  0.710315  0.054044
  0.724530  0.053368
  0.738522  0.052546
  0.752275  0.051585
  0.765777  0.050497
  0.779014  0.049291
  0.791974  0.047980
  0.804642  0.046576
  0.817006  0.045090
  0.829054  0.043536
  0.840775  0.041926
  0.852155  0.040271
  0.863185  0.038583
  0.873852  0.036871
  0.884147  0.035145
  0.894059  0.033491
  0.903579  0.031856
  0.912695  0.030250
  0.921401  0.028679
  0.929686  0.027152
  0.937544  0.025673
  0.944964  0.024249
  0.951942  0.022881
  0.958469  0.021575
  0.964539  0.020330
  0.970146  0.019148
  0.975284  0.018030
  0.979948  0.016975
  0.984134  0.015981
  0.987838  0.015047
  0.991055  0.014172
  0.993782  0.013352
  0.996018  0.012584
  0.997759  0.011867
  0.999003  0.011197
  0.999751  0.010571
  1.000000  0.009986
