  1.000000  0.014202
  0.999751  0.015222
  0.999003  0.016320
  0.997759  0.017504
  0.996018  0.018781
  0.993782  0.020156
  0.991055  0.021637
  0.987838  0.023229
  0.984134  0.024940
  0.979948  0.026774
  0.975284  0.028737
  0.970146  0.030832
  0.964539  0.033063
  0.958469  0.035432
  0.951942  0.037939
  0.944964  0.040585
  0.937544  0.043368
  0.929686  0.046282
  0.921401  0.049324
  0.912695  0.052486
  0.903579  0.055761
  0.894059  0.059139
  0.884147  0.062609
  0.873852  0.066272
  0.863185  0.069981
  0.852155  0.073724
  0.840775  0.077488
  0.829054  0.081260
  0.817006  0.085024
  0.804642  0.088764
  0.791974  0.092465
  0.779014  0.096110
  0.765777  0.099682
  0.752275  0.103166
  0.738522  0.106546
  0.724530  0.109807
  0.710315  0.112936
  0.695890  0.115922
  0.681270  0.118754
  0.666469  0.121422
  0.651503  0.123919
  0.636385  0.126240
  0.621131  0.128380
  0.605757  0.130336
  0.590277  0.132107
  0.574707  0.133690
  0.559063  0.135087
  0.543359  0.136299
  0.527613  0.137327
  0.511839  0.138173
  0.496053  0.138841
  0.480272  0.139333
  0.464509  0.139653
  0.448783  0.139803
  0.433107  0.139787
  0.417498  0.139608
  0.401971  0.139268
  0.386542  0.138770
  0.371226  0.138117
  0.356038  0.137312
  0.340994  0.136356
  0.326109  0.135251
  0.311396  0.133997
  0.296872  0.132596
  0.282550  0.131049
  0.268445  0.129356
  0.254571  0.127517
  0.240941  0.125533
  0.227570  0.123404
  0.214470  0.121130
  0.201655  0.118712
  0.189138  0.116148
  0.176930  0.113439
  0.165044  0.110586
  0.153492  0.107590
  0.142285  0.104452
  0.131435  0.101174
  0.120953  0.097759
  0.110848  0.094214
  0.101131  0.090543
  0.091812  0.086753
  0.082900  0.082853
  0.074403  0.078855
  0.066331  0.074769
  0.058691  0.070611
  0.051491  0.066397
  0.044738  0.062146
  0.038439  0.057877
  0.032600  0.053612
  0.027226  0.049371
  0.022325  0.045177
  0.017899  0.041054
  0.013954  0.037022
  0.010493  0.033102
  0.007520  0.029316
  0.005038  0.025681
  0.003050  0.022213
  0.001557  0.018927
  0.000561  0.015835
  0.000062  0.012947
  0.000062  0.010268
  0.000561  0.007806
  0.001557  0.005561
  0.003050  0.003534
  0.005038  0.001726
  0.007520  0.000133
  0.010493  -0.001247
  0.013954  -0.002420
  0.017899  -0.003391
  0.022325  -0.004166
  0.027226  -0.004752
  0.032600  -0.005158
  0.038439  -0.005389
  0.044738  -0.005454
  0.051491  -0.005360
  0.058691  -0.005114
  0.066331  -0.004725
  0.074403  -0.004200
  0.082900  -0.003547
  0.091812  -0.002774
  0.101131  -0.001887
  0.110848  -0.000895
  0.120953  0.000194
  0.131435  0.001374
  0.142285  0.002638
  0.153492  0.003979
  0.165044  0.005391
  0.176930  0.006867
  0.189138  0.008403
  0.201655  0.009990
  0.214470  0.011625
  0.227570  0.013301
  0.240941  0.015013
  0.254571  0.016756
  0.268445  0.018525
  0.282550  0.020316
  0.296872  0.022124
  0.311396  0.023944
  0.326109  0.025772
  0.340994  0.027601
  0.356038  0.029428
  0.371226  0.031245
  0.386542  0.033048
  0.401971  0.034829
  0.417498  0.036581
  0.433107  0.038297
  0.448783  0.039968
  0.464509  0.041586
  0.480272  0.043141
  0.496053  0.044626
  0.511839  0.046029
  0.527613  0.047341
  0.543359  0.048553
  0.559063  0.049657
  0.574707  0.050643
  0.590277  0.051505
  0.605757  0.052234
  0.621131  0.052827
  0.636385  0.053278
  0.651503  0.053584
  0.666469  0.053743
  0.681270  0.053756
  0.695890  0.053623
  0.710315  0.053346
  0.724530  0.052930
  0.738522  0.052378
  0.752275  0.051697
  0.765777  0.050894
  0.779014  0.049976
  0.791974  0.048952
  0.804642  0.047832
  0.817006  0.046623
  0.829054  0.045336
  0.840775  0.043979
  0.852155  0.042562
  0.863185  0.041092
  0.873852  0.039577
  0.884147  0.038025
  0.894059  0.036526
  0.903579  0.035024
  0.912695  0.033526
  0.921401  0.032042
  0.929686  0.030579
  0.937544  0.029143
  0.944964  0.027740
  0.951942  0.026377
  0.958469  0.025057
  0.964539  0.023784
  0.970146  0.022562
  0.975284  0.021391
  0.979948  0.020273
  0.984134  0.019210
  0.987838  0.018200
  0.991055  0.017244
  0.993782  0.016339
  0.996018  0.015486
  0.997759  0.014681
  0.999003  0.013923
  0.999751  0.013208
  1.000000  0.012536
