  1.000000  0.013369
  0.999751  0.014371
  0.999003  0.015454
  0.997759  0.016624
  0.996018  0.017889
  0.993782  0.019255
  0.991055  0.020731
  0.987838  0.022323
  0.984134  0.024037
  0.979948  0.025881
  0.975284  0.027859
  0.970146  0.029978
  0.964539  0.032240
  0.958469  0.034649
  0.951942  0.037207
  0.944964  0.039914
  0.937544  0.042769
  0.929686  0.045770
  0.921401  0.048910
  0.912695  0.052185
  0.903579  0.055587
  0.894059  0.059107
  0.884147  0.062735
  0.873852  0.066572
  0.863185  0.070471
  0.852155  0.074422
  0.840775  0.078409
  0.829054  0.082420
  0.817006  0.086439
  0.804642  0.090449
  0.791974  0.094434
  0.779014  0.098378
  0.765777  0.102262
  0.752275  0.106071
  0.738522  0.109788
  0.724530  0.113398
  0.710315  0.116887
  0.695890  0.120243
  0.681270  0.123454
  0.666469  0.126510
  0.651503  0.129403
  0.636385  0.132125
  0.621131  0.134672
  0.605757  0.137039
  0.590277  0.139223
  0.574707  0.141221
  0.559063  0.143032
  0.543359  0.144655
  0.527613  0.146091
  0.511839  0.147339
  0.496053  0.148401
  0.480272  0.149278
  0.464509  0.149970
  0.448783  0.150479
  0.433107  0.150806
  0.417498  0.150951
  0.401971  0.150917
  0.386542  0.150703
  0.371226  0.150312
  0.356038  0.149745
  0.340994  0.149001
  0.326109  0.148081
  0.311396  0.146986
  0.296872  0.145717
  0.282550  0.144274
  0.268445  0.142657
  0.254571  0.140867
  0.240941  0.138904
  0.227570  0.136770
  0.214470  0.134464
  0.201655  0.131987
  0.189138  0.129341
  0.176930  0.126526
  0.165044  0.123543
  0.153492  0.120393
  0.142285  0.117079
  0.131435  0.113603
  0.120953  0.109968
  0.110848  0.106179
  0.101131  0.102240
  0.091812  0.098158
  0.082900  0.093940
  0.074403  0.089595
  0.066331  0.085133
  0.058691  0.080568
  0.051491  0.075912
  0.044738  0.071181
  0.038439  0.066394
  0.032600  0.061566
  0.027226  0.056719
  0.022325  0.051872
  0.017899  0.047045
  0.013954  0.042258
  0.010493  0.037533
  0.007520  0.032887
  0.005038  0.028341
  0.003050  0.023912
  0.001557  0.019617
  0.000561  0.015470
  0.000062  0.011487
  0.000062  0.007680
  0.000561  0.004061
  0.001557  0.000639
  0.003050  -0.002575
  0.005038  -0.005573
  0.007520  -0.008346
  0.010493  -0.010888
  0.013954  -0.013192
  0.017899  -0.015251
  0.022325  -0.017061
  0.027226  -0.018616
  0.032600  -0.019914
  0.038439  -0.020949
  0.044738  -0.021721
  0.051491  -0.022228
  0.058691  -0.022469
  0.066331  -0.022447
  0.074403  -0.022165
  0.082900  -0.021629
  0.091812  -0.020844
  0.101131  -0.019820
  0.110848  -0.018566
  0.120953  -0.017097
  0.131435  -0.015426
  0.142285  -0.013569
  0.153492  -0.011542
  0.165044  -0.009366
  0.176930  -0.007059
  0.189138  -0.004643
  0.201655  -0.002138
  0.214470  0.000433
  0.227570  0.003050
  0.240941  0.005692
  0.254571  0.008340
  0.268445  0.010975
  0.282550  0.013580
  0.296872  0.016139
  0.311396  0.018638
  0.326109  0.021065
  0.340994  0.023409
  0.356038  0.025662
  0.371226  0.027817
  0.386542  0.029866
  0.401971  0.031805
  0.417498  0.033631
  0.433107  0.035341
  0.448783  0.036931
  0.464509  0.038402
  0.480272  0.039750
  0.496053  0.040977
  0.511839  0.042080
  0.527613  0.043060
  0.543359  0.043918
  0.559063  0.044652
  0.574707  0.045263
  0.590277  0.045753
  0.605757  0.046122
  0.621131  0.046373
  0.636385  0.046508
  0.651503  0.046529
  0.666469  0.046441
  0.681270  0.046245
  0.695890  0.045948
  0.710315  0.045553
  0.724530  0.045066
  0.738522  0.044490
  0.752275  0.043831
  0.765777  0.043094
  0.779014  0.042285
  0.791974  0.041409
  0.804642  0.040472
  0.817006  0.039478
  0.829054  0.038432
  0.840775  0.037341
  0.852155  0.036207
  0.863185  0.035035
  0.873852  0.033829
  0.884147  0.032592
  0.894059  0.031399
  0.903579  0.030200
  0.912695  0.029001
  0.921401  0.027806
  0.929686  0.026623
  0.937544  0.025455
  0.944964  0.024308
  0.951942  0.023185
  0.958469  0.022091
  0.964539  0.021030
  0.970146  0.020003
  0.975284  0.019014
  0.979948  0.018065
  0.984134  0.017156
  0.987838  0.016289
  0.991055  0.015463
  0.993782  0.014678
  0.996018  0.013934
  0.997759  0.013230
  0.999003  0.012564
  0.999751  0.011934
  1.000000  0.011338
