  1.000000  0.013742
  0.999751  0.014770
  0.999003  0.015880
  0.997759  0.017079
  0.996018  0.018375
  0.993782  0.019775
  0.991055  0.021286
  0.987838  0.022916
  0.984134  0.024671
  0.979948  0.026557
  0.975284  0.028581
  0.970146  0.030747
  0.964539  0.033059
  0.958469  0.035521
  0.951942  0.038134
  0.944964  0.040899
  0.937544  0.043814
  0.929686  0.046876
  0.921401  0.050080
  0.912695  0.053422
  0.903579  0.056892
  0.894059  0.060482
  0.884147  0.064181
  0.873852  0.068094
  0.863185  0.072071
  0.852155  0.076100
  0.840775  0.080168
  0.829054  0.084260
  0.817006  0.088362
  0.804642  0.092456
  0.791974  0.096527
  0.779014  0.100557
  0.765777  0.104529
  0.752275  0.108427
  0.738522  0.112233
  0.724530  0.115932
  0.710315  0.119510
  0.695890  0.122953
  0.681270  0.126249
  0.666469  0.129387
  0.651503  0.132359
  0.636385  0.135155
  0.621131  0.137770
  0.605757  0.140198
  0.590277  0.142435
  0.574707  0.144476
  0.559063  0.146319
  0.543359  0.147962
  0.527613  0.149404
  0.511839  0.150644
  0.496053  0.151682
  0.480272  0.152517
  0.464509  0.153150
  0.448783  0.153581
  0.433107  0.153811
  0.417498  0.153839
  0.401971  0.153668
  0.386542  0.153297
  0.371226  0.152729
  0.356038  0.151965
  0.340994  0.151007
  0.326109  0.149856
  0.311396  0.148514
  0.296872  0.146983
  0.282550  0.145268
  0.268445  0.143369
  0.254571  0.141290
  0.240941  0.139034
  0.227570  0.136605
  0.214470  0.134007
  0.201655  0.131243
  0.189138  0.128317
  0.176930  0.125235
  0.165044  0.121999
  0.153492  0.118614
  0.142285  0.115084
  0.131435  0.111416
  0.120953  0.107614
  0.110848  0.103684
  0.101131  0.099632
  0.091812  0.095465
  0.082900  0.091191
  0.074403  0.086818
  0.066331  0.082355
  0.058691  0.077813
  0.051491  0.073204
  0.044738  0.068540
  0.038439  0.063835
  0.032600  0.059103
  0.027226  0.054360
  0.022325  0.049621
  0.017899  0.044902
  0.013954  0.040220
  0.010493  0.035589
  0.007520  0.031027
  0.005038  0.026548
  0.003050  0.022167
  0.001557  0.017899
  0.000561  0.013757
  0.000062  0.009754
  0.000062  0.005903
  0.000561  0.002216
  0.001557  -0.001295
  0.003050  -0.004620
  0.005038  -0.007748
  0.007520  -0.010667
  0.010493  -0.013366
  0.013954  -0.015837
  0.017899  -0.018068
  0.022325  -0.020050
  0.027226  -0.021774
  0.032600  -0.023232
  0.038439  -0.024416
  0.044738  -0.025319
  0.051491  -0.025936
  0.058691  -0.026262
  0.066331  -0.026297
  0.074403  -0.026040
  0.082900  -0.025495
  0.091812  -0.024665
  0.101131  -0.023556
  0.110848  -0.022179
  0.120953  -0.020546
  0.131435  -0.018669
  0.142285  -0.016566
  0.153492  -0.014254
  0.165044  -0.011754
  0.176930  -0.009087
  0.189138  -0.006276
  0.201655  -0.003346
  0.214470  -0.000320
  0.227570  0.002777
  0.240941  0.005921
  0.254571  0.009089
  0.268445  0.012259
  0.282550  0.015410
  0.296872  0.018523
  0.311396  0.021580
  0.326109  0.024565
  0.340994  0.027464
  0.356038  0.030263
  0.371226  0.032953
  0.386542  0.035524
  0.401971  0.037966
  0.417498  0.040273
  0.433107  0.042438
  0.448783  0.044455
  0.464509  0.046319
  0.480272  0.048025
  0.496053  0.049569
  0.511839  0.050948
  0.527613  0.052159
  0.543359  0.053198
  0.559063  0.054064
  0.574707  0.054756
  0.590277  0.055273
  0.605757  0.055616
  0.621131  0.055786
  0.636385  0.055787
  0.651503  0.055622
  0.666469  0.055297
  0.681270  0.054817
  0.695890  0.054190
  0.710315  0.053424
  0.724530  0.052528
  0.738522  0.051510
  0.752275  0.050382
  0.765777  0.049153
  0.779014  0.047834
  0.791974  0.046437
  0.804642  0.044972
  0.817006  0.043450
  0.829054  0.041883
  0.840775  0.040278
  0.852155  0.038646
  0.863185  0.036996
  0.873852  0.035335
  0.884147  0.033669
  0.894059  0.032080
  0.903579  0.030514
  0.912695  0.028979
  0.921401  0.027481
  0.929686  0.026026
  0.937544  0.024619
  0.944964  0.023262
  0.951942  0.021960
  0.958469  0.020714
  0.964539  0.019527
  0.970146  0.018398
  0.975284  0.017328
  0.979948  0.016317
  0.984134  0.015363
  0.987838  0.014466
  0.991055  0.013624
  0.993782  0.012834
  0.996018  0.012094
  0.997759  0.011402
  0.999003  0.010754
  0.999751  0.010149
  1.000000  0.009582
