  1.000000  0.011612
  0.999751  0.012533
  0.999003  0.013533
  0.997759  0.014618
  0.996018  0.015796
  0.993782  0.017076
  0.991055  0.018464
  0.987838  0.019970
  0.984134  0.021600
  0.979948  0.023362
  0.975284  0.025264
  0.970146  0.027311
  0.964539  0.029509
  0.958469  0.031863
  0.951942  0.034377
  0.944964  0.037052
  0.937544  0.039889
  0.929686  0.042887
  0.921401  0.046042
  0.912695  0.049349
  0.903579  0.052802
  0.894059  0.056393
  0.884147  0.060111
  0.873852  0.064053
  0.863185  0.068078
  0.852155  0.072174
  0.840775  0.076325
  0.829054  0.080515
  0.817006  0.084726
  0.804642  0.088940
  0.791974  0.093137
  0.779014  0.097299
  0.765777  0.101405
  0.752275  0.105437
  0.738522  0.109375
  0.724530  0.113203
  0.710315  0.116904
  0.695890  0.120464
  0.681270  0.123869
  0.666469  0.127108
  0.651503  0.130172
  0.636385  0.133052
  0.621131  0.135743
  0.605757  0.138240
  0.590277  0.140539
  0.574707  0.142637
  0.559063  0.144534
  0.543359  0.146229
  0.527613  0.147722
  0.511839  0.149015
  0.496053  0.150107
  0.480272  0.151002
  0.464509  0.151700
  0.448783  0.152203
  0.433107  0.152514
  0.417498  0.152633
  0.401971  0.152562
  0.386542  0.152304
  0.371226  0.151860
  0.356038  0.151232
  0.340994  0.150420
  0.326109  0.149427
  0.311396  0.148254
  0.296872  0.146902
  0.282550  0.145372
  0.268445  0.143666
  0.254571  0.141783
  0.240941  0.139727
  0.227570  0.137498
  0.214470  0.135097
  0.201655  0.132527
  0.189138  0.129787
  0.176930  0.126881
  0.165044  0.123809
  0.153492  0.120573
  0.142285  0.117177
  0.131435  0.113623
  0.120953  0.109916
  0.110848  0.106059
  0.101131  0.102059
  0.091812  0.097921
  0.082900  0.093655
  0.074403  0.089268
  0.066331  0.084772
  0.058691  0.080179
  0.051491  0.075504
  0.044738  0.070762
  0.038439  0.065970
  0.032600  0.061146
  0.027226  0.056309
  0.022325  0.051479
  0.017899  0.046677
  0.013954  0.041921
  0.010493  0.037233
  0.007520  0.032631
  0.005038  0.028134
  0.003050  0.023758
  0.001557  0.019521
  0.000561  0.015437
  0.000062  0.011519
  0.000062  0.007779
  0.000561  0.004229
  0.001557  0.000878
  0.003050  -0.002266
  0.005038  -0.005194
  0.007520  -0.007901
  0.010493  -0.010378
  0.013954  -0.012620
  0.017899  -0.014624
  0.022325  -0.016384
  0.027226  -0.017897
  0.032600  -0.019160
  0.038439  -0.020170
  0.044738  -0.020927
  0.051491  -0.021430
  0.058691  -0.021680
  0.066331  -0.021678
  0.074403  -0.021429
  0.082900  -0.020938
  0.091812  -0.020212
  0.101131  -0.019259
  0.110848  -0.018088
  0.120953  -0.016711
  0.131435  -0.015141
  0.142285  -0.013392
  0.153492  -0.011480
  0.165044  -0.009419
  0.176930  -0.007229
  0.189138  -0.004926
  0.201655  -0.002529
  0.214470  -0.000056
  0.227570  0.002474
  0.240941  0.005044
  0.254571  0.007636
  0.268445  0.010234
  0.282550  0.012824
  0.296872  0.015390
  0.311396  0.017919
  0.326109  0.020400
  0.340994  0.022822
  0.356038  0.025175
  0.371226  0.027450
  0.386542  0.029639
  0.401971  0.031735
  0.417498  0.033731
  0.433107  0.035621
  0.448783  0.037399
  0.464509  0.039061
  0.480272  0.040600
  0.496053  0.042011
  0.511839  0.043292
  0.527613  0.044436
  0.543359  0.045441
  0.559063  0.046303
  0.574707  0.047021
  0.590277  0.047592
  0.605757  0.048016
  0.621131  0.048293
  0.636385  0.048426
  0.651503  0.048415
  0.666469  0.048266
  0.681270  0.047982
  0.695890  0.047569
  0.710315  0.047034
  0.724530  0.046383
  0.738522  0.045624
  0.752275  0.044765
  0.765777  0.043813
  0.779014  0.042779
  0.791974  0.041670
  0.804642  0.040497
  0.817006  0.039267
  0.829054  0.037988
  0.840775  0.036670
  0.852155  0.035319
  0.863185  0.033942
  0.873852  0.032545
  0.884147  0.031134
  0.894059  0.029782
  0.903579  0.028442
  0.912695  0.027120
  0.921401  0.025821
  0.929686  0.024552
  0.937544  0.023317
  0.944964  0.022119
  0.951942  0.020962
  0.958469  0.019849
  0.964539  0.018782
  0.970146  0.017762
  0.975284  0.016790
  0.979948  0.015867
  0.984134  0.014992
  0.987838  0.014165
  0.991055  0.013384
  0.993782  0.012649
  0.996018  0.011958
  0.997759  0.011308
  0.999003  0.010698
  0.999751  0.010125
  1.000000  0.009588
