  1.000000  0.011923
  0.999751  0.012868
  0.999003  0.013894
  0.997759  0.015009
  0.996018  0.016220
  0.993782  0.017536
  0.991055  0.018965
  0.987838  0.020515
  0.984134  0.022194
  0.979948  0.024010
  0.975284  0.025970
  0.970146  0.028082
  0.964539  0.030351
  0.958469  0.032783
  0.951942  0.035380
  0.944964  0.038146
  0.937544  0.041080
  0.929686  0.044181
  0.921401  0.047445
  0.912695  0.050866
  0.903579  0.054437
  0.894059  0.058148
  0.884147  0.061988
  0.873852  0.066056
  0.863185  0.070204
  0.852155  0.074417
  0.840775  0.078678
  0.829054  0.082968
  0.817006  0.087267
  0.804642  0.091554
  0.791974  0.095806
  0.779014  0.100003
  0.765777  0.104122
  0.752275  0.108141
  0.738522  0.112041
  0.724530  0.115803
  0.710315  0.119410
  0.695890  0.122847
  0.681270  0.126101
  0.666469  0.129162
  0.651503  0.132021
  0.636385  0.134674
  0.621131  0.137116
  0.605757  0.139345
  0.590277  0.141363
  0.574707  0.143169
  0.559063  0.144767
  0.543359  0.146161
  0.527613  0.147355
  0.511839  0.148355
  0.496053  0.149167
  0.480272  0.149797
  0.464509  0.150251
  0.448783  0.150534
  0.433107  0.150653
  0.417498  0.150612
  0.401971  0.150415
  0.386542  0.150068
  0.371226  0.149573
  0.356038  0.148933
  0.340994  0.148151
  0.326109  0.147228
  0.311396  0.146163
  0.296872  0.144958
  0.282550  0.143611
  0.268445  0.142120
  0.254571  0.140485
  0.240941  0.138702
  0.227570  0.136769
  0.214470  0.134682
  0.201655  0.132439
  0.189138  0.130036
  0.176930  0.127469
  0.165044  0.124736
  0.153492  0.121832
  0.142285  0.118756
  0.131435  0.115505
  0.120953  0.112080
  0.110848  0.108481
  0.101131  0.104711
  0.091812  0.100772
  0.082900  0.096670
  0.074403  0.092413
  0.066331  0.088009
  0.058691  0.083470
  0.051491  0.078812
  0.044738  0.074050
  0.038439  0.069202
  0.032600  0.064289
  0.027226  0.059332
  0.022325  0.054353
  0.017899  0.049376
  0.013954  0.044423
  0.010493  0.039519
  0.007520  0.034685
  0.005038  0.029945
  0.003050  0.025317
  0.001557  0.020823
  0.000561  0.016480
  0.000062  0.012305
  0.000062  0.008313
  0.000561  0.004517
  0.001557  0.000931
  0.003050  -0.002436
  0.005038  -0.005573
  0.007520  -0.008469
  0.010493  -0.011117
  0.013954  -0.013508
  0.017899  -0.015637
  0.022325  -0.017496
  0.027226  -0.019080
  0.032600  -0.020385
  0.038439  -0.021406
  0.044738  -0.022140
  0.051491  -0.022586
  0.058691  -0.022743
  0.066331  -0.022612
  0.074403  -0.022196
  0.082900  -0.021502
  0.091812  -0.020535
  0.101131  -0.019305
  0.110848  -0.017823
  0.120953  -0.016101
  0.131435  -0.014157
  0.142285  -0.012007
  0.153492  -0.009669
  0.165044  -0.007165
  0.176930  -0.004516
  0.189138  -0.001746
  0.201655  0.001121
  0.214470  0.004061
  0.227570  0.007051
  0.240941  0.010066
  0.254571  0.013084
  0.268445  0.016083
  0.282550  0.019043
  0.296872  0.021947
  0.311396  0.024776
  0.326109  0.027517
  0.340994  0.030156
  0.356038  0.032682
  0.371226  0.035086
  0.386542  0.037359
  0.401971  0.039494
  0.417498  0.041486
  0.433107  0.043331
  0.448783  0.045023
  0.464509  0.046561
  0.480272  0.047942
  0.496053  0.049164
  0.511839  0.050225
  0.527613  0.051123
  0.543359  0.051859
  0.559063  0.052432
  0.574707  0.052842
  0.590277  0.053091
  0.605757  0.053179
  0.621131  0.053110
  0.636385  0.052888
  0.651503  0.052517
  0.666469  0.052002
  0.681270  0.051349
  0.695890  0.050567
  0.710315  0.049663
  0.724530  0.048645
  0.738522  0.047523
  0.752275  0.046305
  0.765777  0.045003
  0.779014  0.043627
  0.791974  0.042187
  0.804642  0.040694
  0.817006  0.039158
  0.829054  0.037590
  0.840775  0.035998
  0.852155  0.034392
  0.863185  0.032781
  0.873852  0.031170
  0.884147  0.029568
  0.894059  0.028044
  0.903579  0.026552
  0.912695  0.025098
  0.921401  0.023689
  0.929686  0.022328
  0.937544  0.021019
  0.944964  0.019764
  0.951942  0.018567
  0.958469  0.017429
  0.964539  0.016349
  0.970146  0.015329
  0.975284  0.014368
  0.979948  0.013464
  0.984134  0.012616
  0.987838  0.011822
  0.991055  0.011081
  0.993782  0.010389
  0.996018  0.009745
  0.997759  0.009145
  0.999003  0.008586
  0.999751  0.008066
  1.000000  0.007581
