  1.000000  0.014309
  0.999751  0.015347
  0.999003  0.016465
  0.997759  0.017670
  0.996018  0.018970
  0.993782  0.020370
  0.991055  0.021878
  0.987838  0.023500
  0.984134  0.025242
  0.979948  0.027110
  0.975284  0.029108
  0.970146  0.031242
  0.964539  0.033514
  0.958469  0.035926
  0.951942  0.038479
  0.944964  0.041173
  0.937544  0.044006
  0.929686  0.046974
  0.921401  0.050074
  0.912695  0.053297
  0.903579  0.056638
  0.894059  0.060088
  0.884147  0.063636
  0.873852  0.067387
  0.863185  0.071193
  0.852155  0.075044
  0.840775  0.078929
  0.829054  0.082835
  0.817006  0.086751
  0.804642  0.090661
  0.791974  0.094553
  0.779014  0.098411
  0.765777  0.102221
  0.752275  0.105969
  0.738522  0.109640
  0.724530  0.113221
  0.710315  0.116700
  0.695890  0.120064
  0.681270  0.123303
  0.666469  0.126408
  0.651503  0.129368
  0.636385  0.132177
  0.621131  0.134827
  0.605757  0.137314
  0.590277  0.139631
  0.574707  0.141773
  0.559063  0.143738
  0.543359  0.145520
  0.527613  0.147118
  0.511839  0.148528
  0.496053  0.149749
  0.480272  0.150777
  0.464509  0.151610
  0.448783  0.152248
  0.433107  0.152688
  0.417498  0.152928
  0.401971  0.152968
  0.386542  0.152807
  0.371226  0.152444
  0.356038  0.151879
  0.340994  0.151113
  0.326109  0.150145
  0.311396  0.148977
  0.296872  0.147610
  0.282550  0.146046
  0.268445  0.144287
  0.254571  0.142335
  0.240941  0.140194
  0.227570  0.137867
  0.214470  0.135358
  0.201655  0.132671
  0.189138  0.129810
  0.176930  0.126779
  0.165044  0.123583
  0.153492  0.120227
  0.142285  0.116716
  0.131435  0.113055
  0.120953  0.109250
  0.110848  0.105308
  0.101131  0.101235
  0.091812  0.097039
  0.082900  0.092727
  0.074403  0.088309
  0.066331  0.083795
  0.058691  0.079196
  0.051491  0.074525
  0.044738  0.069795
  0.038439  0.065020
  0.032600  0.060216
  0.027226  0.055400
  0.022325  0.050587
  0.017899  0.045794
  0.013954  0.041039
  0.010493  0.036338
  0.007520  0.031708
  0.005038  0.027165
  0.003050  0.022724
  0.001557  0.018402
  0.000561  0.014210
  0.000062  0.010164
  0.000062  0.006276
  0.000561  0.002558
  0.001557  -0.000979
  0.003050  -0.004323
  0.005038  -0.007464
  0.007520  -0.010391
  0.010493  -0.013093
  0.013954  -0.015560
  0.017899  -0.017784
  0.022325  -0.019755
  0.027226  -0.021465
  0.032600  -0.022906
  0.038439  -0.024070
  0.044738  -0.024951
  0.051491  -0.025546
  0.058691  -0.025849
  0.066331  -0.025861
  0.074403  -0.025581
  0.082900  -0.025014
  0.091812  -0.024164
  0.101131  -0.023038
  0.110848  -0.021646
  0.120953  -0.020000
  0.131435  -0.018114
  0.142285  -0.016006
  0.153492  -0.013694
  0.165044  -0.011199
  0.176930  -0.008541
  0.189138  -0.005745
  0.201655  -0.002835
  0.214470  0.000164
  0.227570  0.003230
  0.240941  0.006336
  0.254571  0.009461
  0.268445  0.012583
  0.282550  0.015680
  0.296872  0.018734
  0.311396  0.021729
  0.326109  0.024647
  0.340994  0.027476
  0.356038  0.030204
  0.371226  0.032821
  0.386542  0.035319
  0.401971  0.037691
  0.417498  0.039930
  0.433107  0.042030
  0.448783  0.043989
  0.464509  0.045801
  0.480272  0.047465
  0.496053  0.048977
  0.511839  0.050336
  0.527613  0.051539
  0.543359  0.052585
  0.559063  0.053474
  0.574707  0.054205
  0.590277  0.054779
  0.605757  0.055197
  0.621131  0.055461
  0.636385  0.055573
  0.651503  0.055538
  0.666469  0.055359
  0.681270  0.055042
  0.695890  0.054593
  0.710315  0.054019
  0.724530  0.053327
  0.738522  0.052523
  0.752275  0.051615
  0.765777  0.050612
  0.779014  0.049520
  0.791974  0.048349
  0.804642  0.047106
  0.817006  0.045800
  0.829054  0.044438
  0.840775  0.043027
  0.852155  0.041574
  0.863185  0.040085
  0.873852  0.038566
  0.884147  0.037021
  0.894059  0.035537
  0.903579  0.034058
  0.912695  0.032589
  0.921401  0.031137
  0.929686  0.029709
  0.937544  0.028311
  0.944964  0.026946
  0.951942  0.025620
  0.958469  0.024337
  0.964539  0.023099
  0.970146  0.021910
  0.975284  0.020770
  0.979948  0.019682
  0.984134  0.018646
  0.987838  0.017662
  0.991055  0.016730
  0.993782  0.015848
  0.996018  0.015015
  0.997759  0.014229
  0.999003  0.013489
  0.999751  0.012791
  1.000000  0.012134
