  1.000000  0.014193
  0.999751  0.015245
  0.999003  0.016380
  0.997759  0.017606
  0.996018  0.018929
  0.993782  0.020358
  0.991055  0.021899
  0.987838  0.023560
  0.984134  0.025347
  0.979948  0.027266
  0.975284  0.029324
  0.970146  0.031525
  0.964539  0.033872
  0.958469  0.036369
  0.951942  0.039018
  0.944964  0.041817
  0.937544  0.044765
  0.929686  0.047860
  0.921401  0.051096
  0.912695  0.054466
  0.903579  0.057962
  0.894059  0.061575
  0.884147  0.065293
  0.873852  0.069223
  0.863185  0.073211
  0.852155  0.077245
  0.840775  0.081312
  0.829054  0.085397
  0.817006  0.089483
  0.804642  0.093556
  0.791974  0.097596
  0.779014  0.101588
  0.765777  0.105513
  0.752275  0.109355
  0.738522  0.113098
  0.724530  0.116727
  0.710315  0.120226
  0.695890  0.123585
  0.681270  0.126790
  0.666469  0.129833
  0.651503  0.132706
  0.636385  0.135401
  0.621131  0.137914
  0.605757  0.140242
  0.590277  0.142381
  0.574707  0.144330
  0.559063  0.146089
  0.543359  0.147656
  0.527613  0.149034
  0.511839  0.150224
  0.496053  0.151227
  0.480272  0.152045
  0.464509  0.152680
  0.448783  0.153135
  0.433107  0.153410
  0.417498  0.153507
  0.401971  0.153429
  0.386542  0.153176
  0.371226  0.152751
  0.356038  0.152155
  0.340994  0.151388
  0.326109  0.150450
  0.311396  0.149343
  0.296872  0.148067
  0.282550  0.146621
  0.268445  0.145006
  0.254571  0.143221
  0.240941  0.141267
  0.227570  0.139143
  0.214470  0.136849
  0.201655  0.134385
  0.189138  0.131750
  0.176930  0.128945
  0.165044  0.125970
  0.153492  0.122825
  0.142285  0.119512
  0.131435  0.116031
  0.120953  0.112385
  0.110848  0.108578
  0.101131  0.104614
  0.091812  0.100499
  0.082900  0.096239
  0.074403  0.091842
  0.066331  0.087320
  0.058691  0.082684
  0.051491  0.077948
  0.044738  0.073127
  0.038439  0.068238
  0.032600  0.063300
  0.027226  0.058333
  0.022325  0.053356
  0.017899  0.048390
  0.013954  0.043456
  0.010493  0.038574
  0.007520  0.033765
  0.005038  0.029048
  0.003050  0.024442
  0.001557  0.019963
  0.000561  0.015628
  0.000062  0.011452
  0.000062  0.007448
  0.000561  0.003629
  0.001557  0.000007
  0.003050  -0.003409
  0.005038  -0.006608
  0.007520  -0.009582
  0.010493  -0.012320
  0.013954  -0.014817
  0.017899  -0.017063
  0.022325  -0.019054
  0.027226  -0.020782
  0.032600  -0.022243
  0.038439  -0.023432
  0.044738  -0.024345
  0.051491  -0.024980
  0.058691  -0.025337
  0.066331  -0.025415
  0.074403  -0.025218
  0.082900  -0.024751
  0.091812  -0.024020
  0.101131  -0.023034
  0.110848  -0.021802
  0.120953  -0.020338
  0.131435  -0.018656
  0.142285  -0.016773
  0.153492  -0.014707
  0.165044  -0.012476
  0.176930  -0.010101
  0.189138  -0.007605
  0.201655  -0.005008
  0.214470  -0.002334
  0.227570  0.000395
  0.240941  0.003157
  0.254571  0.005933
  0.268445  0.008702
  0.282550  0.011446
  0.296872  0.014148
  0.311396  0.016795
  0.326109  0.019371
  0.340994  0.021867
  0.356038  0.024271
  0.371226  0.026575
  0.386542  0.028773
  0.401971  0.030859
  0.417498  0.032828
  0.433107  0.034676
  0.448783  0.036400
  0.464509  0.037997
  0.480272  0.039465
  0.496053  0.040803
  0.511839  0.042009
  0.527613  0.043082
  0.543359  0.044021
  0.559063  0.044827
  0.574707  0.045498
  0.590277  0.046036
  0.605757  0.046442
  0.621131  0.046718
  0.636385  0.046866
  0.651503  0.046888
  0.666469  0.046790
  0.681270  0.046575
  0.695890  0.046248
  0.710315  0.045815
  0.724530  0.045282
  0.738522  0.044654
  0.752275  0.043936
  0.765777  0.043136
  0.779014  0.042261
  0.791974  0.041316
  0.804642  0.040309
  0.817006  0.039245
  0.829054  0.038131
  0.840775  0.036972
  0.852155  0.035775
  0.863185  0.034543
  0.873852  0.033281
  0.884147  0.031994
  0.894059  0.030756
  0.903579  0.029517
  0.912695  0.028283
  0.921401  0.027061
  0.929686  0.025855
  0.937544  0.024670
  0.944964  0.023511
  0.951942  0.022382
  0.958469  0.021287
  0.964539  0.020228
  0.970146  0.019207
  0.975284  0.018228
  0.979948  0.017291
  0.984134  0.016397
  0.987838  0.015546
  0.991055  0.014738
  0.993782  0.013973
  0.996018  0.013249
  0.997759  0.012565
  0.999003  0.011920
  0.999751  0.011311
  1.000000  0.010737
