  1.000000  0.011149
  0.999751  0.012055
  0.999003  0.013040
  0.997759  0.014111
  0.996018  0.015278
  0.993782  0.016547
  0.991055  0.017927
  0.987838  0.019427
  0.984134  0.021054
  0.979948  0.022818
  0.975284  0.024724
  0.970146  0.026782
  0.964539  0.028996
  0.958469  0.031373
  0.951942  0.033917
  0.944964  0.036631
  0.937544  0.039514
  0.929686  0.042568
  0.921401  0.045788
  0.912695  0.049170
  0.903579  0.052708
  0.894059  0.056392
  0.884147  0.060213
  0.873852  0.064267
  0.863185  0.068413
  0.852155  0.072636
  0.840775  0.076919
  0.829054  0.081246
  0.817006  0.085596
  0.804642  0.089951
  0.791974  0.094288
  0.779014  0.098586
  0.765777  0.102825
  0.752275  0.106983
  0.738522  0.111041
  0.724530  0.114979
  0.710315  0.118781
  0.695890  0.122431
  0.681270  0.125915
  0.666469  0.129222
  0.651503  0.132341
  0.636385  0.135266
  0.621131  0.137990
  0.605757  0.140510
  0.590277  0.142823
  0.574707  0.144928
  0.559063  0.146823
  0.543359  0.148511
  0.527613  0.149992
  0.511839  0.151269
  0.496053  0.152345
  0.480272  0.153222
  0.464509  0.153904
  0.448783  0.154394
  0.433107  0.154694
  0.417498  0.154807
  0.401971  0.154737
  0.386542  0.154484
  0.371226  0.154053
  0.356038  0.153445
  0.340994  0.152661
  0.326109  0.151703
  0.311396  0.150572
  0.296872  0.149268
  0.282550  0.147793
  0.268445  0.146147
  0.254571  0.144330
  0.240941  0.142342
  0.227570  0.140184
  0.214470  0.137855
  0.201655  0.135355
  0.189138  0.132685
  0.176930  0.129845
  0.165044  0.126834
  0.153492  0.123654
  0.142285  0.120305
  0.131435  0.116789
  0.120953  0.113108
  0.110848  0.109267
  0.101131  0.105270
  0.091812  0.101121
  0.082900  0.096828
  0.074403  0.092399
  0.066331  0.087844
  0.058691  0.083175
  0.051491  0.078407
  0.044738  0.073554
  0.038439  0.068634
  0.032600  0.063665
  0.027226  0.058667
  0.022325  0.053658
  0.017899  0.048661
  0.013954  0.043696
  0.010493  0.038784
  0.007520  0.033945
  0.005038  0.029197
  0.003050  0.024561
  0.001557  0.020052
  0.000561  0.015688
  0.000062  0.011484
  0.000062  0.007452
  0.000561  0.003607
  0.001557  -0.000041
  0.003050  -0.003480
  0.005038  -0.006701
  0.007520  -0.009694
  0.010493  -0.012450
  0.013954  -0.014961
  0.017899  -0.017219
  0.022325  -0.019217
  0.027226  -0.020950
  0.032600  -0.022411
  0.038439  -0.023595
  0.044738  -0.024500
  0.051491  -0.025121
  0.058691  -0.025458
  0.066331  -0.025512
  0.074403  -0.025285
  0.082900  -0.024782
  0.091812  -0.024009
  0.101131  -0.022975
  0.110848  -0.021689
  0.120953  -0.020165
  0.131435  -0.018418
  0.142285  -0.016463
  0.153492  -0.014320
  0.165044  -0.012008
  0.176930  -0.009547
  0.189138  -0.006960
  0.201655  -0.004270
  0.214470  -0.001499
  0.227570  0.001330
  0.240941  0.004194
  0.254571  0.007072
  0.268445  0.009944
  0.282550  0.012791
  0.296872  0.015596
  0.311396  0.018343
  0.326109  0.021017
  0.340994  0.023607
  0.356038  0.026102
  0.371226  0.028493
  0.386542  0.030771
  0.401971  0.032931
  0.417498  0.034966
  0.433107  0.036873
  0.448783  0.038646
  0.464509  0.040282
  0.480272  0.041779
  0.496053  0.043135
  0.511839  0.044347
  0.527613  0.045413
  0.543359  0.046333
  0.559063  0.047105
  0.574707  0.047731
  0.590277  0.048209
  0.605757  0.048543
  0.621131  0.048733
  0.636385  0.048782
  0.651503  0.048696
  0.666469  0.048478
  0.681270  0.048133
  0.695890  0.047669
  0.710315  0.047091
  0.724530  0.046406
  0.738522  0.045623
  0.752275  0.044747
  0.765777  0.043788
  0.779014  0.042754
  0.791974  0.041652
  0.804642  0.040490
  0.817006  0.039277
  0.829054  0.038020
  0.840775  0.036725
  0.852155  0.035399
  0.863185  0.034049
  0.873852  0.032679
  0.884147  0.031294
  0.894059  0.029967
  0.903579  0.028650
  0.912695  0.027350
  0.921401  0.026071
  0.929686  0.024818
  0.937544  0.023597
  0.944964  0.022411
  0.951942  0.021263
  0.958469  0.020156
  0.964539  0.019092
  0.970146  0.018074
  0.975284  0.017102
  0.979948  0.016177
  0.984134  0.015299
  0.987838  0.014467
  0.991055  0.013682
  0.993782  0.012940
  0.996018  0.012242
  0.997759  0.011585
  0.999003  0.010967
  0.999751  0.010386
  1.000000  0.009840
