  1.000000  0.014498
  0.999751  0.015559
  0.999003  0.016704
  0.997759  0.017938
  0.996018  0.019270
  0.993782  0.020706
  0.991055  0.022254
  0.987838  0.023921
  0.984134  0.025713
  0.979948  0.027635
  0.975284  0.029695
  0.970146  0.031895
  0.964539  0.034240
  0.958469  0.036732
  0.951942  0.039372
  0.944964  0.042160
  0.937544  0.045094
  0.929686  0.048171
  0.921401  0.051385
  0.912695  0.054730
  0.903579  0.058197
  0.894059  0.061777
  0.884147  0.065460
  0.873852  0.069351
  0.863185  0.073296
  0.852155  0.077285
  0.840775  0.081304
  0.829054  0.085339
  0.817006  0.089374
  0.804642  0.093394
  0.791974  0.097382
  0.779014  0.101321
  0.765777  0.105195
  0.752275  0.108986
  0.738522  0.112680
  0.724530  0.116260
  0.710315  0.119714
  0.695890  0.123028
  0.681270  0.126191
  0.666469  0.129193
  0.651503  0.132026
  0.636385  0.134682
  0.621131  0.137157
  0.605757  0.139446
  0.590277  0.141546
  0.574707  0.143455
  0.559063  0.145170
  0.543359  0.146692
  0.527613  0.148021
  0.511839  0.149157
  0.496053  0.150101
  0.480272  0.150855
  0.464509  0.151420
  0.448783  0.151797
  0.433107  0.151989
  0.417498  0.151995
  0.401971  0.151819
  0.386542  0.151460
  0.371226  0.150923
  0.356038  0.150207
  0.340994  0.149314
  0.326109  0.148244
  0.311396  0.147000
  0.296872  0.145583
  0.282550  0.143994
  0.268445  0.142235
  0.254571  0.140305
  0.240941  0.138208
  0.227570  0.135944
  0.214470  0.133514
  0.201655  0.130922
  0.189138  0.128168
  0.176930  0.125253
  0.165044  0.122181
  0.153492  0.118953
  0.142285  0.115571
  0.131435  0.112039
  0.120953  0.108361
  0.110848  0.104540
  0.101131  0.100584
  0.091812  0.096497
  0.082900  0.092286
  0.074403  0.087960
  0.066331  0.083530
  0.058691  0.079006
  0.051491  0.074402
  0.044738  0.069732
  0.038439  0.065011
  0.032600  0.060257
  0.027226  0.055486
  0.022325  0.050718
  0.017899  0.045971
  0.013954  0.041263
  0.010493  0.036614
  0.007520  0.032041
  0.005038  0.027563
  0.003050  0.023196
  0.001557  0.018957
  0.000561  0.014860
  0.000062  0.010918
  0.000062  0.007147
  0.000561  0.003557
  0.001557  0.000161
  0.003050  -0.003033
  0.005038  -0.006012
  0.007520  -0.008769
  0.010493  -0.011293
  0.013954  -0.013575
  0.017899  -0.015609
  0.022325  -0.017387
  0.027226  -0.018902
  0.032600  -0.020147
  0.038439  -0.021117
  0.044738  -0.021808
  0.051491  -0.022216
  0.058691  -0.022340
  0.066331  -0.022179
  0.074403  -0.021736
  0.082900  -0.021016
  0.091812  -0.020023
  0.101131  -0.018767
  0.110848  -0.017258
  0.120953  -0.015510
  0.131435  -0.013538
  0.142285  -0.011358
  0.153492  -0.008992
  0.165044  -0.006459
  0.176930  -0.003783
  0.189138  -0.000988
  0.201655  0.001900
  0.214470  0.004858
  0.227570  0.007860
  0.240941  0.010881
  0.254571  0.013898
  0.268445  0.016888
  0.282550  0.019831
  0.296872  0.022709
  0.311396  0.025503
  0.326109  0.028200
  0.340994  0.030786
  0.356038  0.033252
  0.371226  0.035589
  0.386542  0.037790
  0.401971  0.039849
  0.417498  0.041763
  0.433107  0.043529
  0.448783  0.045145
  0.464509  0.046610
  0.480272  0.047924
  0.496053  0.049088
  0.511839  0.050101
  0.527613  0.050965
  0.543359  0.051681
  0.559063  0.052251
  0.574707  0.052677
  0.590277  0.052962
  0.605757  0.053109
  0.621131  0.053120
  0.636385  0.053001
  0.651503  0.052755
  0.666469  0.052388
  0.681270  0.051906
  0.695890  0.051315
  0.710315  0.050621
  0.724530  0.049830
  0.738522  0.048949
  0.752275  0.047985
  0.765777  0.046945
  0.779014  0.045835
  0.791974  0.044663
  0.804642  0.043435
  0.817006  0.042159
  0.829054  0.040840
  0.840775  0.039485
  0.852155  0.038099
  0.863185  0.036687
  0.873852  0.035254
  0.884147  0.033803
  0.894059  0.032414
  0.903579  0.031033
  0.912695  0.029665
  0.921401  0.028318
  0.929686  0.026995
  0.937544  0.025702
  0.944964  0.024443
  0.951942  0.023222
  0.958469  0.022041
  0.964539  0.020904
  0.970146  0.019813
  0.975284  0.018770
  0.979948  0.017774
  0.984134  0.016827
  0.987838  0.015929
  0.991055  0.015078
  0.993782  0.014275
  0.996018  0.013516
  0.997759  0.012801
  0.999003  0.012128
  0.999751  0.011495
  1.000000  0.010898
