  1.000000  0.013632
  0.999751  0.014651
  0.999003  0.015753
  0.997759  0.016943
  0.996018  0.018230
  0.993782  0.019620
  0.991055  0.021122
  0.987838  0.022741
  0.984134  0.024486
  0.979948  0.026362
  0.975284  0.028376
  0.970146  0.030532
  0.964539  0.032834
  0.958469  0.035287
  0.951942  0.037890
  0.944964  0.040646
  0.937544  0.043552
  0.929686  0.046605
  0.921401  0.049801
  0.912695  0.053133
  0.903579  0.056593
  0.894059  0.060171
  0.884147  0.063856
  0.873852  0.067752
  0.863185  0.071707
  0.852155  0.075710
  0.840775  0.079746
  0.829054  0.083799
  0.817006  0.087854
  0.804642  0.091892
  0.791974  0.095895
  0.779014  0.099847
  0.765777  0.103728
  0.752275  0.107522
  0.738522  0.111212
  0.724530  0.114781
  0.710315  0.118216
  0.695890  0.121505
  0.681270  0.124635
  0.666469  0.127597
  0.651503  0.130385
  0.636385  0.132992
  0.621131  0.135415
  0.605757  0.137649
  0.590277  0.139695
  0.574707  0.141552
  0.559063  0.143219
  0.543359  0.144700
  0.527613  0.145996
  0.511839  0.147110
  0.496053  0.148046
  0.480272  0.148806
  0.464509  0.149394
  0.448783  0.149813
  0.433107  0.150067
  0.417498  0.150157
  0.401971  0.150086
  0.386542  0.149858
  0.371226  0.149473
  0.356038  0.148933
  0.340994  0.148239
  0.326109  0.147392
  0.311396  0.146390
  0.296872  0.145235
  0.282550  0.143925
  0.268445  0.142459
  0.254571  0.140835
  0.240941  0.139052
  0.227570  0.137109
  0.214470  0.135002
  0.201655  0.132730
  0.189138  0.130291
  0.176930  0.127683
  0.165044  0.124903
  0.153492  0.121950
  0.142285  0.118824
  0.131435  0.115522
  0.120953  0.112047
  0.110848  0.108401
  0.101131  0.104586
  0.091812  0.100606
  0.082900  0.096467
  0.074403  0.092177
  0.066331  0.087745
  0.058691  0.083184
  0.051491  0.078507
  0.044738  0.073730
  0.038439  0.068871
  0.032600  0.063949
  0.027226  0.058984
  0.022325  0.053997
  0.017899  0.049011
  0.013954  0.044047
  0.010493  0.039127
  0.007520  0.034274
  0.005038  0.029507
  0.003050  0.024846
  0.001557  0.020311
  0.000561  0.015917
  0.000062  0.011681
  0.000062  0.007617
  0.000561  0.003740
  0.001557  0.000059
  0.003050  -0.003412
  0.005038  -0.006665
  0.007520  -0.009689
  0.010493  -0.012476
  0.013954  -0.015017
  0.017899  -0.017306
  0.022325  -0.019334
  0.027226  -0.021098
  0.032600  -0.022590
  0.038439  -0.023807
  0.044738  -0.024746
  0.051491  -0.025403
  0.058691  -0.025778
  0.066331  -0.025871
  0.074403  -0.025686
  0.082900  -0.025228
  0.091812  -0.024501
  0.101131  -0.023515
  0.110848  -0.022281
  0.120953  -0.020809
  0.131435  -0.019116
  0.142285  -0.017216
  0.153492  -0.015127
  0.165044  -0.012867
  0.176930  -0.010457
  0.189138  -0.007918
  0.201655  -0.005272
  0.214470  -0.002539
  0.227570  0.000257
  0.240941  0.003096
  0.254571  0.005958
  0.268445  0.008824
  0.282550  0.011674
  0.296872  0.014494
  0.311396  0.017266
  0.326109  0.019978
  0.340994  0.022618
  0.356038  0.025174
  0.371226  0.027638
  0.386542  0.030000
  0.401971  0.032255
  0.417498  0.034395
  0.433107  0.036416
  0.448783  0.038311
  0.464509  0.040077
  0.480272  0.041710
  0.496053  0.043205
  0.511839  0.044561
  0.527613  0.045773
  0.543359  0.046840
  0.559063  0.047759
  0.574707  0.048529
  0.590277  0.049150
  0.605757  0.049623
  0.621131  0.049947
  0.636385  0.050125
  0.651503  0.050161
  0.666469  0.050058
  0.681270  0.049821
  0.695890  0.049455
  0.710315  0.048967
  0.724530  0.048364
  0.738522  0.047652
  0.752275  0.046839
  0.765777  0.045933
  0.779014  0.044942
  0.791974  0.043874
  0.804642  0.042737
  0.817006  0.041539
  0.829054  0.040288
  0.840775  0.038992
  0.852155  0.037656
  0.863185  0.036287
  0.873852  0.034891
  0.884147  0.033472
  0.894059  0.032110
  0.903579  0.030752
  0.912695  0.029406
  0.921401  0.028077
  0.929686  0.026771
  0.937544  0.025494
  0.944964  0.024249
  0.951942  0.023041
  0.958469  0.021874
  0.964539  0.020749
  0.970146  0.019669
  0.975284  0.018636
  0.979948  0.017650
  0.984134  0.016713
  0.987838  0.015823
  0.991055  0.014981
  0.993782  0.014185
  0.996018  0.013434
  0.997759  0.012727
  0.999003  0.012060
  0.999751  0.011433
  1.000000  0.010842
