  1.000000  0.013502
  0.999751  0.014512
  0.999003  0.015602
  0.997759  0.016779
  0.996018  0.018051
  0.993782  0.019426
  0.991055  0.020909
  0.987838  0.022508
  0.984134  0.024230
  0.979948  0.026081
  0.975284  0.028067
  0.970146  0.030191
  0.964539  0.032460
  0.958469  0.034874
  0.951942  0.037436
  0.944964  0.040147
  0.937544  0.043004
  0.929686  0.046006
  0.921401  0.049147
  0.912695  0.052421
  0.903579  0.055821
  0.894059  0.059339
  0.884147  0.062964
  0.873852  0.066799
  0.863185  0.070696
  0.852155  0.074645
  0.840775  0.078632
  0.829054  0.082645
  0.817006  0.086669
  0.804642  0.090687
  0.791974  0.094685
  0.779014  0.098645
  0.765777  0.102552
  0.752275  0.106390
  0.738522  0.110142
  0.724530  0.113796
  0.710315  0.117336
  0.695890  0.120750
  0.681270  0.124028
  0.666469  0.127159
  0.651503  0.130134
  0.636385  0.132947
  0.621131  0.135591
  0.605757  0.138063
  0.590277  0.140357
  0.574707  0.142470
  0.559063  0.144400
  0.543359  0.146146
  0.527613  0.147707
  0.511839  0.149081
  0.496053  0.150269
  0.480272  0.151269
  0.464509  0.152083
  0.448783  0.152710
  0.433107  0.153149
  0.417498  0.153402
  0.401971  0.153467
  0.386542  0.153346
  0.371226  0.153039
  0.356038  0.152545
  0.340994  0.151866
  0.326109  0.151000
  0.311396  0.149948
  0.296872  0.148711
  0.282550  0.147288
  0.268445  0.145682
  0.254571  0.143891
  0.240941  0.141916
  0.227570  0.139760
  0.214470  0.137422
  0.201655  0.134904
  0.189138  0.132207
  0.176930  0.129333
  0.165044  0.126284
  0.153492  0.123060
  0.142285  0.119665
  0.131435  0.116103
  0.120953  0.112376
  0.110848  0.108490
  0.101131  0.104450
  0.091812  0.100264
  0.082900  0.095940
  0.074403  0.091486
  0.066331  0.086914
  0.058691  0.082238
  0.051491  0.077471
  0.044738  0.072630
  0.038439  0.067733
  0.032600  0.062799
  0.027226  0.057848
  0.022325  0.052899
  0.017899  0.047975
  0.013954  0.043096
  0.010493  0.038282
  0.007520  0.033554
  0.005038  0.028931
  0.003050  0.024431
  0.001557  0.020071
  0.000561  0.015866
  0.000062  0.011830
  0.000062  0.007975
  0.000561  0.004314
  0.001557  0.000855
  0.003050  -0.002392
  0.005038  -0.005419
  0.007520  -0.008219
  0.010493  -0.010786
  0.013954  -0.013112
  0.017899  -0.015195
  0.022325  -0.017028
  0.027226  -0.018609
  0.032600  -0.019934
  0.038439  -0.021001
  0.044738  -0.021809
  0.051491  -0.022357
  0.058691  -0.022646
  0.066331  -0.022678
  0.074403  -0.022458
  0.082900  -0.021990
  0.091812  -0.021281
  0.101131  -0.020341
  0.110848  -0.019179
  0.120953  -0.017806
  0.131435  -0.016238
  0.142285  -0.014488
  0.153492  -0.012571
  0.165044  -0.010505
  0.176930  -0.008308
  0.189138  -0.005998
  0.201655  -0.003595
  0.214470  -0.001118
  0.227570  0.001415
  0.240941  0.003985
  0.254571  0.006574
  0.268445  0.009166
  0.282550  0.011745
  0.296872  0.014296
  0.311396  0.016806
  0.326109  0.019263
  0.340994  0.021656
  0.356038  0.023975
  0.371226  0.026212
  0.386542  0.028360
  0.401971  0.030412
  0.417498  0.032361
  0.433107  0.034203
  0.448783  0.035931
  0.464509  0.037542
  0.480272  0.039032
  0.496053  0.040396
  0.511839  0.041630
  0.527613  0.042733
  0.543359  0.043700
  0.559063  0.044529
  0.574707  0.045219
  0.590277  0.045770
  0.605757  0.046180
  0.621131  0.046451
  0.636385  0.046585
  0.651503  0.046584
  0.666469  0.046452
  0.681270  0.046193
  0.695890  0.045814
  0.710315  0.045320
  0.724530  0.044717
  0.738522  0.044013
  0.752275  0.043214
  0.765777  0.042329
  0.779014  0.041366
  0.791974  0.040333
  0.804642  0.039237
  0.817006  0.038087
  0.829054  0.036889
  0.840775  0.035652
  0.852155  0.034382
  0.863185  0.033085
  0.873852  0.031766
  0.884147  0.030430
  0.894059  0.029149
  0.903579  0.027877
  0.912695  0.026618
  0.921401  0.025379
  0.929686  0.024165
  0.937544  0.022981
  0.944964  0.021830
  0.951942  0.020716
  0.958469  0.019641
  0.964539  0.018608
  0.970146  0.017619
  0.975284  0.016675
  0.979948  0.015776
  0.984134  0.014922
  0.987838  0.014114
  0.991055  0.013349
  0.993782  0.012629
  0.996018  0.011949
  0.997759  0.011310
  0.999003  0.010709
  0.999751  0.010144
  1.000000  0.009613
