  1.000000  0.012997
  0.999751  0.013991
  0.999003  0.015067
  0.997759  0.016231
  0.996018  0.017492
  0.993782  0.018857
  0.991055  0.020333
  0.987838  0.021929
  0.984134  0.023651
  0.979948  0.025507
  0.975284  0.027502
  0.970146  0.029643
  0.964539  0.031934
  0.958469  0.034380
  0.951942  0.036982
  0.944964  0.039741
  0.937544  0.042658
  0.929686  0.045729
  0.921401  0.048951
  0.912695  0.052317
  0.903579  0.055821
  0.894059  0.059453
  0.884147  0.063202
  0.873852  0.067171
  0.863185  0.071213
  0.852155  0.075313
  0.840775  0.079458
  0.829054  0.083631
  0.817006  0.087817
  0.804642  0.091998
  0.791974  0.096155
  0.779014  0.100270
  0.765777  0.104324
  0.752275  0.108300
  0.738522  0.112179
  0.724530  0.115945
  0.710315  0.119583
  0.695890  0.123079
  0.681270  0.126420
  0.666469  0.129596
  0.651503  0.132598
  0.636385  0.135419
  0.621131  0.138052
  0.605757  0.140493
  0.590277  0.142739
  0.574707  0.144788
  0.559063  0.146639
  0.543359  0.148290
  0.527613  0.149743
  0.511839  0.150998
  0.496053  0.152057
  0.480272  0.152921
  0.464509  0.153592
  0.448783  0.154072
  0.433107  0.154361
  0.417498  0.154463
  0.401971  0.154378
  0.386542  0.154107
  0.371226  0.153654
  0.356038  0.153019
  0.340994  0.152204
  0.326109  0.151208
  0.311396  0.150035
  0.296872  0.148683
  0.282550  0.147156
  0.268445  0.145453
  0.254571  0.143575
  0.240941  0.141523
  0.227570  0.139298
  0.214470  0.136902
  0.201655  0.134335
  0.189138  0.131599
  0.176930  0.128694
  0.165044  0.125623
  0.153492  0.122386
  0.142285  0.118986
  0.131435  0.115426
  0.120953  0.111709
  0.110848  0.107839
  0.101131  0.103822
  0.091812  0.099663
  0.082900  0.095369
  0.074403  0.090949
  0.066331  0.086414
  0.058691  0.081774
  0.051491  0.077043
  0.044738  0.072237
  0.038439  0.067371
  0.032600  0.062462
  0.027226  0.057530
  0.022325  0.052592
  0.017899  0.047669
  0.013954  0.042780
  0.010493  0.037945
  0.007520  0.033182
  0.005038  0.028509
  0.003050  0.023945
  0.001557  0.019506
  0.000561  0.015208
  0.000062  0.011064
  0.000062  0.007089
  0.000561  0.003294
  0.001557  -0.000308
  0.003050  -0.003708
  0.005038  -0.006894
  0.007520  -0.009856
  0.010493  -0.012587
  0.013954  -0.015076
  0.017899  -0.017316
  0.022325  -0.019299
  0.027226  -0.021018
  0.032600  -0.022468
  0.038439  -0.023642
  0.044738  -0.024536
  0.051491  -0.025147
  0.058691  -0.025473
  0.066331  -0.025514
  0.074403  -0.025272
  0.082900  -0.024753
  0.091812  -0.023961
  0.101131  -0.022906
  0.110848  -0.021598
  0.120953  -0.020050
  0.131435  -0.018278
  0.142285  -0.016299
  0.153492  -0.014131
  0.165044  -0.011796
  0.176930  -0.009315
  0.189138  -0.006712
  0.201655  -0.004010
  0.214470  -0.001234
  0.227570  0.001592
  0.240941  0.004445
  0.254571  0.007303
  0.268445  0.010145
  0.282550  0.012951
  0.296872  0.015704
  0.311396  0.018388
  0.326109  0.020990
  0.340994  0.023498
  0.356038  0.025902
  0.371226  0.028194
  0.386542  0.030370
  0.401971  0.032423
  0.417498  0.034351
  0.433107  0.036151
  0.448783  0.037822
  0.464509  0.039363
  0.480272  0.040775
  0.496053  0.042056
  0.511839  0.043209
  0.527613  0.044233
  0.543359  0.045130
  0.559063  0.045901
  0.574707  0.046548
  0.590277  0.047072
  0.605757  0.047474
  0.621131  0.047758
  0.636385  0.047927
  0.651503  0.047982
  0.666469  0.047928
  0.681270  0.047769
  0.695890  0.047509
  0.710315  0.047153
  0.724530  0.046704
  0.738522  0.046167
  0.752275  0.045546
  0.765777  0.044847
  0.779014  0.044074
  0.791974  0.043233
  0.804642  0.042327
  0.817006  0.041362
  0.829054  0.040341
  0.840775  0.039270
  0.852155  0.038152
  0.863185  0.036990
  0.873852  0.035788
  0.884147  0.034548
  0.894059  0.033350
  0.903579  0.032140
  0.912695  0.030924
  0.921401  0.029708
  0.929686  0.028498
  0.937544  0.027298
  0.944964  0.026114
  0.951942  0.024951
  0.958469  0.023813
  0.964539  0.022705
  0.970146  0.021629
  0.975284  0.020590
  0.979948  0.019588
  0.984134  0.018627
  0.987838  0.017707
  0.991055  0.016828
  0.993782  0.015992
  0.996018  0.015196
  0.997759  0.014442
  0.999003  0.013726
  0.999751  0.013049
  1.000000  0.012407
