  1.000000  0.012569
  0.999751  0.013538
  0.999003  0.014588
  0.997759  0.015725
  0.996018  0.016957
  0.993782  0.018292
  0.991055  0.019737
  0.987838  0.021300
  0.984134  0.022987
  0.979948  0.024807
  0.975284  0.026766
  0.970146  0.028868
  0.964539  0.031121
  0.958469  0.033526
  0.951942  0.036088
  0.944964  0.038807
  0.937544  0.041683
  0.929686  0.044714
  0.921401  0.047896
  0.912695  0.051224
  0.903579  0.054690
  0.894059  0.058285
  0.884147  0.062001
  0.873852  0.065936
  0.863185  0.069945
  0.852155  0.074017
  0.840775  0.078137
  0.829054  0.082289
  0.817006  0.086457
  0.804642  0.090624
  0.791974  0.094771
  0.779014  0.098879
  0.765777  0.102932
  0.752275  0.106909
  0.738522  0.110795
  0.724530  0.114572
  0.710315  0.118226
  0.695890  0.121742
  0.681270  0.125109
  0.666469  0.128314
  0.651503  0.131350
  0.636385  0.134208
  0.621131  0.136884
  0.605757  0.139371
  0.590277  0.141668
  0.574707  0.143770
  0.559063  0.145676
  0.543359  0.147387
  0.527613  0.148901
  0.511839  0.150219
  0.496053  0.151342
  0.480272  0.152272
  0.464509  0.153009
  0.448783  0.153555
  0.433107  0.153911
  0.417498  0.154078
  0.401971  0.154056
  0.386542  0.153849
  0.371226  0.153457
  0.356038  0.152881
  0.340994  0.152121
  0.326109  0.151180
  0.311396  0.150057
  0.296872  0.148753
  0.282550  0.147271
  0.268445  0.145609
  0.254571  0.143769
  0.240941  0.141751
  0.227570  0.139558
  0.214470  0.137189
  0.201655  0.134646
  0.189138  0.131931
  0.176930  0.129044
  0.165044  0.125986
  0.153492  0.122760
  0.142285  0.119368
  0.131435  0.115813
  0.120953  0.112097
  0.110848  0.108226
  0.101131  0.104205
  0.091812  0.100039
  0.082900  0.095737
  0.074403  0.091306
  0.066331  0.086758
  0.058691  0.082104
  0.051491  0.077358
  0.044738  0.072536
  0.038439  0.067653
  0.032600  0.062728
  0.027226  0.057780
  0.022325  0.052827
  0.017899  0.047891
  0.013954  0.042990
  0.010493  0.038145
  0.007520  0.033375
  0.005038  0.028698
  0.003050  0.024133
  0.001557  0.019696
  0.000561  0.015403
  0.000062  0.011268
  0.000062  0.007305
  0.000561  0.003526
  0.001557  -0.000057
  0.003050  -0.003436
  0.005038  -0.006598
  0.007520  -0.009535
  0.010493  -0.012239
  0.013954  -0.014700
  0.017899  -0.016912
  0.022325  -0.018868
  0.027226  -0.020560
  0.032600  -0.021985
  0.038439  -0.023136
  0.044738  -0.024010
  0.051491  -0.024604
  0.058691  -0.024917
  0.066331  -0.024949
  0.074403  -0.024704
  0.082900  -0.024185
  0.091812  -0.023400
  0.101131  -0.022356
  0.110848  -0.021064
  0.120953  -0.019537
  0.131435  -0.017790
  0.142285  -0.015840
  0.153492  -0.013705
  0.165044  -0.011404
  0.176930  -0.008959
  0.189138  -0.006393
  0.201655  -0.003728
  0.214470  -0.000988
  0.227570  0.001805
  0.240941  0.004627
  0.254571  0.007459
  0.268445  0.010280
  0.282550  0.013070
  0.296872  0.015813
  0.311396  0.018494
  0.326109  0.021100
  0.340994  0.023618
  0.356038  0.026039
  0.371226  0.028355
  0.386542  0.030560
  0.401971  0.032649
  0.417498  0.034617
  0.433107  0.036461
  0.448783  0.038180
  0.464509  0.039771
  0.480272  0.041233
  0.496053  0.042566
  0.511839  0.043770
  0.527613  0.044844
  0.543359  0.045788
  0.559063  0.046603
  0.574707  0.047290
  0.590277  0.047849
  0.605757  0.048282
  0.621131  0.048591
  0.636385  0.048778
  0.651503  0.048847
  0.666469  0.048799
  0.681270  0.048641
  0.695890  0.048375
  0.710315  0.048006
  0.724530  0.047540
  0.738522  0.046980
  0.752275  0.046332
  0.765777  0.045601
  0.779014  0.044793
  0.791974  0.043912
  0.804642  0.042965
  0.817006  0.041957
  0.829054  0.040892
  0.840775  0.039775
  0.852155  0.038611
  0.863185  0.037404
  0.873852  0.036157
  0.884147  0.034873
  0.894059  0.033634
  0.903579  0.032385
  0.912695  0.031132
  0.921401  0.029882
  0.929686  0.028639
  0.937544  0.027410
  0.944964  0.026200
  0.951942  0.025013
  0.958469  0.023854
  0.964539  0.022727
  0.970146  0.021636
  0.975284  0.020582
  0.979948  0.019569
  0.984134  0.018597
  0.987838  0.017669
  0.991055  0.016783
  0.993782  0.015941
  0.996018  0.015142
  0.997759  0.014384
  0.999003  0.013666
  0.999751  0.012986
  1.000000  0.012344
