  1.000000  0.013691
  0.999751  0.014720
  0.999003  0.015832
  0.997759  0.017034
  0.996018  0.018333
  0.993782  0.019738
  0.991055  0.021255
  0.987838  0.022893
  0.984134  0.024657
  0.979948  0.026556
  0.975284  0.028594
  0.970146  0.030777
  0.964539  0.033110
  0.958469  0.035596
  0.951942  0.038236
  0.944964  0.041031
  0.937544  0.043981
  0.929686  0.047081
  0.921401  0.050328
  0.912695  0.053714
  0.903579  0.057232
  0.894059  0.060872
  0.884147  0.064623
  0.873852  0.068590
  0.863185  0.072620
  0.852155  0.076700
  0.840775  0.080816
  0.829054  0.084952
  0.817006  0.089092
  0.804642  0.093217
  0.791974  0.097309
  0.779014  0.101350
  0.765777  0.105322
  0.752275  0.109206
  0.738522  0.112985
  0.724530  0.116643
  0.710315  0.120165
  0.695890  0.123538
  0.681270  0.126750
  0.666469  0.129791
  0.651503  0.132653
  0.636385  0.135330
  0.621131  0.137816
  0.605757  0.140109
  0.590277  0.142206
  0.574707  0.144107
  0.559063  0.145811
  0.543359  0.147320
  0.527613  0.148635
  0.511839  0.149759
  0.496053  0.150694
  0.480272  0.151444
  0.464509  0.152012
  0.448783  0.152400
  0.433107  0.152611
  0.417498  0.152647
  0.401971  0.152512
  0.386542  0.152207
  0.371226  0.151736
  0.356038  0.151099
  0.340994  0.150297
  0.326109  0.149332
  0.311396  0.148205
  0.296872  0.146915
  0.282550  0.145463
  0.268445  0.143849
  0.254571  0.142072
  0.240941  0.140132
  0.227570  0.138029
  0.214470  0.135762
  0.201655  0.133330
  0.189138  0.130732
  0.176930  0.127969
  0.165044  0.125039
  0.153492  0.121943
  0.142285  0.118681
  0.131435  0.115253
  0.120953  0.111661
  0.110848  0.107910
  0.101131  0.104002
  0.091812  0.099942
  0.082900  0.095736
  0.074403  0.091392
  0.066331  0.086920
  0.058691  0.082331
  0.051491  0.077639
  0.044738  0.072857
  0.038439  0.068004
  0.032600  0.063095
  0.027226  0.058151
  0.022325  0.053191
  0.017899  0.048235
  0.013954  0.043303
  0.010493  0.038416
  0.007520  0.033594
  0.005038  0.028855
  0.003050  0.024218
  0.001557  0.019701
  0.000561  0.015319
  0.000062  0.011088
  0.000062  0.007022
  0.000561  0.003134
  0.001557  -0.000564
  0.003050  -0.004060
  0.005038  -0.007344
  0.007520  -0.010405
  0.010493  -0.013233
  0.013954  -0.015819
  0.017899  -0.018155
  0.022325  -0.020232
  0.027226  -0.022043
  0.032600  -0.023582
  0.038439  -0.024842
  0.044738  -0.025818
  0.051491  -0.026506
  0.058691  -0.026906
  0.066331  -0.027015
  0.074403  -0.026837
  0.082900  -0.026375
  0.091812  -0.025636
  0.101131  -0.024628
  0.110848  -0.023361
  0.120953  -0.021848
  0.131435  -0.020105
  0.142285  -0.018150
  0.153492  -0.016000
  0.165044  -0.013678
  0.176930  -0.011205
  0.189138  -0.008606
  0.201655  -0.005903
  0.214470  -0.003123
  0.227570  -0.000289
  0.240941  0.002575
  0.254571  0.005446
  0.268445  0.008302
  0.282550  0.011125
  0.296872  0.013894
  0.311396  0.016595
  0.326109  0.019213
  0.340994  0.021736
  0.356038  0.024152
  0.371226  0.026455
  0.386542  0.028636
  0.401971  0.030690
  0.417498  0.032614
  0.433107  0.034404
  0.448783  0.036058
  0.464509  0.037573
  0.480272  0.038950
  0.496053  0.040188
  0.511839  0.041286
  0.527613  0.042246
  0.543359  0.043067
  0.559063  0.043752
  0.574707  0.044300
  0.590277  0.044714
  0.605757  0.044996
  0.621131  0.045149
  0.636385  0.045178
  0.651503  0.045085
  0.666469  0.044875
  0.681270  0.044555
  0.695890  0.044129
  0.710315  0.043604
  0.724530  0.042986
  0.738522  0.042280
  0.752275  0.041495
  0.765777  0.040635
  0.779014  0.039709
  0.791974  0.038722
  0.804642  0.037682
  0.817006  0.036595
  0.829054  0.035467
  0.840775  0.034303
  0.852155  0.033110
  0.863185  0.031892
  0.873852  0.030653
  0.884147  0.029398
  0.894059  0.028194
  0.903579  0.026996
  0.912695  0.025810
  0.921401  0.024640
  0.929686  0.023491
  0.937544  0.022368
  0.944964  0.021274
  0.951942  0.020212
  0.958469  0.019186
  0.964539  0.018198
  0.970146  0.017250
  0.975284  0.016342
  0.979948  0.015476
  0.984134  0.014653
  0.987838  0.013872
  0.991055  0.013132
  0.993782  0.012433
  0.996018  0.011773
  0.997759  0.011151
  0.999003  0.010566
  0.999751  0.010014
  1.000000  0.009495
