  1.000000  0.015107
  0.999751  0.016195
  0.999003  0.017366
  0.997759  0.018629
  0.996018  0.019990
  0.993782  0.021456
  0.991055  0.023036
  0.987838  0.024735
  0.984134  0.026559
  0.979948  0.028516
  0.975284  0.030609
  0.970146  0.032844
  0.964539  0.035224
  0.958469  0.037752
  0.951942  0.040427
  0.944964  0.043250
  0.937544  0.046218
  0.929686  0.049328
  0.921401  0.052574
  0.912695  0.055949
  0.903579  0.059445
  0.894059  0.063051
  0.884147  0.066757
  0.873852  0.070670
  0.863185  0.074633
  0.852155  0.078636
  0.840775  0.082663
  0.829054  0.086701
  0.817006  0.090734
  0.804642  0.094745
  0.791974  0.098719
  0.779014  0.102638
  0.765777  0.106484
  0.752275  0.110242
  0.738522  0.113895
  0.724530  0.117427
  0.710315  0.120827
  0.695890  0.124079
  0.681270  0.127175
  0.666469  0.130103
  0.651503  0.132857
  0.636385  0.135429
  0.621131  0.137815
  0.605757  0.140012
  0.590277  0.142017
  0.574707  0.143829
  0.559063  0.145447
  0.543359  0.146872
  0.527613  0.148105
  0.511839  0.149148
  0.496053  0.150003
  0.480272  0.150672
  0.464509  0.151159
  0.448783  0.151465
  0.433107  0.151592
  0.417498  0.151543
  0.401971  0.151321
  0.386542  0.150927
  0.371226  0.150364
  0.356038  0.149633
  0.340994  0.148736
  0.326109  0.147674
  0.311396  0.146447
  0.296872  0.145057
  0.282550  0.143505
  0.268445  0.141790
  0.254571  0.139914
  0.240941  0.137875
  0.227570  0.135676
  0.214470  0.133316
  0.201655  0.130795
  0.189138  0.128114
  0.176930  0.125274
  0.165044  0.122273
  0.153492  0.119115
  0.142285  0.115799
  0.131435  0.112328
  0.120953  0.108705
  0.110848  0.104933
  0.101131  0.101018
  0.091812  0.096964
  0.082900  0.092780
  0.074403  0.088472
  0.066331  0.084052
  0.058691  0.079531
  0.051491  0.074924
  0.044738  0.070244
  0.038439  0.065509
  0.032600  0.060736
  0.027226  0.055945
  0.022325  0.051154
  0.017899  0.046384
  0.013954  0.041654
  0.010493  0.036984
  0.007520  0.032393
  0.005038  0.027899
  0.003050  0.023521
  0.001557  0.019273
  0.000561  0.015171
  0.000062  0.011230
  0.000062  0.007460
  0.000561  0.003873
  0.001557  0.000480
  0.003050  -0.002711
  0.005038  -0.005692
  0.007520  -0.008453
  0.010493  -0.010990
  0.013954  -0.013295
  0.017899  -0.015362
  0.022325  -0.017187
  0.027226  -0.018766
  0.032600  -0.020094
  0.038439  -0.021169
  0.044738  -0.021989
  0.051491  -0.022552
  0.058691  -0.022859
  0.066331  -0.022912
  0.074403  -0.022714
  0.082900  -0.022269
  0.091812  -0.021584
  0.101131  -0.020668
  0.110848  -0.019529
  0.120953  -0.018180
  0.131435  -0.016634
  0.142285  -0.014905
  0.153492  -0.013008
  0.165044  -0.010960
  0.176930  -0.008779
  0.189138  -0.006483
  0.201655  -0.004091
  0.214470  -0.001622
  0.227570  0.000905
  0.240941  0.003471
  0.254571  0.006060
  0.268445  0.008654
  0.282550  0.011238
  0.296872  0.013799
  0.311396  0.016321
  0.326109  0.018794
  0.340994  0.021208
  0.356038  0.023553
  0.371226  0.025820
  0.386542  0.028004
  0.401971  0.030097
  0.417498  0.032094
  0.433107  0.033991
  0.448783  0.035782
  0.464509  0.037464
  0.480272  0.039033
  0.496053  0.040487
  0.511839  0.041821
  0.527613  0.043033
  0.543359  0.044121
  0.559063  0.045082
  0.574707  0.045914
  0.590277  0.046618
  0.605757  0.047191
  0.621131  0.047635
  0.636385  0.047949
  0.651503  0.048137
  0.666469  0.048200
  0.681270  0.048141
  0.695890  0.047965
  0.710315  0.047675
  0.724530  0.047276
  0.738522  0.046773
  0.752275  0.046172
  0.765777  0.045478
  0.779014  0.044697
  0.791974  0.043837
  0.804642  0.042902
  0.817006  0.041899
  0.829054  0.040834
  0.840775  0.039713
  0.852155  0.038541
  0.863185  0.037323
  0.873852  0.036063
  0.884147  0.034765
  0.894059  0.033511
  0.903579  0.032247
  0.912695  0.030981
  0.921401  0.029717
  0.929686  0.028462
  0.937544  0.027223
  0.944964  0.026004
  0.951942  0.024810
  0.958469  0.023646
  0.964539  0.022515
  0.970146  0.021422
  0.975284  0.020367
  0.979948  0.019355
  0.984134  0.018385
  0.987838  0.017460
  0.991055  0.016578
  0.993782  0.015741
  0.996018  0.014946
  0.997759  0.014193
  0.999003  0.013481
  0.999751  0.012808
  1.000000  0.012172
