  1.000000  0.015541
  0.999751  0.016620
  0.999003  0.017779
  0.997759  0.019026
  0.996018  0.020367
  0.993782  0.021809
  0.991055  0.023358
  0.987838  0.025019
  0.984134  0.026800
  0.979948  0.028704
  0.975284  0.030737
  0.970146  0.032901
  0.964539  0.035200
  0.958469  0.037636
  0.951942  0.040207
  0.944964  0.042914
  0.937544  0.045753
  0.929686  0.048722
  0.921401  0.051813
  0.912695  0.055020
  0.903579  0.058335
  0.894059  0.061750
  0.884147  0.065252
  0.873852  0.068950
  0.863185  0.072689
  0.852155  0.076461
  0.840775  0.080254
  0.829054  0.084056
  0.817006  0.087854
  0.804642  0.091634
  0.791974  0.095382
  0.779014  0.099085
  0.765777  0.102726
  0.752275  0.106293
  0.738522  0.109773
  0.724530  0.113151
  0.710315  0.116417
  0.695890  0.119560
  0.681270  0.122569
  0.666469  0.125438
  0.651503  0.128158
  0.636385  0.130723
  0.621131  0.133129
  0.605757  0.135373
  0.590277  0.137450
  0.574707  0.139360
  0.559063  0.141099
  0.543359  0.142669
  0.527613  0.144068
  0.511839  0.145296
  0.496053  0.146354
  0.480272  0.147242
  0.464509  0.147961
  0.448783  0.148510
  0.433107  0.148891
  0.417498  0.149104
  0.401971  0.149148
  0.386542  0.149025
  0.371226  0.148734
  0.356038  0.148277
  0.340994  0.147651
  0.326109  0.146857
  0.311396  0.145893
  0.296872  0.144761
  0.282550  0.143458
  0.268445  0.141985
  0.254571  0.140340
  0.240941  0.138524
  0.227570  0.136534
  0.214470  0.134372
  0.201655  0.132035
  0.189138  0.129525
  0.176930  0.126840
  0.165044  0.123980
  0.153492  0.120946
  0.142285  0.117739
  0.131435  0.114359
  0.120953  0.110810
  0.110848  0.107095
  0.101131  0.103219
  0.091812  0.099188
  0.082900  0.095008
  0.074403  0.090689
  0.066331  0.086240
  0.058691  0.081676
  0.051491  0.077011
  0.044738  0.072260
  0.038439  0.067443
  0.032600  0.062579
  0.027226  0.057687
  0.022325  0.052790
  0.017899  0.047909
  0.013954  0.043065
  0.010493  0.038281
  0.007520  0.033577
  0.005038  0.028974
  0.003050  0.024490
  0.001557  0.020142
  0.000561  0.015948
  0.000062  0.011921
  0.000062  0.008075
  0.000561  0.004421
  0.001557  0.000970
  0.003050  -0.002270
  0.005038  -0.005290
  0.007520  -0.008082
  0.010493  -0.010639
  0.013954  -0.012957
  0.017899  -0.015029
  0.022325  -0.016853
  0.027226  -0.018423
  0.032600  -0.019737
  0.038439  -0.020794
  0.044738  -0.021591
  0.051491  -0.022128
  0.058691  -0.022406
  0.066331  -0.022428
  0.074403  -0.022197
  0.082900  -0.021719
  0.091812  -0.021001
  0.101131  -0.020050
  0.110848  -0.018877
  0.120953  -0.017494
  0.131435  -0.015913
  0.142285  -0.014149
  0.153492  -0.012217
  0.165044  -0.010134
  0.176930  -0.007916
  0.189138  -0.005581
  0.201655  -0.003149
  0.214470  -0.000638
  0.227570  0.001935
  0.240941  0.004551
  0.254571  0.007193
  0.268445  0.009845
  0.282550  0.012491
  0.296872  0.015118
  0.311396  0.017712
  0.326109  0.020262
  0.340994  0.022756
  0.356038  0.025186
  0.371226  0.027542
  0.386542  0.029817
  0.401971  0.032003
  0.417498  0.034095
  0.433107  0.036086
  0.448783  0.037972
  0.464509  0.039746
  0.480272  0.041403
  0.496053  0.042941
  0.511839  0.044353
  0.527613  0.045636
  0.543359  0.046786
  0.559063  0.047800
  0.574707  0.048676
  0.590277  0.049411
  0.605757  0.050005
  0.621131  0.050457
  0.636385  0.050767
  0.651503  0.050938
  0.666469  0.050972
  0.681270  0.050872
  0.695890  0.050642
  0.710315  0.050287
  0.724530  0.049814
  0.738522  0.049227
  0.752275  0.048532
  0.765777  0.047738
  0.779014  0.046851
  0.791974  0.045878
  0.804642  0.044828
  0.817006  0.043707
  0.829054  0.042522
  0.840775  0.041281
  0.852155  0.039989
  0.863185  0.038653
  0.873852  0.037278
  0.884147  0.035868
  0.894059  0.034509
  0.903579  0.033145
  0.912695  0.031784
  0.921401  0.030431
  0.929686  0.029094
  0.937544  0.027778
  0.944964  0.026489
  0.951942  0.025231
  0.958469  0.024009
  0.964539  0.022826
  0.970146  0.021686
  0.975284  0.020590
  0.979948  0.019541
  0.984134  0.018539
  0.987838  0.017585
  0.991055  0.016679
  0.993782  0.015820
  0.996018  0.015006
  0.997759  0.014238
  0.999003  0.013512
  0.999751  0.012827
  1.000000  0.012180
