  1.000000  0.012753
  0.999751  0.013742
  0.999003  0.014813
  0.997759  0.015974
  0.996018  0.017233
  0.993782  0.018597
  0.991055  0.020074
  0.987838  0.021673
  0.984134  0.023401
  0.979948  0.025265
  0.975284  0.027272
  0.970146  0.029428
  0.964539  0.031740
  0.958469  0.034210
  0.951942  0.036842
  0.944964  0.039637
  0.937544  0.042596
  0.929686  0.045715
  0.921401  0.048992
  0.912695  0.052420
  0.903579  0.055993
  0.894059  0.059700
  0.884147  0.063532
  0.873852  0.067590
  0.863185  0.071726
  0.852155  0.075926
  0.840775  0.080176
  0.829054  0.084457
  0.817006  0.088754
  0.804642  0.093046
  0.791974  0.097315
  0.779014  0.101541
  0.765777  0.105703
  0.752275  0.109784
  0.738522  0.113764
  0.724530  0.117626
  0.710315  0.121353
  0.695890  0.124931
  0.681270  0.128346
  0.666469  0.131588
  0.651503  0.134647
  0.636385  0.137516
  0.621131  0.140188
  0.605757  0.142659
  0.590277  0.144926
  0.574707  0.146987
  0.559063  0.148840
  0.543359  0.150486
  0.527613  0.151925
  0.511839  0.153159
  0.496053  0.154190
  0.480272  0.155019
  0.464509  0.155649
  0.448783  0.156083
  0.433107  0.156321
  0.417498  0.156367
  0.401971  0.156222
  0.386542  0.155890
  0.371226  0.155371
  0.356038  0.154668
  0.340994  0.153783
  0.326109  0.152717
  0.311396  0.151471
  0.296872  0.150046
  0.282550  0.148446
  0.268445  0.146669
  0.254571  0.144717
  0.240941  0.142592
  0.227570  0.140295
  0.214470  0.137826
  0.201655  0.135188
  0.189138  0.132380
  0.176930  0.129406
  0.165044  0.126266
  0.153492  0.122962
  0.142285  0.119496
  0.131435  0.115871
  0.120953  0.112091
  0.110848  0.108161
  0.101131  0.104086
  0.091812  0.099871
  0.082900  0.095526
  0.074403  0.091058
  0.066331  0.086479
  0.058691  0.081801
  0.051491  0.077038
  0.044738  0.072206
  0.038439  0.067321
  0.032600  0.062403
  0.027226  0.057470
  0.022325  0.052541
  0.017899  0.047639
  0.013954  0.042781
  0.010493  0.037990
  0.007520  0.033284
  0.005038  0.028682
  0.003050  0.024201
  0.001557  0.019859
  0.000561  0.015670
  0.000062  0.011650
  0.000062  0.007809
  0.000561  0.004161
  0.001557  0.000716
  0.003050  -0.002518
  0.005038  -0.005532
  0.007520  -0.008316
  0.010493  -0.010865
  0.013954  -0.013171
  0.017899  -0.015228
  0.022325  -0.017032
  0.027226  -0.018578
  0.032600  -0.019861
  0.038439  -0.020879
  0.044738  -0.021629
  0.051491  -0.022110
  0.058691  -0.022322
  0.066331  -0.022267
  0.074403  -0.021948
  0.082900  -0.021371
  0.091812  -0.020542
  0.101131  -0.019469
  0.110848  -0.018163
  0.120953  -0.016636
  0.131435  -0.014902
  0.142285  -0.012976
  0.153492  -0.010875
  0.165044  -0.008617
  0.176930  -0.006220
  0.189138  -0.003706
  0.201655  -0.001095
  0.214470  0.001593
  0.227570  0.004336
  0.240941  0.007116
  0.254571  0.009912
  0.268445  0.012706
  0.282550  0.015482
  0.296872  0.018222
  0.311396  0.020913
  0.326109  0.023541
  0.340994  0.026094
  0.356038  0.028563
  0.371226  0.030937
  0.386542  0.033210
  0.401971  0.035373
  0.417498  0.037421
  0.433107  0.039348
  0.448783  0.041149
  0.464509  0.042819
  0.480272  0.044354
  0.496053  0.045751
  0.511839  0.047006
  0.527613  0.048115
  0.543359  0.049078
  0.559063  0.049891
  0.574707  0.050553
  0.590277  0.051064
  0.605757  0.051425
  0.621131  0.051636
  0.636385  0.051700
  0.651503  0.051620
  0.666469  0.051400
  0.681270  0.051046
  0.695890  0.050563
  0.710315  0.049958
  0.724530  0.049239
  0.738522  0.048412
  0.752275  0.047486
  0.765777  0.046469
  0.779014  0.045370
  0.791974  0.044198
  0.804642  0.042961
  0.817006  0.041667
  0.829054  0.040326
  0.840775  0.038944
  0.852155  0.037528
  0.863185  0.036086
  0.873852  0.034623
  0.884147  0.033145
  0.894059  0.031729
  0.903579  0.030324
  0.912695  0.028936
  0.921401  0.027572
  0.929686  0.026237
  0.937544  0.024936
  0.944964  0.023674
  0.951942  0.022453
  0.958469  0.021276
  0.964539  0.020146
  0.970146  0.019065
  0.975284  0.018034
  0.979948  0.017053
  0.984134  0.016123
  0.987838  0.015242
  0.991055  0.014411
  0.993782  0.013627
  0.996018  0.012888
  0.997759  0.012194
  0.999003  0.011541
  0.999751  0.010928
  1.000000  0.010352
