  1.000000  0.012507
  0.999751  0.013483
  0.999003  0.014541
  0.997759  0.015689
  0.996018  0.016935
  0.993782  0.018286
  0.991055  0.019750
  0.987838  0.021336
  0.984134  0.023051
  0.979948  0.024903
  0.975284  0.026898
  0.970146  0.029045
  0.964539  0.031347
  0.958469  0.033809
  0.951942  0.036435
  0.944964  0.039226
  0.937544  0.042182
  0.929686  0.045302
  0.921401  0.048581
  0.912695  0.052013
  0.903579  0.055592
  0.894059  0.059307
  0.884147  0.063149
  0.873852  0.067217
  0.863185  0.071365
  0.852155  0.075576
  0.840775  0.079836
  0.829054  0.084127
  0.817006  0.088429
  0.804642  0.092725
  0.791974  0.096993
  0.779014  0.101212
  0.765777  0.105363
  0.752275  0.109425
  0.738522  0.113378
  0.724530  0.117206
  0.710315  0.120891
  0.695890  0.124418
  0.681270  0.127775
  0.666469  0.130951
  0.651503  0.133936
  0.636385  0.136725
  0.621131  0.139310
  0.605757  0.141691
  0.590277  0.143863
  0.574707  0.145827
  0.559063  0.147583
  0.543359  0.149132
  0.527613  0.150477
  0.511839  0.151621
  0.496053  0.152566
  0.480272  0.153318
  0.464509  0.153879
  0.448783  0.154253
  0.433107  0.154443
  0.417498  0.154453
  0.401971  0.154286
  0.386542  0.153945
  0.371226  0.153433
  0.356038  0.152752
  0.340994  0.151903
  0.326109  0.150889
  0.311396  0.149709
  0.296872  0.148366
  0.282550  0.146860
  0.268445  0.145190
  0.254571  0.143357
  0.240941  0.141361
  0.227570  0.139201
  0.214470  0.136877
  0.201655  0.134388
  0.189138  0.131735
  0.176930  0.128916
  0.165044  0.125932
  0.153492  0.122782
  0.142285  0.119466
  0.131435  0.115987
  0.120953  0.112345
  0.110848  0.108544
  0.101131  0.104589
  0.091812  0.100483
  0.082900  0.096233
  0.074403  0.091847
  0.066331  0.087335
  0.058691  0.082709
  0.051491  0.077981
  0.044738  0.073168
  0.038439  0.068286
  0.032600  0.063352
  0.027226  0.058387
  0.022325  0.053409
  0.017899  0.048440
  0.013954  0.043500
  0.010493  0.038609
  0.007520  0.033789
  0.005038  0.029057
  0.003050  0.024434
  0.001557  0.019935
  0.000561  0.015579
  0.000062  0.011379
  0.000062  0.007351
  0.000561  0.003508
  0.001557  -0.000139
  0.003050  -0.003578
  0.005038  -0.006798
  0.007520  -0.009788
  0.010493  -0.012540
  0.013954  -0.015044
  0.017899  -0.017292
  0.022325  -0.019275
  0.027226  -0.020988
  0.032600  -0.022422
  0.038439  -0.023573
  0.044738  -0.024436
  0.051491  -0.025007
  0.058691  -0.025284
  0.066331  -0.025267
  0.074403  -0.024959
  0.082900  -0.024364
  0.091812  -0.023488
  0.101131  -0.022339
  0.110848  -0.020929
  0.120953  -0.019271
  0.131435  -0.017380
  0.142285  -0.015275
  0.153492  -0.012975
  0.165044  -0.010502
  0.176930  -0.007878
  0.189138  -0.005129
  0.201655  -0.002279
  0.214470  0.000646
  0.227570  0.003621
  0.240941  0.006620
  0.254571  0.009621
  0.268445  0.012601
  0.282550  0.015538
  0.296872  0.018414
  0.311396  0.021211
  0.326109  0.023915
  0.340994  0.026511
  0.356038  0.028990
  0.371226  0.031342
  0.386542  0.033560
  0.401971  0.035637
  0.417498  0.037570
  0.433107  0.039354
  0.448783  0.040988
  0.464509  0.042469
  0.480272  0.043796
  0.496053  0.044969
  0.511839  0.045988
  0.527613  0.046853
  0.543359  0.047565
  0.559063  0.048125
  0.574707  0.048534
  0.590277  0.048794
  0.605757  0.048909
  0.621131  0.048881
  0.636385  0.048715
  0.651503  0.048416
  0.666469  0.047988
  0.681270  0.047439
  0.695890  0.046775
  0.710315  0.046004
  0.724530  0.045132
  0.738522  0.044169
  0.752275  0.043122
  0.765777  0.041999
  0.779014  0.040810
  0.791974  0.039563
  0.804642  0.038267
  0.817006  0.036931
  0.829054  0.035562
  0.840775  0.034169
  0.852155  0.032758
  0.863185  0.031336
  0.873852  0.029910
  0.884147  0.028483
  0.894059  0.027124
  0.903579  0.025787
  0.912695  0.024479
  0.921401  0.023204
  0.929686  0.021966
  0.937544  0.020770
  0.944964  0.019618
  0.951942  0.018512
  0.958469  0.017455
  0.964539  0.016448
  0.970146  0.015490
  0.975284  0.014584
  0.979948  0.013727
  0.984134  0.012919
  0.987838  0.012159
  0.991055  0.011446
  0.993782  0.010777
  0.996018  0.010151
  0.997759  0.009565
  0.999003  0.009018
  0.999751  0.008506
  1.000000  0.008027
