  1.000000  0.015462
  0.999751  0.016538
  0.999003  0.017694
  0.997759  0.018938
  0.996018  0.020276
  0.993782  0.021715
  0.991055  0.023260
  0.987838  0.024919
  0.984134  0.026696
  0.979948  0.028597
  0.975284  0.030626
  0.970146  0.032788
  0.964539  0.035084
  0.958469  0.037517
  0.951942  0.040086
  0.944964  0.042790
  0.937544  0.045628
  0.929686  0.048594
  0.921401  0.051684
  0.912695  0.054890
  0.903579  0.058205
  0.894059  0.061619
  0.884147  0.065122
  0.873852  0.068821
  0.863185  0.072563
  0.852155  0.076338
  0.840775  0.080135
  0.829054  0.083943
  0.817006  0.087748
  0.804642  0.091537
  0.791974  0.095296
  0.779014  0.099011
  0.765777  0.102668
  0.752275  0.106253
  0.738522  0.109753
  0.724530  0.113156
  0.710315  0.116449
  0.695890  0.119624
  0.681270  0.122669
  0.666469  0.125578
  0.651503  0.128343
  0.636385  0.130959
  0.621131  0.133421
  0.605757  0.135726
  0.590277  0.137871
  0.574707  0.139854
  0.559063  0.141674
  0.543359  0.143330
  0.527613  0.144821
  0.511839  0.146148
  0.496053  0.147312
  0.480272  0.148311
  0.464509  0.149148
  0.448783  0.149821
  0.433107  0.150331
  0.417498  0.150678
  0.401971  0.150862
  0.386542  0.150883
  0.371226  0.150740
  0.356038  0.150434
  0.340994  0.149961
  0.326109  0.149323
  0.311396  0.148516
  0.296872  0.147540
  0.282550  0.146394
  0.268445  0.145074
  0.254571  0.143580
  0.240941  0.141910
  0.227570  0.140062
  0.214470  0.138034
  0.201655  0.135824
  0.189138  0.133430
  0.176930  0.130852
  0.165044  0.128087
  0.153492  0.125134
  0.142285  0.121992
  0.131435  0.118663
  0.120953  0.115147
  0.110848  0.111447
  0.101131  0.107567
  0.091812  0.103511
  0.082900  0.099286
  0.074403  0.094900
  0.066331  0.090363
  0.058691  0.085689
  0.051491  0.080891
  0.044738  0.075988
  0.038439  0.070997
  0.032600  0.065939
  0.027226  0.060835
  0.022325  0.055708
  0.017899  0.050580
  0.013954  0.045475
  0.010493  0.040416
  0.007520  0.035426
  0.005038  0.030526
  0.003050  0.025738
  0.001557  0.021080
  0.000561  0.016571
  0.000062  0.012227
  0.000062  0.008064
  0.000561  0.004096
  0.001557  0.000334
  0.003050  -0.003210
  0.005038  -0.006524
  0.007520  -0.009600
  0.010493  -0.012428
  0.013954  -0.015000
  0.017899  -0.017309
  0.022325  -0.019347
  0.027226  -0.021109
  0.032600  -0.022591
  0.038439  -0.023786
  0.044738  -0.024692
  0.051491  -0.025307
  0.058691  -0.025630
  0.066331  -0.025662
  0.074403  -0.025406
  0.082900  -0.024866
  0.091812  -0.024049
  0.101131  -0.022963
  0.110848  -0.021619
  0.120953  -0.020030
  0.131435  -0.018209
  0.142285  -0.016173
  0.153492  -0.013940
  0.165044  -0.011527
  0.176930  -0.008956
  0.189138  -0.006248
  0.201655  -0.003424
  0.214470  -0.000508
  0.227570  0.002480
  0.240941  0.005518
  0.254571  0.008584
  0.268445  0.011660
  0.282550  0.014725
  0.296872  0.017764
  0.311396  0.020759
  0.326109  0.023696
  0.340994  0.026561
  0.356038  0.029343
  0.371226  0.032031
  0.386542  0.034614
  0.401971  0.037084
  0.417498  0.039432
  0.433107  0.041651
  0.448783  0.043734
  0.464509  0.045674
  0.480272  0.047465
  0.496053  0.049101
  0.511839  0.050577
  0.527613  0.051887
  0.543359  0.053026
  0.559063  0.053992
  0.574707  0.054781
  0.590277  0.055391
  0.605757  0.055821
  0.621131  0.056071
  0.636385  0.056145
  0.651503  0.056043
  0.666469  0.055772
  0.681270  0.055335
  0.695890  0.054742
  0.710315  0.053999
  0.724530  0.053115
  0.738522  0.052101
  0.752275  0.050966
  0.765777  0.049722
  0.779014  0.048381
  0.791974  0.046954
  0.804642  0.045454
  0.817006  0.043892
  0.829054  0.042281
  0.840775  0.040630
  0.852155  0.038951
  0.863185  0.037253
  0.873852  0.035544
  0.884147  0.033831
  0.894059  0.032197
  0.903579  0.030589
  0.912695  0.029014
  0.921401  0.027480
  0.929686  0.025991
  0.937544  0.024553
  0.944964  0.023170
  0.951942  0.021845
  0.958469  0.020579
  0.964539  0.019374
  0.970146  0.018230
  0.975284  0.017149
  0.979948  0.016129
  0.984134  0.015168
  0.987838  0.014266
  0.991055  0.013420
  0.993782  0.012628
  0.996018  0.011887
  0.997759  0.011195
  0.999003  0.010549
  0.999751  0.009945
  1.000000  0.009381
