  1.000000  0.010380
  0.999751  0.011167
  0.999003  0.012019
  0.997759  0.012939
  0.996018  0.013935
  0.993782  0.015011
  0.991055  0.016173
  0.987838  0.017428
  0.984134  0.018780
  0.979948  0.020235
  0.975284  0.021796
  0.970146  0.023469
  0.964539  0.025256
  0.958469  0.027161
  0.951942  0.029184
  0.944964  0.031327
  0.937544  0.033588
  0.929686  0.035966
  0.921401  0.038458
  0.912695  0.041061
  0.903579  0.043768
  0.894059  0.046574
  0.884147  0.049472
  0.873852  0.052544
  0.863185  0.055676
  0.852155  0.058859
  0.840775  0.062086
  0.829054  0.065346
  0.817006  0.068631
  0.804642  0.071928
  0.791974  0.075227
  0.779014  0.078516
  0.765777  0.081784
  0.752275  0.085019
  0.738522  0.088209
  0.724530  0.091343
  0.710315  0.094410
  0.695890  0.097401
  0.681270  0.100306
  0.666469  0.103114
  0.651503  0.105819
  0.636385  0.108412
  0.621131  0.110885
  0.605757  0.113231
  0.590277  0.115445
  0.574707  0.117518
  0.559063  0.119446
  0.543359  0.121222
  0.527613  0.122840
  0.511839  0.124295
  0.496053  0.125582
  0.480272  0.126696
  0.464509  0.127631
  0.448783  0.128383
  0.433107  0.128947
  0.417498  0.129321
  0.401971  0.129501
  0.386542  0.129484
  0.371226  0.129269
  0.356038  0.128854
  0.340994  0.128239
  0.326109  0.127424
  0.311396  0.126410
  0.296872  0.125198
  0.282550  0.123792
  0.268445  0.122193
  0.254571  0.120406
  0.240941  0.118436
  0.227570  0.116287
  0.214470  0.113965
  0.201655  0.111477
  0.189138  0.108829
  0.176930  0.106026
  0.165044  0.103077
  0.153492  0.099988
  0.142285  0.096767
  0.131435  0.093423
  0.120953  0.089963
  0.110848  0.086397
  0.101131  0.082736
  0.091812  0.078989
  0.082900  0.075167
  0.074403  0.071284
  0.066331  0.067352
  0.058691  0.063387
  0.051491  0.059403
  0.044738  0.055418
  0.038439  0.051450
  0.032600  0.047515
  0.027226  0.043633
  0.022325  0.039823
  0.017899  0.036101
  0.013954  0.032486
  0.010493  0.028994
  0.007520  0.025640
  0.005038  0.022438
  0.003050  0.019399
  0.001557  0.016532
  0.000561  0.013847
  0.000062  0.011347
  0.000062  0.009036
  0.000561  0.006915
  0.001557  0.004984
  0.003050  0.003240
  0.005038  0.001680
  0.007520  0.000300
  0.010493  -0.000906
  0.013954  -0.001943
  0.017899  -0.002820
  0.022325  -0.003542
  0.027226  -0.004119
  0.032600  -0.004556
  0.038439  -0.004863
  0.044738  -0.005045
  0.051491  -0.005112
  0.058691  -0.005069
  0.066331  -0.004923
  0.074403  -0.004683
  0.082900  -0.004354
  0.091812  -0.003944
  0.101131  -0.003458
  0.110848  -0.002905
  0.120953  -0.002290
  0.131435  -0.001621
  0.142285  -0.000903
  0.153492  -0.000142
  0.165044  0.000657
  0.176930  0.001486
  0.189138  0.002341
  0.201655  0.003215
  0.214470  0.004103
  0.227570  0.005000
  0.240941  0.005901
  0.254571  0.006801
  0.268445  0.007696
  0.282550  0.008582
  0.296872  0.009456
  0.311396  0.010313
  0.326109  0.011152
  0.340994  0.011970
  0.356038  0.012764
  0.371226  0.013534
  0.386542  0.014276
  0.401971  0.014990
  0.417498  0.015674
  0.433107  0.016327
  0.448783  0.016948
  0.464509  0.017536
  0.480272  0.018089
  0.496053  0.018607
  0.511839  0.019089
  0.527613  0.019533
  0.543359  0.019938
  0.559063  0.020304
  0.574707  0.020630
  0.590277  0.020914
  0.605757  0.021157
  0.621131  0.021357
  0.636385  0.021514
  0.651503  0.021629
  0.666469  0.021702
  0.681270  0.021732
  0.695890  0.021720
  0.710315  0.021666
  0.724530  0.021572
  0.738522  0.021439
  0.752275  0.021266
  0.765777  0.021056
  0.779014  0.020810
  0.791974  0.020528
  0.804642  0.020213
  0.817006  0.019865
  0.829054  0.019486
  0.840775  0.019076
  0.852155  0.018638
  0.863185  0.018172
  0.873852  0.017679
  0.884147  0.017160
  0.894059  0.016653
  0.903579  0.016133
  0.912695  0.015603
  0.921401  0.015064
  0.929686  0.014520
  0.937544  0.013973
  0.944964  0.013427
  0.951942  0.012884
  0.958469  0.012347
  0.964539  0.011819
  0.970146  0.011301
  0.975284  0.010795
  0.979948  0.010305
  0.984134  0.009830
  0.987838  0.009372
  0.991055  0.008931
  0.993782  0.008509
  0.996018  0.008106
  0.997759  0.007721
  0.999003  0.007354
  0.999751  0.007004
  1.000000  0.006672
