  1.000000  0.014461
  0.999751  0.015312
  0.999003  0.016215
  0.997759  0.017176
  0.996018  0.018196
  0.993782  0.019280
  0.991055  0.020431
  0.987838  0.021651
  0.984134  0.022945
  0.979948  0.024315
  0.975284  0.025763
  0.970146  0.027292
  0.964539  0.028904
  0.958469  0.030600
  0.951942  0.032381
  0.944964  0.034249
  0.937544  0.036202
  0.929686  0.038240
  0.921401  0.040362
  0.912695  0.042564
  0.903579  0.044843
  0.894059  0.047195
  0.884147  0.049614
  0.873852  0.052095
  0.863185  0.054629
  0.852155  0.057211
  0.840775  0.059830
  0.829054  0.062478
  0.817006  0.065145
  0.804642  0.067822
  0.791974  0.070499
  0.779014  0.073251
  0.765777  0.075970
  0.752275  0.078645
  0.738522  0.081268
  0.724530  0.083829
  0.710315  0.086321
  0.695890  0.088735
  0.681270  0.091064
  0.666469  0.093299
  0.651503  0.095434
  0.636385  0.097463
  0.621131  0.099379
  0.605757  0.101177
  0.590277  0.102852
  0.574707  0.104399
  0.559063  0.105816
  0.543359  0.107097
  0.527613  0.108241
  0.511839  0.109245
  0.496053  0.110107
  0.480272  0.110825
  0.464509  0.111397
  0.448783  0.111822
  0.433107  0.112097
  0.417498  0.112223
  0.401971  0.112197
  0.386542  0.112020
  0.371226  0.111691
  0.356038  0.111210
  0.340994  0.110578
  0.326109  0.109796
  0.311396  0.108864
  0.296872  0.107784
  0.282550  0.106558
  0.268445  0.105188
  0.254571  0.103675
  0.240941  0.102024
  0.227570  0.100237
  0.214470  0.098317
  0.201655  0.096271
  0.189138  0.094101
  0.176930  0.091815
  0.165044  0.089415
  0.153492  0.086908
  0.142285  0.084299
  0.131435  0.081596
  0.120953  0.078804
  0.110848  0.075932
  0.101131  0.072988
  0.091812  0.069980
  0.082900  0.066919
  0.074403  0.063815
  0.066331  0.060676
  0.058691  0.057516
  0.051491  0.054344
  0.044738  0.051172
  0.038439  0.048012
  0.032600  0.044875
  0.027226  0.041772
  0.022325  0.038716
  0.017899  0.035716
  0.013954  0.032784
  0.010493  0.029928
  0.007520  0.027159
  0.005038  0.024483
  0.003050  0.021909
  0.001557  0.019442
  0.000561  0.017087
  0.000062  0.014849
  0.000062  0.012731
  0.000561  0.010734
  0.001557  0.008860
  0.003050  0.007108
  0.005038  0.005477
  0.007520  0.003966
  0.010493  0.002572
  0.013954  0.001291
  0.017899  0.000121
  0.022325  -0.000944
  0.027226  -0.001908
  0.032600  -0.002775
  0.038439  -0.003551
  0.044738  -0.004240
  0.051491  -0.004846
  0.058691  -0.005375
  0.066331  -0.005832
  0.074403  -0.006220
  0.082900  -0.006545
  0.091812  -0.006811
  0.101131  -0.007023
  0.110848  -0.007183
  0.120953  -0.007296
  0.131435  -0.007365
  0.142285  -0.007393
  0.153492  -0.007383
  0.165044  -0.007338
  0.176930  -0.007260
  0.189138  -0.007151
  0.201655  -0.007014
  0.214470  -0.006849
  0.227570  -0.006659
  0.240941  -0.006444
  0.254571  -0.006206
  0.268445  -0.005945
  0.282550  -0.005661
  0.296872  -0.005355
  0.311396  -0.005028
  0.326109  -0.004681
  0.340994  -0.004314
  0.356038  -0.003929
  0.371226  -0.003525
  0.386542  -0.003105
  0.401971  -0.002669
  0.417498  -0.002218
  0.433107  -0.001753
  0.448783  -0.001276
  0.464509  -0.000788
  0.480272  -0.000290
  0.496053  0.000216
  0.511839  0.000729
  0.527613  0.001248
  0.543359  0.001770
  0.559063  0.002294
  0.574707  0.002819
  0.590277  0.003342
  0.605757  0.003863
  0.621131  0.004378
  0.636385  0.004886
  0.651503  0.005385
  0.666469  0.005874
  0.681270  0.006349
  0.695890  0.006811
  0.710315  0.007255
  0.724530  0.007681
  0.738522  0.008087
  0.752275  0.008469
  0.765777  0.008827
  0.779014  0.009159
  0.791974  0.009461
  0.804642  0.009733
  0.817006  0.009992
  0.829054  0.010223
  0.840775  0.010426
  0.852155  0.010600
  0.863185  0.010746
  0.873852  0.010863
  0.884147  0.010952
  0.894059  0.011013
  0.903579  0.011047
  0.912695  0.011054
  0.921401  0.011037
  0.929686  0.010997
  0.937544  0.010934
  0.944964  0.010850
  0.951942  0.010748
  0.958469  0.010629
  0.964539  0.010493
  0.970146  0.010345
  0.975284  0.010184
  0.979948  0.010012
  0.984134  0.009832
  0.987838  0.009645
  0.991055  0.009452
  0.993782  0.009254
  0.996018  0.009053
  0.997759  0.008849
  0.999003  0.008644
  0.999751  0.008439
  1.000000  0.008233
