  1.000000  0.013839
  0.999751  0.014859
  0.999003  0.015960
  0.997759  0.017148
  0.996018  0.018431
  0.993782  0.019814
  0.991055  0.021306
  0.987838  0.022913
  0.984134  0.024642
  0.979948  0.026497
  0.975284  0.028485
  0.970146  0.030610
  0.964539  0.032876
  0.958469  0.035285
  0.951942  0.037839
  0.944964  0.040537
  0.937544  0.043377
  0.929686  0.046356
  0.921401  0.049470
  0.912695  0.052711
  0.903579  0.056072
  0.894059  0.059544
  0.884147  0.063116
  0.873852  0.066890
  0.863185  0.070719
  0.852155  0.074590
  0.840775  0.078491
  0.829054  0.082408
  0.817006  0.086325
  0.804642  0.090227
  0.791974  0.094097
  0.779014  0.097920
  0.765777  0.101678
  0.752275  0.105355
  0.738522  0.108935
  0.724530  0.112404
  0.710315  0.115748
  0.695890  0.118955
  0.681270  0.122012
  0.666469  0.124912
  0.651503  0.127645
  0.636385  0.130205
  0.621131  0.132586
  0.605757  0.134785
  0.590277  0.136798
  0.574707  0.138624
  0.559063  0.140261
  0.543359  0.141709
  0.527613  0.142968
  0.511839  0.144039
  0.496053  0.144924
  0.480272  0.145624
  0.464509  0.146141
  0.448783  0.146476
  0.433107  0.146630
  0.417498  0.146607
  0.401971  0.146407
  0.386542  0.146032
  0.371226  0.145485
  0.356038  0.144766
  0.340994  0.143877
  0.326109  0.142820
  0.311396  0.141595
  0.296872  0.140205
  0.282550  0.138650
  0.268445  0.136932
  0.254571  0.135052
  0.240941  0.133010
  0.227570  0.130810
  0.214470  0.128451
  0.201655  0.125936
  0.189138  0.123266
  0.176930  0.120443
  0.165044  0.117468
  0.153492  0.114343
  0.142285  0.111072
  0.131435  0.107656
  0.120953  0.104100
  0.110848  0.100408
  0.101131  0.096586
  0.091812  0.092639
  0.082900  0.088574
  0.074403  0.084401
  0.066331  0.080129
  0.058691  0.075769
  0.051491  0.071334
  0.044738  0.066839
  0.038439  0.062299
  0.032600  0.057731
  0.027226  0.053152
  0.022325  0.048579
  0.017899  0.044032
  0.013954  0.039529
  0.010493  0.035087
  0.007520  0.030725
  0.005038  0.026459
  0.003050  0.022306
  0.001557  0.018280
  0.000561  0.014395
  0.000062  0.010664
  0.000062  0.007099
  0.000561  0.003711
  0.001557  0.000507
  0.003050  -0.002501
  0.005038  -0.005307
  0.007520  -0.007903
  0.010493  -0.010282
  0.013954  -0.012438
  0.017899  -0.014365
  0.022325  -0.016058
  0.027226  -0.017513
  0.032600  -0.018725
  0.038439  -0.019692
  0.044738  -0.020411
  0.051491  -0.020881
  0.058691  -0.021102
  0.066331  -0.021076
  0.074403  -0.020805
  0.082900  -0.020294
  0.091812  -0.019550
  0.101131  -0.018580
  0.110848  -0.017395
  0.120953  -0.016006
  0.131435  -0.014427
  0.142285  -0.012671
  0.153492  -0.010757
  0.165044  -0.008700
  0.176930  -0.006519
  0.189138  -0.004234
  0.201655  -0.001864
  0.214470  0.000570
  0.227570  0.003049
  0.240941  0.005554
  0.254571  0.008066
  0.268445  0.010568
  0.282550  0.013044
  0.296872  0.015479
  0.311396  0.017861
  0.326109  0.020178
  0.340994  0.022420
  0.356038  0.024578
  0.371226  0.026645
  0.386542  0.028617
  0.401971  0.030488
  0.417498  0.032254
  0.433107  0.033913
  0.448783  0.035463
  0.464509  0.036901
  0.480272  0.038227
  0.496053  0.039440
  0.511839  0.040539
  0.527613  0.041524
  0.543359  0.042393
  0.559063  0.043149
  0.574707  0.043789
  0.590277  0.044316
  0.605757  0.044730
  0.621131  0.045033
  0.636385  0.045226
  0.651503  0.045311
  0.666469  0.045292
  0.681270  0.045171
  0.695890  0.044953
  0.710315  0.044640
  0.724530  0.044237
  0.738522  0.043748
  0.752275  0.043177
  0.765777  0.042529
  0.779014  0.041809
  0.791974  0.041021
  0.804642  0.040169
  0.817006  0.039259
  0.829054  0.038295
  0.840775  0.037281
  0.852155  0.036221
  0.863185  0.035119
  0.873852  0.033977
  0.884147  0.032798
  0.894059  0.031659
  0.903579  0.030509
  0.912695  0.029352
  0.921401  0.028195
  0.929686  0.027043
  0.937544  0.025902
  0.944964  0.024776
  0.951942  0.023670
  0.958469  0.022588
  0.964539  0.021535
  0.970146  0.020513
  0.975284  0.019525
  0.979948  0.018574
  0.984134  0.017661
  0.987838  0.016788
  0.991055  0.015954
  0.993782  0.015160
  0.996018  0.014405
  0.997759  0.013689
  0.999003  0.013011
  0.999751  0.012368
  1.000000  0.011760
