  1.000000  0.015830
  0.999751  0.016908
  0.999003  0.018065
  0.997759  0.019308
  0.996018  0.020643
  0.993782  0.022076
  0.991055  0.023613
  0.987838  0.025261
  0.984134  0.027024
  0.979948  0.028907
  0.975284  0.030914
  0.970146  0.033049
  0.964539  0.035313
  0.958469  0.037708
  0.951942  0.040234
  0.944964  0.042889
  0.937544  0.045670
  0.929686  0.048573
  0.921401  0.051593
  0.912695  0.054722
  0.903579  0.057953
  0.894059  0.061276
  0.884147  0.064681
  0.873852  0.068274
  0.863185  0.071903
  0.852155  0.075560
  0.840775  0.079233
  0.829054  0.082911
  0.817006  0.086582
  0.804642  0.090233
  0.791974  0.093850
  0.779014  0.097421
  0.765777  0.100931
  0.752275  0.104368
  0.738522  0.107717
  0.724530  0.110968
  0.710315  0.114108
  0.695890  0.117127
  0.681270  0.120017
  0.666469  0.122767
  0.651503  0.125373
  0.636385  0.127826
  0.621131  0.130123
  0.605757  0.132259
  0.590277  0.134231
  0.574707  0.136037
  0.559063  0.137674
  0.543359  0.139142
  0.527613  0.140440
  0.511839  0.141567
  0.496053  0.142523
  0.480272  0.143309
  0.464509  0.143925
  0.448783  0.144370
  0.433107  0.144645
  0.417498  0.144751
  0.401971  0.144687
  0.386542  0.144454
  0.371226  0.144052
  0.356038  0.143483
  0.340994  0.142745
  0.326109  0.141839
  0.311396  0.140764
  0.296872  0.139523
  0.282550  0.138114
  0.268445  0.136538
  0.254571  0.134795
  0.240941  0.132886
  0.227570  0.130812
  0.214470  0.128574
  0.201655  0.126171
  0.189138  0.123606
  0.176930  0.120880
  0.165044  0.117993
  0.153492  0.114947
  0.142285  0.111745
  0.131435  0.108389
  0.120953  0.104883
  0.110848  0.101232
  0.101131  0.097440
  0.091812  0.093514
  0.082900  0.089461
  0.074403  0.085290
  0.066331  0.081011
  0.058691  0.076637
  0.051491  0.072179
  0.044738  0.067655
  0.038439  0.063079
  0.032600  0.058470
  0.027226  0.053845
  0.022325  0.049223
  0.017899  0.044624
  0.013954  0.040066
  0.010493  0.035569
  0.007520  0.031150
  0.005038  0.026826
  0.003050  0.022615
  0.001557  0.018532
  0.000561  0.014589
  0.000062  0.010801
  0.000062  0.007177
  0.000561  0.003728
  0.001557  0.000463
  0.003050  -0.002611
  0.005038  -0.005487
  0.007520  -0.008159
  0.010493  -0.010620
  0.013954  -0.012865
  0.017899  -0.014891
  0.022325  -0.016694
  0.027226  -0.018271
  0.032600  -0.019618
  0.038439  -0.020736
  0.044738  -0.021622
  0.051491  -0.022276
  0.058691  -0.022700
  0.066331  -0.022895
  0.074403  -0.022866
  0.082900  -0.022617
  0.091812  -0.022154
  0.101131  -0.021486
  0.110848  -0.020621
  0.120953  -0.019569
  0.131435  -0.018342
  0.142285  -0.016953
  0.153492  -0.015414
  0.165044  -0.013739
  0.176930  -0.011944
  0.189138  -0.010044
  0.201655  -0.008054
  0.214470  -0.005989
  0.227570  -0.003866
  0.240941  -0.001699
  0.254571  0.000498
  0.268445  0.002711
  0.282550  0.004928
  0.296872  0.007137
  0.311396  0.009327
  0.326109  0.011489
  0.340994  0.013612
  0.356038  0.015690
  0.371226  0.017715
  0.386542  0.019680
  0.401971  0.021579
  0.417498  0.023408
  0.433107  0.025160
  0.448783  0.026830
  0.464509  0.028415
  0.480272  0.029910
  0.496053  0.031310
  0.511839  0.032611
  0.527613  0.033810
  0.543359  0.034904
  0.559063  0.035888
  0.574707  0.036760
  0.590277  0.037519
  0.605757  0.038162
  0.621131  0.038690
  0.636385  0.039101
  0.651503  0.039397
  0.666469  0.039580
  0.681270  0.039651
  0.695890  0.039614
  0.710315  0.039472
  0.724530  0.039229
  0.738522  0.038890
  0.752275  0.038459
  0.765777  0.037942
  0.779014  0.037345
  0.791974  0.036672
  0.804642  0.035930
  0.817006  0.035125
  0.829054  0.034262
  0.840775  0.033346
  0.852155  0.032383
  0.863185  0.031377
  0.873852  0.030332
  0.884147  0.029253
  0.894059  0.028207
  0.903579  0.027151
  0.912695  0.026091
  0.921401  0.025032
  0.929686  0.023980
  0.937544  0.022939
  0.944964  0.021915
  0.951942  0.020911
  0.958469  0.019932
  0.964539  0.018981
  0.970146  0.018061
  0.975284  0.017174
  0.979948  0.016322
  0.984134  0.015506
  0.987838  0.014726
  0.991055  0.013984
  0.993782  0.013279
  0.996018  0.012610
  0.997759  0.011976
  0.999003  0.011376
  0.999751  0.010809
  1.000000  0.010273
