  1.000000  0.013602
  0.999751  0.014611
  0.999003  0.015700
  0.997759  0.016876
  0.996018  0.018146
  0.993782  0.019517
  0.991055  0.020996
  0.987838  0.022590
  0.984134  0.024305
  0.979948  0.026148
  0.975284  0.028124
  0.970146  0.030237
  0.964539  0.032492
  0.958469  0.034891
  0.951942  0.037435
  0.944964  0.040124
  0.937544  0.042958
  0.929686  0.045932
  0.921401  0.049042
  0.912695  0.052282
  0.903579  0.055643
  0.894059  0.059116
  0.884147  0.062692
  0.873852  0.066470
  0.863185  0.070305
  0.852155  0.074184
  0.840775  0.078095
  0.829054  0.082022
  0.817006  0.085950
  0.804642  0.089863
  0.791974  0.093745
  0.779014  0.097579
  0.765777  0.101348
  0.752275  0.105035
  0.738522  0.108624
  0.724530  0.112101
  0.710315  0.115451
  0.695890  0.118663
  0.681270  0.121724
  0.666469  0.124626
  0.651503  0.127361
  0.636385  0.129922
  0.621131  0.132303
  0.605757  0.134502
  0.590277  0.136516
  0.574707  0.138343
  0.559063  0.139983
  0.543359  0.141435
  0.527613  0.142700
  0.511839  0.143780
  0.496053  0.144677
  0.480272  0.145392
  0.464509  0.145928
  0.448783  0.146286
  0.433107  0.146469
  0.417498  0.146478
  0.401971  0.146316
  0.386542  0.145984
  0.371226  0.145485
  0.356038  0.144819
  0.340994  0.143988
  0.326109  0.142993
  0.311396  0.141835
  0.296872  0.140514
  0.282550  0.139032
  0.268445  0.137389
  0.254571  0.135585
  0.240941  0.133621
  0.227570  0.131497
  0.214470  0.129214
  0.201655  0.126772
  0.189138  0.124172
  0.176930  0.121414
  0.165044  0.118499
  0.153492  0.115428
  0.142285  0.112203
  0.131435  0.108826
  0.120953  0.105299
  0.110848  0.101629
  0.101131  0.097818
  0.091812  0.093874
  0.082900  0.089802
  0.074403  0.085613
  0.066331  0.081316
  0.058691  0.076923
  0.051491  0.072449
  0.044738  0.067909
  0.038439  0.063319
  0.032600  0.058698
  0.027226  0.054064
  0.022325  0.049437
  0.017899  0.044837
  0.013954  0.040283
  0.010493  0.035794
  0.007520  0.031391
  0.005038  0.027090
  0.003050  0.022909
  0.001557  0.018863
  0.000561  0.014966
  0.000062  0.011232
  0.000062  0.007671
  0.000561  0.004293
  0.001557  0.001106
  0.003050  -0.001881
  0.005038  -0.004662
  0.007520  -0.007231
  0.010493  -0.009583
  0.013954  -0.011714
  0.017899  -0.013619
  0.022325  -0.015297
  0.027226  -0.016745
  0.032600  -0.017960
  0.038439  -0.018943
  0.044738  -0.019692
  0.051491  -0.020209
  0.058691  -0.020494
  0.066331  -0.020551
  0.074403  -0.020384
  0.082900  -0.019998
  0.091812  -0.019400
  0.101131  -0.018597
  0.110848  -0.017600
  0.120953  -0.016417
  0.131435  -0.015063
  0.142285  -0.013547
  0.153492  -0.011885
  0.165044  -0.010090
  0.176930  -0.008177
  0.189138  -0.006162
  0.201655  -0.004060
  0.214470  -0.001887
  0.227570  0.000341
  0.240941  0.002610
  0.254571  0.004905
  0.268445  0.007213
  0.282550  0.009520
  0.296872  0.011816
  0.311396  0.014088
  0.326109  0.016328
  0.340994  0.018526
  0.356038  0.020674
  0.371226  0.022765
  0.386542  0.024793
  0.401971  0.026752
  0.417498  0.028636
  0.433107  0.030440
  0.448783  0.032160
  0.464509  0.033791
  0.480272  0.035329
  0.496053  0.036771
  0.511839  0.038111
  0.527613  0.039347
  0.543359  0.040474
  0.559063  0.041491
  0.574707  0.042394
  0.590277  0.043180
  0.605757  0.043850
  0.621131  0.044400
  0.636385  0.044832
  0.651503  0.045145
  0.666469  0.045341
  0.681270  0.045422
  0.695890  0.045389
  0.710315  0.045247
  0.724530  0.044999
  0.738522  0.044648
  0.752275  0.044200
  0.765777  0.043658
  0.779014  0.043028
  0.791974  0.042316
  0.804642  0.041526
  0.817006  0.040664
  0.829054  0.039735
  0.840775  0.038745
  0.852155  0.037698
  0.863185  0.036598
  0.873852  0.035450
  0.884147  0.034256
  0.894059  0.033098
  0.903579  0.031923
  0.912695  0.030738
  0.921401  0.029547
  0.929686  0.028359
  0.937544  0.027179
  0.944964  0.026012
  0.951942  0.024864
  0.958469  0.023740
  0.964539  0.022643
  0.970146  0.021579
  0.975284  0.020548
  0.979948  0.019556
  0.984134  0.018602
  0.987838  0.017688
  0.991055  0.016816
  0.993782  0.015985
  0.996018  0.015195
  0.997759  0.014445
  0.999003  0.013733
  0.999751  0.013059
  1.000000  0.012421
