  1.000000  0.012748
  0.999751  0.013705
  0.999003  0.014740
  0.997759  0.015858
  0.996018  0.017066
  0.993782  0.018373
  0.991055  0.019784
  0.987838  0.021306
  0.984134  0.022947
  0.979948  0.024711
  0.975284  0.026604
  0.970146  0.028632
  0.964539  0.030799
  0.958469  0.033107
  0.951942  0.035558
  0.944964  0.038153
  0.937544  0.040890
  0.929686  0.043766
  0.921401  0.046779
  0.912695  0.049920
  0.903579  0.053184
  0.894059  0.056562
  0.884147  0.060042
  0.873852  0.063724
  0.863185  0.067466
  0.852155  0.071255
  0.840775  0.075080
  0.829054  0.078927
  0.817006  0.082779
  0.804642  0.086622
  0.791974  0.090438
  0.779014  0.094212
  0.765777  0.097926
  0.752275  0.101565
  0.738522  0.105112
  0.724530  0.108553
  0.710315  0.111875
  0.695890  0.115064
  0.681270  0.118110
  0.666469  0.121004
  0.651503  0.123737
  0.636385  0.126303
  0.621131  0.128697
  0.605757  0.130916
  0.590277  0.132956
  0.574707  0.134816
  0.559063  0.136495
  0.543359  0.137993
  0.527613  0.139310
  0.511839  0.140447
  0.496053  0.141406
  0.480272  0.142189
  0.464509  0.142797
  0.448783  0.143232
  0.433107  0.143494
  0.417498  0.143587
  0.401971  0.143511
  0.386542  0.143269
  0.371226  0.142861
  0.356038  0.142288
  0.340994  0.141552
  0.326109  0.140653
  0.311396  0.139592
  0.296872  0.138369
  0.282550  0.136985
  0.268445  0.135440
  0.254571  0.133734
  0.240941  0.131868
  0.227570  0.129842
  0.214470  0.127656
  0.201655  0.125310
  0.189138  0.122806
  0.176930  0.120142
  0.165044  0.117320
  0.153492  0.114341
  0.142285  0.111206
  0.131435  0.107917
  0.120953  0.104477
  0.110848  0.100890
  0.101131  0.097160
  0.091812  0.093293
  0.082900  0.089296
  0.074403  0.085176
  0.066331  0.080944
  0.058691  0.076612
  0.051491  0.072192
  0.044738  0.067700
  0.038439  0.063151
  0.032600  0.058564
  0.027226  0.053956
  0.022325  0.049346
  0.017899  0.044754
  0.013954  0.040199
  0.010493  0.035700
  0.007520  0.031277
  0.005038  0.026946
  0.003050  0.022725
  0.001557  0.018630
  0.000561  0.014674
  0.000062  0.010872
  0.000062  0.007236
  0.000561  0.003776
  0.001557  0.000502
  0.003050  -0.002577
  0.005038  -0.005454
  0.007520  -0.008119
  0.010493  -0.010567
  0.013954  -0.012792
  0.017899  -0.014788
  0.022325  -0.016549
  0.027226  -0.018073
  0.032600  -0.019355
  0.038439  -0.020391
  0.044738  -0.021181
  0.051491  -0.021723
  0.058691  -0.022017
  0.066331  -0.022064
  0.074403  -0.021869
  0.082900  -0.021436
  0.091812  -0.020772
  0.101131  -0.019885
  0.110848  -0.018786
  0.120953  -0.017487
  0.131435  -0.016001
  0.142285  -0.014345
  0.153492  -0.012533
  0.165044  -0.010585
  0.176930  -0.008519
  0.189138  -0.006355
  0.201655  -0.004114
  0.214470  -0.001815
  0.227570  0.000521
  0.240941  0.002874
  0.254571  0.005227
  0.268445  0.007563
  0.282550  0.009864
  0.296872  0.012118
  0.311396  0.014312
  0.326109  0.016434
  0.340994  0.018476
  0.356038  0.020431
  0.371226  0.022294
  0.386542  0.024059
  0.401971  0.025724
  0.417498  0.027288
  0.433107  0.028749
  0.448783  0.030107
  0.464509  0.031363
  0.480272  0.032518
  0.496053  0.033573
  0.511839  0.034530
  0.527613  0.035390
  0.543359  0.036154
  0.559063  0.036825
  0.574707  0.037404
  0.590277  0.037893
  0.605757  0.038293
  0.621131  0.038608
  0.636385  0.038838
  0.651503  0.038986
  0.666469  0.039054
  0.681270  0.039046
  0.695890  0.038962
  0.710315  0.038807
  0.724530  0.038582
  0.738522  0.038290
  0.752275  0.037933
  0.765777  0.037514
  0.779014  0.037034
  0.791974  0.036497
  0.804642  0.035905
  0.817006  0.035259
  0.829054  0.034563
  0.840775  0.033817
  0.852155  0.033023
  0.863185  0.032184
  0.873852  0.031299
  0.884147  0.030370
  0.894059  0.029467
  0.903579  0.028542
  0.912695  0.027598
  0.921401  0.026641
  0.929686  0.025676
  0.937544  0.024708
  0.944964  0.023740
  0.951942  0.022779
  0.958469  0.021828
  0.964539  0.020893
  0.970146  0.019976
  0.975284  0.019082
  0.979948  0.018213
  0.984134  0.017372
  0.987838  0.016561
  0.991055  0.015782
  0.993782  0.015035
  0.996018  0.014320
  0.997759  0.013638
  0.999003  0.012989
  0.999751  0.012370
  1.000000  0.011782
