  1.000000  0.013343
  0.999751  0.014335
  0.999003  0.015405
  0.997759  0.016562
  0.996018  0.017811
  0.993782  0.019159
  0.991055  0.020614
  0.987838  0.022181
  0.984134  0.023869
  0.979948  0.025681
  0.975284  0.027625
  0.970146  0.029703
  0.964539  0.031921
  0.958469  0.034281
  0.951942  0.036784
  0.944964  0.039431
  0.937544  0.042219
  0.929686  0.045147
  0.921401  0.048208
  0.912695  0.051398
  0.903579  0.054709
  0.894059  0.058132
  0.884147  0.061657
  0.873852  0.065384
  0.863185  0.069169
  0.852155  0.073001
  0.840775  0.076868
  0.829054  0.080755
  0.817006  0.084649
  0.804642  0.088534
  0.791974  0.092394
  0.779014  0.096213
  0.765777  0.099976
  0.752275  0.103665
  0.738522  0.107266
  0.724530  0.110765
  0.710315  0.114147
  0.695890  0.117400
  0.681270  0.120513
  0.666469  0.123477
  0.651503  0.126282
  0.636385  0.128921
  0.621131  0.131389
  0.605757  0.133681
  0.590277  0.135792
  0.574707  0.137721
  0.559063  0.139464
  0.543359  0.141020
  0.527613  0.142389
  0.511839  0.143571
  0.496053  0.144564
  0.480272  0.145370
  0.464509  0.145989
  0.448783  0.146421
  0.433107  0.146668
  0.417498  0.146729
  0.401971  0.146606
  0.386542  0.146300
  0.371226  0.145812
  0.356038  0.145143
  0.340994  0.144294
  0.326109  0.143266
  0.311396  0.142061
  0.296872  0.140681
  0.282550  0.139126
  0.268445  0.137398
  0.254571  0.135500
  0.240941  0.133433
  0.227570  0.131199
  0.214470  0.128801
  0.201655  0.126241
  0.189138  0.123523
  0.176930  0.120647
  0.165044  0.117618
  0.153492  0.114438
  0.142285  0.111111
  0.131435  0.107641
  0.120953  0.104032
  0.110848  0.100290
  0.101131  0.096421
  0.091812  0.092432
  0.082900  0.088329
  0.074403  0.084123
  0.066331  0.079823
  0.058691  0.075440
  0.051491  0.070989
  0.044738  0.066483
  0.038439  0.061938
  0.032600  0.057369
  0.027226  0.052795
  0.022325  0.048232
  0.017899  0.043699
  0.013954  0.039212
  0.010493  0.034791
  0.007520  0.030452
  0.005038  0.026210
  0.003050  0.022083
  0.001557  0.018083
  0.000561  0.014224
  0.000062  0.010519
  0.000062  0.006977
  0.000561  0.003610
  0.001557  0.000425
  0.003050  -0.002569
  0.005038  -0.005366
  0.007520  -0.007958
  0.010493  -0.010339
  0.013954  -0.012504
  0.017899  -0.014447
  0.022325  -0.016166
  0.027226  -0.017655
  0.032600  -0.018912
  0.038439  -0.019934
  0.044738  -0.020720
  0.051491  -0.021269
  0.058691  -0.021582
  0.066331  -0.021659
  0.074403  -0.021506
  0.082900  -0.021125
  0.091812  -0.020524
  0.101131  -0.019711
  0.110848  -0.018693
  0.120953  -0.017482
  0.131435  -0.016091
  0.142285  -0.014532
  0.153492  -0.012819
  0.165044  -0.010968
  0.176930  -0.008996
  0.189138  -0.006918
  0.201655  -0.004752
  0.214470  -0.002515
  0.227570  -0.000225
  0.240941  0.002102
  0.254571  0.004451
  0.268445  0.006807
  0.282550  0.009155
  0.296872  0.011482
  0.311396  0.013778
  0.326109  0.016031
  0.340994  0.018233
  0.356038  0.020375
  0.371226  0.022451
  0.386542  0.024454
  0.401971  0.026379
  0.417498  0.028222
  0.433107  0.029978
  0.448783  0.031644
  0.464509  0.033218
  0.480272  0.034695
  0.496053  0.036074
  0.511839  0.037352
  0.527613  0.038527
  0.543359  0.039596
  0.559063  0.040559
  0.574707  0.041414
  0.590277  0.042159
  0.605757  0.042793
  0.621131  0.043318
  0.636385  0.043733
  0.651503  0.044038
  0.666469  0.044236
  0.681270  0.044328
  0.695890  0.044317
  0.710315  0.044206
  0.724530  0.043997
  0.738522  0.043694
  0.752275  0.043301
  0.765777  0.042821
  0.779014  0.042259
  0.791974  0.041619
  0.804642  0.040906
  0.817006  0.040122
  0.829054  0.039274
  0.840775  0.038364
  0.852155  0.037397
  0.863185  0.036375
  0.873852  0.035302
  0.884147  0.034181
  0.894059  0.033090
  0.903579  0.031978
  0.912695  0.030850
  0.921401  0.029712
  0.929686  0.028571
  0.937544  0.027432
  0.944964  0.026300
  0.951942  0.025182
  0.958469  0.024083
  0.964539  0.023006
  0.970146  0.021956
  0.975284  0.020937
  0.979948  0.019952
  0.984134  0.019002
  0.987838  0.018090
  0.991055  0.017216
  0.993782  0.016381
  0.996018  0.015586
  0.997759  0.014829
  0.999003  0.014110
  0.999751  0.013427
  1.000000  0.012779
