  1.000000  0.009879
  0.999751  0.010699
  0.999003  0.011592
  0.997759  0.012566
  0.996018  0.013627
  0.993782  0.014783
  0.991055  0.016043
  0.987838  0.017413
  0.984134  0.018903
  0.979948  0.020519
  0.975284  0.022270
  0.970146  0.024162
  0.964539  0.026201
  0.958469  0.028394
  0.951942  0.030745
  0.944964  0.033256
  0.937544  0.035929
  0.929686  0.038763
  0.921401  0.041758
  0.912695  0.044908
  0.903579  0.048208
  0.894059  0.051651
  0.884147  0.055227
  0.873852  0.059026
  0.863185  0.062918
  0.852155  0.066889
  0.840775  0.070926
  0.829054  0.075011
  0.817006  0.079128
  0.804642  0.083256
  0.791974  0.087378
  0.779014  0.091472
  0.765777  0.095520
  0.752275  0.099501
  0.738522  0.103398
  0.724530  0.107191
  0.710315  0.110866
  0.695890  0.114406
  0.681270  0.117799
  0.666469  0.121033
  0.651503  0.124098
  0.636385  0.126985
  0.621131  0.129690
  0.605757  0.132207
  0.590277  0.134532
  0.574707  0.136662
  0.559063  0.138596
  0.543359  0.140333
  0.527613  0.141873
  0.511839  0.143217
  0.496053  0.144365
  0.480272  0.145320
  0.464509  0.146082
  0.448783  0.146654
  0.433107  0.147035
  0.417498  0.147228
  0.401971  0.147235
  0.386542  0.147057
  0.371226  0.146695
  0.356038  0.146152
  0.340994  0.145427
  0.326109  0.144524
  0.311396  0.143442
  0.296872  0.142183
  0.282550  0.140749
  0.268445  0.139140
  0.254571  0.137358
  0.240941  0.135403
  0.227570  0.133279
  0.214470  0.130985
  0.201655  0.128523
  0.189138  0.125896
  0.176930  0.123104
  0.165044  0.120149
  0.153492  0.117034
  0.142285  0.113761
  0.131435  0.110333
  0.120953  0.106754
  0.110848  0.103028
  0.101131  0.099162
  0.091812  0.095161
  0.082900  0.091032
  0.074403  0.086786
  0.066331  0.082431
  0.058691  0.077980
  0.051491  0.073447
  0.044738  0.068846
  0.038439  0.064195
  0.032600  0.059510
  0.027226  0.054810
  0.022325  0.050114
  0.017899  0.045442
  0.013954  0.040813
  0.010493  0.036246
  0.007520  0.031760
  0.005038  0.027373
  0.003050  0.023101
  0.001557  0.018962
  0.000561  0.014969
  0.000062  0.011135
  0.000062  0.007474
  0.000561  0.003996
  0.001557  0.000711
  0.003050  -0.002372
  0.005038  -0.005245
  0.007520  -0.007899
  0.010493  -0.010328
  0.013954  -0.012526
  0.017899  -0.014486
  0.022325  -0.016204
  0.027226  -0.017676
  0.032600  -0.018896
  0.038439  -0.019864
  0.044738  -0.020575
  0.051491  -0.021028
  0.058691  -0.021225
  0.066331  -0.021166
  0.074403  -0.020855
  0.082900  -0.020297
  0.091812  -0.019499
  0.101131  -0.018468
  0.110848  -0.017216
  0.120953  -0.015753
  0.131435  -0.014095
  0.142285  -0.012256
  0.153492  -0.010254
  0.165044  -0.008106
  0.176930  -0.005832
  0.189138  -0.003453
  0.201655  -0.000989
  0.214470  0.001540
  0.227570  0.004111
  0.240941  0.006705
  0.254571  0.009303
  0.268445  0.011886
  0.282550  0.014437
  0.296872  0.016941
  0.311396  0.019383
  0.326109  0.021750
  0.340994  0.024033
  0.356038  0.026221
  0.371226  0.028308
  0.386542  0.030286
  0.401971  0.032150
  0.417498  0.033896
  0.433107  0.035519
  0.448783  0.037018
  0.464509  0.038391
  0.480272  0.039634
  0.496053  0.040747
  0.511839  0.041730
  0.527613  0.042580
  0.543359  0.043299
  0.559063  0.043886
  0.574707  0.044342
  0.590277  0.044668
  0.605757  0.044865
  0.621131  0.044937
  0.636385  0.044885
  0.651503  0.044714
  0.666469  0.044429
  0.681270  0.044034
  0.695890  0.043535
  0.710315  0.042938
  0.724530  0.042249
  0.738522  0.041475
  0.752275  0.040622
  0.765777  0.039698
  0.779014  0.038709
  0.791974  0.037664
  0.804642  0.036569
  0.817006  0.035430
  0.829054  0.034256
  0.840775  0.033051
  0.852155  0.031822
  0.863185  0.030574
  0.873852  0.029312
  0.884147  0.028040
  0.894059  0.026823
  0.903579  0.025618
  0.912695  0.024430
  0.921401  0.023264
  0.929686  0.022125
  0.937544  0.021016
  0.944964  0.019940
  0.951942  0.018901
  0.958469  0.017901
  0.964539  0.016942
  0.970146  0.016024
  0.975284  0.015150
  0.979948  0.014319
  0.984134  0.013531
  0.987838  0.012786
  0.991055  0.012082
  0.993782  0.011420
  0.996018  0.010796
  0.997759  0.010210
  0.999003  0.009659
  0.999751  0.009142
  1.000000  0.008656
