  1.000000  0.013761
  0.999751  0.014763
  0.999003  0.015843
  0.997759  0.017009
  0.996018  0.018266
  0.993782  0.019622
  0.991055  0.021083
  0.987838  0.022656
  0.984134  0.024346
  0.979948  0.026161
  0.975284  0.028104
  0.970146  0.030180
  0.964539  0.032392
  0.958469  0.034743
  0.951942  0.037234
  0.944964  0.039864
  0.937544  0.042632
  0.929686  0.045534
  0.921401  0.048564
  0.912695  0.051717
  0.903579  0.054985
  0.894059  0.058357
  0.884147  0.061824
  0.873852  0.065485
  0.863185  0.069194
  0.852155  0.072941
  0.840775  0.076712
  0.829054  0.080493
  0.817006  0.084269
  0.804642  0.088024
  0.791974  0.091742
  0.779014  0.095407
  0.765777  0.099002
  0.752275  0.102512
  0.738522  0.105921
  0.724530  0.109215
  0.710315  0.112381
  0.695890  0.115407
  0.681270  0.118284
  0.666469  0.121002
  0.651503  0.123554
  0.636385  0.125936
  0.621131  0.128143
  0.605757  0.130173
  0.590277  0.132024
  0.574707  0.133696
  0.559063  0.135190
  0.543359  0.136506
  0.527613  0.137648
  0.511839  0.138617
  0.496053  0.139416
  0.480272  0.140049
  0.464509  0.140518
  0.448783  0.140827
  0.433107  0.140979
  0.417498  0.140975
  0.401971  0.140819
  0.386542  0.140513
  0.371226  0.140060
  0.356038  0.139459
  0.340994  0.138714
  0.326109  0.137823
  0.311396  0.136788
  0.296872  0.135608
  0.282550  0.134283
  0.268445  0.132813
  0.254571  0.131196
  0.240941  0.129432
  0.227570  0.127519
  0.214470  0.125455
  0.201655  0.123240
  0.189138  0.120872
  0.176930  0.118349
  0.165044  0.115670
  0.153492  0.112834
  0.142285  0.109841
  0.131435  0.106692
  0.120953  0.103386
  0.110848  0.099928
  0.101131  0.096321
  0.091812  0.092568
  0.082900  0.088677
  0.074403  0.084655
  0.066331  0.080513
  0.058691  0.076261
  0.051491  0.071913
  0.044738  0.067486
  0.038439  0.062996
  0.032600  0.058462
  0.027226  0.053903
  0.022325  0.049340
  0.017899  0.044793
  0.013954  0.040283
  0.010493  0.035832
  0.007520  0.031458
  0.005038  0.027181
  0.003050  0.023019
  0.001557  0.018989
  0.000561  0.015105
  0.000062  0.011382
  0.000062  0.007831
  0.000561  0.004463
  0.001557  0.001288
  0.003050  -0.001686
  0.005038  -0.004452
  0.007520  -0.007004
  0.010493  -0.009335
  0.013954  -0.011441
  0.017899  -0.013318
  0.022325  -0.014963
  0.027226  -0.016373
  0.032600  -0.017545
  0.038439  -0.018479
  0.044738  -0.019174
  0.051491  -0.019630
  0.058691  -0.019848
  0.066331  -0.019832
  0.074403  -0.019585
  0.082900  -0.019112
  0.091812  -0.018422
  0.101131  -0.017521
  0.110848  -0.016421
  0.120953  -0.015131
  0.131435  -0.013666
  0.142285  -0.012039
  0.153492  -0.010265
  0.165044  -0.008359
  0.176930  -0.006339
  0.189138  -0.004222
  0.201655  -0.002026
  0.214470  0.000231
  0.227570  0.002531
  0.240941  0.004857
  0.254571  0.007194
  0.268445  0.009524
  0.282550  0.011835
  0.296872  0.014113
  0.311396  0.016346
  0.326109  0.018524
  0.340994  0.020638
  0.356038  0.022680
  0.371226  0.024643
  0.386542  0.026522
  0.401971  0.028313
  0.417498  0.030011
  0.433107  0.031614
  0.448783  0.033118
  0.464509  0.034522
  0.480272  0.035824
  0.496053  0.037022
  0.511839  0.038115
  0.527613  0.039102
  0.543359  0.039981
  0.559063  0.040752
  0.574707  0.041415
  0.590277  0.041970
  0.605757  0.042416
  0.621131  0.042755
  0.636385  0.042988
  0.651503  0.043117
  0.666469  0.043144
  0.681270  0.043071
  0.695890  0.042902
  0.710315  0.042641
  0.724530  0.042291
  0.738522  0.041855
  0.752275  0.041338
  0.765777  0.040745
  0.779014  0.040079
  0.791974  0.039346
  0.804642  0.038550
  0.817006  0.037696
  0.829054  0.036787
  0.840775  0.035828
  0.852155  0.034823
  0.863185  0.033775
  0.873852  0.032688
  0.884147  0.031564
  0.894059  0.030477
  0.903579  0.029377
  0.912695  0.028271
  0.921401  0.027163
  0.929686  0.026059
  0.937544  0.024964
  0.944964  0.023884
  0.951942  0.022822
  0.958469  0.021783
  0.964539  0.020770
  0.970146  0.019788
  0.975284  0.018838
  0.979948  0.017923
  0.984134  0.017044
  0.987838  0.016204
  0.991055  0.015401
  0.993782  0.014636
  0.996018  0.013909
  0.997759  0.013219
  0.999003  0.012566
  0.999751  0.011946
  1.000000  0.011360
