  1.000000  0.015769
  0.999751  0.016833
  0.999003  0.017974
  0.997759  0.019198
  0.996018  0.020512
  0.993782  0.021922
  0.991055  0.023432
  0.987838  0.025050
  0.984134  0.026779
  0.979948  0.028624
  0.975284  0.030588
  0.970146  0.032676
  0.964539  0.034888
  0.958469  0.037225
  0.951942  0.039687
  0.944964  0.042273
  0.937544  0.044979
  0.929686  0.047801
  0.921401  0.050735
  0.912695  0.053773
  0.903579  0.056907
  0.894059  0.060130
  0.884147  0.063432
  0.873852  0.066916
  0.863185  0.070437
  0.852155  0.073985
  0.840775  0.077552
  0.829054  0.081128
  0.817006  0.084702
  0.804642  0.088263
  0.791974  0.091800
  0.779014  0.095301
  0.765777  0.098755
  0.752275  0.102149
  0.738522  0.105472
  0.724530  0.108713
  0.710315  0.111863
  0.695890  0.114910
  0.681270  0.117848
  0.666469  0.120666
  0.651503  0.123359
  0.636385  0.125920
  0.621131  0.128342
  0.605757  0.130622
  0.590277  0.132754
  0.574707  0.134734
  0.559063  0.136558
  0.543359  0.138223
  0.527613  0.139727
  0.511839  0.141066
  0.496053  0.142239
  0.480272  0.143241
  0.464509  0.144072
  0.448783  0.144729
  0.433107  0.145209
  0.417498  0.145511
  0.401971  0.145633
  0.386542  0.145574
  0.371226  0.145332
  0.356038  0.144906
  0.340994  0.144295
  0.326109  0.143499
  0.311396  0.142516
  0.296872  0.141348
  0.282550  0.139994
  0.268445  0.138454
  0.254571  0.136731
  0.240941  0.134825
  0.227570  0.132739
  0.214470  0.130473
  0.201655  0.128031
  0.189138  0.125415
  0.176930  0.122628
  0.165044  0.119672
  0.153492  0.116551
  0.142285  0.113268
  0.131435  0.109828
  0.120953  0.106235
  0.110848  0.102497
  0.101131  0.098618
  0.091812  0.094606
  0.082900  0.090469
  0.074403  0.086216
  0.066331  0.081859
  0.058691  0.077410
  0.051491  0.072882
  0.044738  0.068291
  0.038439  0.063652
  0.032600  0.058984
  0.027226  0.054305
  0.022325  0.049632
  0.017899  0.044985
  0.013954  0.040383
  0.010493  0.035845
  0.007520  0.031388
  0.005038  0.027030
  0.003050  0.022787
  0.001557  0.018674
  0.000561  0.014706
  0.000062  0.010895
  0.000062  0.007252
  0.000561  0.003788
  0.001557  0.000511
  0.003050  -0.002570
  0.005038  -0.005447
  0.007520  -0.008114
  0.010493  -0.010564
  0.013954  -0.012793
  0.017899  -0.014794
  0.022325  -0.016564
  0.027226  -0.018100
  0.032600  -0.019397
  0.038439  -0.020455
  0.044738  -0.021271
  0.051491  -0.021845
  0.058691  -0.022177
  0.066331  -0.022270
  0.074403  -0.022126
  0.082900  -0.021752
  0.091812  -0.021152
  0.101131  -0.020334
  0.110848  -0.019308
  0.120953  -0.018083
  0.131435  -0.016673
  0.142285  -0.015088
  0.153492  -0.013344
  0.165044  -0.011455
  0.176930  -0.009436
  0.189138  -0.007303
  0.201655  -0.005074
  0.214470  -0.002764
  0.227570  -0.000390
  0.240941  0.002033
  0.254571  0.004487
  0.268445  0.006960
  0.282550  0.009438
  0.296872  0.011906
  0.311396  0.014353
  0.326109  0.016768
  0.340994  0.019140
  0.356038  0.021460
  0.371226  0.023718
  0.386542  0.025907
  0.401971  0.028017
  0.417498  0.030043
  0.433107  0.031975
  0.448783  0.033808
  0.464509  0.035535
  0.480272  0.037148
  0.496053  0.038641
  0.511839  0.040008
  0.527613  0.041243
  0.543359  0.042340
  0.559063  0.043296
  0.574707  0.044104
  0.590277  0.044764
  0.605757  0.045272
  0.621131  0.045628
  0.636385  0.045832
  0.651503  0.045886
  0.666469  0.045792
  0.681270  0.045556
  0.695890  0.045181
  0.710315  0.044675
  0.724530  0.044045
  0.738522  0.043298
  0.752275  0.042443
  0.765777  0.041490
  0.779014  0.040449
  0.791974  0.039330
  0.804642  0.038143
  0.817006  0.036898
  0.829054  0.035606
  0.840775  0.034274
  0.852155  0.032913
  0.863185  0.031529
  0.873852  0.030132
  0.884147  0.028727
  0.894059  0.027383
  0.903579  0.026057
  0.912695  0.024754
  0.921401  0.023482
  0.929686  0.022245
  0.937544  0.021048
  0.944964  0.019893
  0.951942  0.018785
  0.958469  0.017724
  0.964539  0.016712
  0.970146  0.015750
  0.975284  0.014838
  0.979948  0.013977
  0.984134  0.013164
  0.987838  0.012400
  0.991055  0.011682
  0.993782  0.011009
  0.996018  0.010378
  0.997759  0.009788
  0.999003  0.009236
  0.999751  0.008720
  1.000000  0.008236
