  1.000000  0.015790
  0.999751  0.016869
  0.999003  0.018028
  0.997759  0.019272
  0.996018  0.020610
  0.993782  0.022045
  0.991055  0.023586
  0.987838  0.025238
  0.984134  0.027006
  0.979948  0.028895
  0.975284  0.030909
  0.970146  0.033052
  0.964539  0.035325
  0.958469  0.037731
  0.951942  0.040268
  0.944964  0.042936
  0.937544  0.045732
  0.929686  0.048652
  0.921401  0.051689
  0.912695  0.054837
  0.903579  0.058088
  0.894059  0.061432
  0.884147  0.064860
  0.873852  0.068476
  0.863185  0.072130
  0.852155  0.075810
  0.840775  0.079507
  0.829054  0.083209
  0.817006  0.086902
  0.804642  0.090574
  0.791974  0.094211
  0.779014  0.097798
  0.765777  0.101323
  0.752275  0.104770
  0.738522  0.108128
  0.724530  0.111382
  0.710315  0.114523
  0.695890  0.117539
  0.681270  0.120420
  0.666469  0.123158
  0.651503  0.125747
  0.636385  0.128180
  0.621131  0.130453
  0.605757  0.132561
  0.590277  0.134502
  0.574707  0.136274
  0.559063  0.137875
  0.543359  0.139304
  0.527613  0.140562
  0.511839  0.141649
  0.496053  0.142564
  0.480272  0.143309
  0.464509  0.143884
  0.448783  0.144291
  0.433107  0.144529
  0.417498  0.144599
  0.401971  0.144503
  0.386542  0.144241
  0.371226  0.143814
  0.356038  0.143222
  0.340994  0.142466
  0.326109  0.141546
  0.311396  0.140462
  0.296872  0.139215
  0.282550  0.137805
  0.268445  0.136232
  0.254571  0.134497
  0.240941  0.132599
  0.227570  0.130540
  0.214470  0.128320
  0.201655  0.125940
  0.189138  0.123400
  0.176930  0.120701
  0.165044  0.117844
  0.153492  0.114830
  0.142285  0.111662
  0.131435  0.108340
  0.120953  0.104870
  0.110848  0.101254
  0.101131  0.097497
  0.091812  0.093605
  0.082900  0.089584
  0.074403  0.085443
  0.066331  0.081191
  0.058691  0.076838
  0.051491  0.072399
  0.044738  0.067887
  0.038439  0.063318
  0.032600  0.058708
  0.027226  0.054074
  0.022325  0.049436
  0.017899  0.044810
  0.013954  0.040217
  0.010493  0.035673
  0.007520  0.031198
  0.005038  0.026809
  0.003050  0.022521
  0.001557  0.018351
  0.000561  0.014313
  0.000062  0.010421
  0.000062  0.006686
  0.000561  0.003120
  0.001557  -0.000266
  0.003050  -0.003464
  0.005038  -0.006464
  0.007520  -0.009258
  0.010493  -0.011837
  0.013954  -0.014194
  0.017899  -0.016323
  0.022325  -0.018217
  0.027226  -0.019871
  0.032600  -0.021279
  0.038439  -0.022438
  0.044738  -0.023344
  0.051491  -0.023994
  0.058691  -0.024388
  0.066331  -0.024527
  0.074403  -0.024412
  0.082900  -0.024048
  0.091812  -0.023441
  0.101131  -0.022597
  0.110848  -0.021528
  0.120953  -0.020243
  0.131435  -0.018756
  0.142285  -0.017081
  0.153492  -0.015234
  0.165044  -0.013232
  0.176930  -0.011094
  0.189138  -0.008838
  0.201655  -0.006484
  0.214470  -0.004051
  0.227570  -0.001560
  0.240941  0.000970
  0.254571  0.003522
  0.268445  0.006078
  0.282550  0.008621
  0.296872  0.011138
  0.311396  0.013613
  0.326109  0.016035
  0.340994  0.018393
  0.356038  0.020678
  0.371226  0.022881
  0.386542  0.024995
  0.401971  0.027015
  0.417498  0.028934
  0.433107  0.030747
  0.448783  0.032452
  0.464509  0.034043
  0.480272  0.035518
  0.496053  0.036874
  0.511839  0.038109
  0.527613  0.039219
  0.543359  0.040203
  0.559063  0.041059
  0.574707  0.041788
  0.590277  0.042387
  0.605757  0.042857
  0.621131  0.043200
  0.636385  0.043416
  0.651503  0.043509
  0.666469  0.043482
  0.681270  0.043338
  0.695890  0.043083
  0.710315  0.042721
  0.724530  0.042258
  0.738522  0.041700
  0.752275  0.041052
  0.765777  0.040321
  0.779014  0.039515
  0.791974  0.038638
  0.804642  0.037700
  0.817006  0.036704
  0.829054  0.035660
  0.840775  0.034571
  0.852155  0.033444
  0.863185  0.032283
  0.873852  0.031094
  0.884147  0.029881
  0.894059  0.028713
  0.903579  0.027545
  0.912695  0.026382
  0.921401  0.025230
  0.929686  0.024095
  0.937544  0.022981
  0.944964  0.021891
  0.951942  0.020831
  0.958469  0.019803
  0.964539  0.018810
  0.970146  0.017855
  0.975284  0.016938
  0.979948  0.016062
  0.984134  0.015226
  0.987838  0.014432
  0.991055  0.013678
  0.993782  0.012964
  0.996018  0.012290
  0.997759  0.011653
  0.999003  0.011052
  0.999751  0.010485
  1.000000  0.009951
