  1.000000  0.013159
  0.999751  0.014141
  0.999003  0.015200
  0.997759  0.016345
  0.996018  0.017581
  0.993782  0.018916
  0.991055  0.020357
  0.987838  0.021910
  0.984134  0.023582
  0.979948  0.025378
  0.975284  0.027305
  0.970146  0.029366
  0.964539  0.031566
  0.958469  0.033907
  0.951942  0.036391
  0.944964  0.039018
  0.937544  0.041786
  0.929686  0.044694
  0.921401  0.047735
  0.912695  0.050905
  0.903579  0.054197
  0.894059  0.057601
  0.884147  0.061109
  0.873852  0.064819
  0.863185  0.068589
  0.852155  0.072409
  0.840775  0.076265
  0.829054  0.080145
  0.817006  0.084035
  0.804642  0.087920
  0.791974  0.091784
  0.779014  0.095612
  0.765777  0.099387
  0.752275  0.103095
  0.738522  0.106719
  0.724530  0.110247
  0.710315  0.113663
  0.695890  0.116956
  0.681270  0.120115
  0.666469  0.123129
  0.651503  0.125990
  0.636385  0.128690
  0.621131  0.131222
  0.605757  0.133582
  0.590277  0.135765
  0.574707  0.137767
  0.559063  0.139585
  0.543359  0.141217
  0.527613  0.142662
  0.511839  0.143918
  0.496053  0.144984
  0.480272  0.145859
  0.464509  0.146544
  0.448783  0.147038
  0.433107  0.147340
  0.417498  0.147451
  0.401971  0.147371
  0.386542  0.147100
  0.371226  0.146640
  0.356038  0.145991
  0.340994  0.145154
  0.326109  0.144130
  0.311396  0.142921
  0.296872  0.141527
  0.282550  0.139952
  0.268445  0.138196
  0.254571  0.136263
  0.240941  0.134155
  0.227570  0.131875
  0.214470  0.129425
  0.201655  0.126810
  0.189138  0.124032
  0.176930  0.121096
  0.165044  0.118004
  0.153492  0.114761
  0.142285  0.111371
  0.131435  0.107838
  0.120953  0.104169
  0.110848  0.100369
  0.101131  0.096445
  0.091812  0.092404
  0.082900  0.088255
  0.074403  0.084008
  0.066331  0.079672
  0.058691  0.075260
  0.051491  0.070786
  0.044738  0.066264
  0.038439  0.061710
  0.032600  0.057140
  0.027226  0.052573
  0.022325  0.048025
  0.017899  0.043516
  0.013954  0.039062
  0.010493  0.034682
  0.007520  0.030392
  0.005038  0.026210
  0.003050  0.022149
  0.001557  0.018225
  0.000561  0.014451
  0.000062  0.010838
  0.000062  0.007396
  0.000561  0.004136
  0.001557  0.001064
  0.003050  -0.001811
  0.005038  -0.004484
  0.007520  -0.006948
  0.010493  -0.009197
  0.013954  -0.011228
  0.017899  -0.013037
  0.022325  -0.014620
  0.027226  -0.015975
  0.032600  -0.017100
  0.038439  -0.017992
  0.044738  -0.018652
  0.051491  -0.019080
  0.058691  -0.019277
  0.066331  -0.019244
  0.074403  -0.018988
  0.082900  -0.018512
  0.091812  -0.017823
  0.101131  -0.016929
  0.110848  -0.015840
  0.120953  -0.014566
  0.131435  -0.013120
  0.142285  -0.011515
  0.153492  -0.009766
  0.165044  -0.007886
  0.176930  -0.005894
  0.189138  -0.003804
  0.201655  -0.001635
  0.214470  0.000597
  0.227570  0.002875
  0.240941  0.005183
  0.254571  0.007504
  0.268445  0.009824
  0.282550  0.012130
  0.296872  0.014409
  0.311396  0.016649
  0.326109  0.018840
  0.340994  0.020974
  0.356038  0.023042
  0.371226  0.025037
  0.386542  0.026954
  0.401971  0.028788
  0.417498  0.030535
  0.433107  0.032189
  0.448783  0.033750
  0.464509  0.035212
  0.480272  0.036575
  0.496053  0.037835
  0.511839  0.038990
  0.527613  0.040038
  0.543359  0.040978
  0.559063  0.041808
  0.574707  0.042527
  0.590277  0.043134
  0.605757  0.043630
  0.621131  0.044013
  0.636385  0.044286
  0.651503  0.044450
  0.666469  0.044506
  0.681270  0.044457
  0.695890  0.044306
  0.710315  0.044057
  0.724530  0.043713
  0.738522  0.043278
  0.752275  0.042757
  0.765777  0.042153
  0.779014  0.041473
  0.791974  0.040721
  0.804642  0.039901
  0.817006  0.039020
  0.829054  0.038080
  0.840775  0.037087
  0.852155  0.036046
  0.863185  0.034959
  0.873852  0.033831
  0.884147  0.032664
  0.894059  0.031535
  0.903579  0.030393
  0.912695  0.029244
  0.921401  0.028093
  0.929686  0.026947
  0.937544  0.025811
  0.944964  0.024690
  0.951942  0.023589
  0.958469  0.022511
  0.964539  0.021462
  0.970146  0.020444
  0.975284  0.019460
  0.979948  0.018513
  0.984134  0.017603
  0.987838  0.016733
  0.991055  0.015902
  0.993782  0.015112
  0.996018  0.014360
  0.997759  0.013647
  0.999003  0.012971
  0.999751  0.012331
  1.000000  0.011725
