  1.000000  0.016646
  0.999751  0.017752
  0.999003  0.018936
  0.997759  0.020206
  0.996018  0.021567
  0.993782  0.023026
  0.991055  0.024588
  0.987838  0.026258
  0.984134  0.028042
  0.979948  0.029943
  0.975284  0.031966
  0.970146  0.034113
  0.964539  0.036385
  0.958469  0.038783
  0.951942  0.041307
  0.944964  0.043954
  0.937544  0.046721
  0.929686  0.049604
  0.921401  0.052597
  0.912695  0.055692
  0.903579  0.058882
  0.894059  0.062158
  0.884147  0.065510
  0.873852  0.069045
  0.863185  0.072611
  0.852155  0.076200
  0.840775  0.079801
  0.829054  0.083406
  0.817006  0.087003
  0.804642  0.090581
  0.791974  0.094129
  0.779014  0.097633
  0.765777  0.101082
  0.752275  0.104464
  0.738522  0.107768
  0.724530  0.110982
  0.710315  0.114095
  0.695890  0.117098
  0.681270  0.119982
  0.666469  0.122740
  0.651503  0.125363
  0.636385  0.127845
  0.621131  0.130181
  0.605757  0.132366
  0.590277  0.134396
  0.574707  0.136267
  0.559063  0.137977
  0.543359  0.139521
  0.527613  0.140899
  0.511839  0.142108
  0.496053  0.143147
  0.480272  0.144013
  0.464509  0.144706
  0.448783  0.145223
  0.433107  0.145565
  0.417498  0.145728
  0.401971  0.145714
  0.386542  0.145520
  0.371226  0.145147
  0.356038  0.144594
  0.340994  0.143861
  0.326109  0.142947
  0.311396  0.141853
  0.296872  0.140580
  0.282550  0.139127
  0.268445  0.137496
  0.254571  0.135689
  0.240941  0.133706
  0.227570  0.131550
  0.214470  0.129223
  0.201655  0.126727
  0.189138  0.124065
  0.176930  0.121240
  0.165044  0.118253
  0.153492  0.115109
  0.142285  0.111812
  0.131435  0.108364
  0.120953  0.104772
  0.110848  0.101041
  0.101131  0.097177
  0.091812  0.093187
  0.082900  0.089078
  0.074403  0.084861
  0.066331  0.080545
  0.058691  0.076142
  0.051491  0.071665
  0.044738  0.067130
  0.038439  0.062551
  0.032600  0.057945
  0.027226  0.053330
  0.022325  0.048723
  0.017899  0.044143
  0.013954  0.039606
  0.010493  0.035132
  0.007520  0.030737
  0.005038  0.026438
  0.003050  0.022250
  0.001557  0.018187
  0.000561  0.014264
  0.000062  0.010492
  0.000062  0.006882
  0.000561  0.003444
  0.001557  0.000186
  0.003050  -0.002884
  0.005038  -0.005758
  0.007520  -0.008429
  0.010493  -0.010892
  0.013954  -0.013140
  0.017899  -0.015170
  0.022325  -0.016977
  0.027226  -0.018557
  0.032600  -0.019907
  0.038439  -0.021025
  0.044738  -0.021909
  0.051491  -0.022559
  0.058691  -0.022974
  0.066331  -0.023158
  0.074403  -0.023112
  0.082900  -0.022842
  0.091812  -0.022354
  0.101131  -0.021654
  0.110848  -0.020753
  0.120953  -0.019659
  0.131435  -0.018386
  0.142285  -0.016944
  0.153492  -0.015347
  0.165044  -0.013610
  0.176930  -0.011748
  0.189138  -0.009776
  0.201655  -0.007711
  0.214470  -0.005567
  0.227570  -0.003361
  0.240941  -0.001109
  0.254571  0.001176
  0.268445  0.003479
  0.282550  0.005788
  0.296872  0.008089
  0.311396  0.010372
  0.326109  0.012626
  0.340994  0.014842
  0.356038  0.017011
  0.371226  0.019126
  0.386542  0.021179
  0.401971  0.023164
  0.417498  0.025074
  0.433107  0.026903
  0.448783  0.028648
  0.464509  0.030301
  0.480272  0.031858
  0.496053  0.033314
  0.511839  0.034665
  0.527613  0.035906
  0.543359  0.037033
  0.559063  0.038042
  0.574707  0.038931
  0.590277  0.039697
  0.605757  0.040338
  0.621131  0.040854
  0.636385  0.041246
  0.651503  0.041512
  0.666469  0.041657
  0.681270  0.041681
  0.695890  0.041590
  0.710315  0.041386
  0.724530  0.041075
  0.738522  0.040662
  0.752275  0.040152
  0.765777  0.039551
  0.779014  0.038866
  0.791974  0.038104
  0.804642  0.037271
  0.817006  0.036373
  0.829054  0.035418
  0.840775  0.034411
  0.852155  0.033357
  0.863185  0.032263
  0.873852  0.031133
  0.884147  0.029972
  0.894059  0.028850
  0.903579  0.027722
  0.912695  0.026594
  0.921401  0.025472
  0.929686  0.024361
  0.937544  0.023266
  0.944964  0.022193
  0.951942  0.021146
  0.958469  0.020127
  0.964539  0.019141
  0.970146  0.018189
  0.975284  0.017274
  0.979948  0.016397
  0.984134  0.015560
  0.987838  0.014763
  0.991055  0.014005
  0.993782  0.013286
  0.996018  0.012605
  0.997759  0.011962
  0.999003  0.011354
  0.999751  0.010780
  1.000000  0.010239
