  1.000000  0.014015
  0.999751  0.015030
  0.999003  0.016123
  0.997759  0.017302
  0.996018  0.018574
  0.993782  0.019944
  0.991055  0.021421
  0.987838  0.023009
  0.984134  0.024716
  0.979948  0.026547
  0.975284  0.028506
  0.970146  0.030599
  0.964539  0.032828
  0.958469  0.035196
  0.951942  0.037703
  0.944964  0.040349
  0.937544  0.043133
  0.929686  0.046050
  0.921401  0.049096
  0.912695  0.052264
  0.903579  0.055546
  0.894059  0.058933
  0.884147  0.062415
  0.873852  0.066092
  0.863185  0.069818
  0.852155  0.073582
  0.840775  0.077371
  0.829054  0.081171
  0.817006  0.084969
  0.804642  0.088747
  0.791974  0.092492
  0.779014  0.096186
  0.765777  0.099813
  0.752275  0.103358
  0.738522  0.106806
  0.724530  0.110142
  0.710315  0.113352
  0.695890  0.116425
  0.681270  0.119350
  0.666469  0.122119
  0.651503  0.124722
  0.636385  0.127153
  0.621131  0.129409
  0.605757  0.131484
  0.590277  0.133377
  0.574707  0.135086
  0.559063  0.136609
  0.543359  0.137947
  0.527613  0.139100
  0.511839  0.140070
  0.496053  0.140859
  0.480272  0.141468
  0.464509  0.141899
  0.448783  0.142155
  0.433107  0.142237
  0.417498  0.142147
  0.401971  0.141888
  0.386542  0.141461
  0.371226  0.140869
  0.356038  0.140114
  0.340994  0.139197
  0.326109  0.138119
  0.311396  0.136882
  0.296872  0.135489
  0.282550  0.133939
  0.268445  0.132234
  0.254571  0.130376
  0.240941  0.128366
  0.227570  0.126205
  0.214470  0.123894
  0.201655  0.121435
  0.189138  0.118830
  0.176930  0.116080
  0.165044  0.113186
  0.153492  0.110150
  0.142285  0.106976
  0.131435  0.103664
  0.120953  0.100220
  0.110848  0.096648
  0.101131  0.092952
  0.091812  0.089138
  0.082900  0.085213
  0.074403  0.081186
  0.066331  0.077064
  0.058691  0.072860
  0.051491  0.068585
  0.044738  0.064254
  0.038439  0.059880
  0.032600  0.055480
  0.027226  0.051070
  0.022325  0.046668
  0.017899  0.042289
  0.013954  0.037953
  0.010493  0.033675
  0.007520  0.029473
  0.005038  0.025363
  0.003050  0.021360
  0.001557  0.017477
  0.000561  0.013729
  0.000062  0.010127
  0.000062  0.006682
  0.000561  0.003405
  0.001557  0.000303
  0.003050  -0.002615
  0.005038  -0.005341
  0.007520  -0.007868
  0.010493  -0.010190
  0.013954  -0.012300
  0.017899  -0.014195
  0.022325  -0.015868
  0.027226  -0.017317
  0.032600  -0.018536
  0.038439  -0.019524
  0.044738  -0.020279
  0.051491  -0.020798
  0.058691  -0.021083
  0.066331  -0.021134
  0.074403  -0.020955
  0.082900  -0.020549
  0.091812  -0.019924
  0.101131  -0.019085
  0.110848  -0.018042
  0.120953  -0.016806
  0.131435  -0.015387
  0.142285  -0.013800
  0.153492  -0.012059
  0.165044  -0.010178
  0.176930  -0.008175
  0.189138  -0.006065
  0.201655  -0.003867
  0.214470  -0.001598
  0.227570  0.000726
  0.240941  0.003086
  0.254571  0.005468
  0.268445  0.007855
  0.282550  0.010233
  0.296872  0.012589
  0.311396  0.014911
  0.326109  0.017187
  0.340994  0.019409
  0.356038  0.021566
  0.371226  0.023651
  0.386542  0.025657
  0.401971  0.027579
  0.417498  0.029410
  0.433107  0.031145
  0.448783  0.032780
  0.464509  0.034311
  0.480272  0.035734
  0.496053  0.037044
  0.511839  0.038240
  0.527613  0.039317
  0.543359  0.040273
  0.559063  0.041106
  0.574707  0.041814
  0.590277  0.042396
  0.605757  0.042852
  0.621131  0.043182
  0.636385  0.043387
  0.651503  0.043469
  0.666469  0.043432
  0.681270  0.043279
  0.695890  0.043013
  0.710315  0.042641
  0.724530  0.042167
  0.738522  0.041598
  0.752275  0.040938
  0.765777  0.040196
  0.779014  0.039376
  0.791974  0.038488
  0.804642  0.037536
  0.817006  0.036528
  0.829054  0.035471
  0.840775  0.034371
  0.852155  0.033232
  0.863185  0.032062
  0.873852  0.030864
  0.884147  0.029642
  0.894059  0.028467
  0.903579  0.027294
  0.912695  0.026126
  0.921401  0.024972
  0.929686  0.023834
  0.937544  0.022720
  0.944964  0.021631
  0.951942  0.020573
  0.958469  0.019547
  0.964539  0.018558
  0.970146  0.017607
  0.975284  0.016696
  0.979948  0.015825
  0.984134  0.014996
  0.987838  0.014208
  0.991055  0.013461
  0.993782  0.012754
  0.996018  0.012087
  0.997759  0.011457
  0.999003  0.010863
  0.999751  0.010304
  1.000000  0.009777
