  1.000000  0.016155
  0.999751  0.017238
  0.999003  0.018400
  0.997759  0.019647
  0.996018  0.020984
  0.993782  0.022419
  0.991055  0.023956
  0.987838  0.025601
  0.984134  0.027360
  0.979948  0.029236
  0.975284  0.031234
  0.970146  0.033356
  0.964539  0.035604
  0.958469  0.037979
  0.951942  0.040480
  0.944964  0.043107
  0.937544  0.045855
  0.929686  0.048720
  0.921401  0.051697
  0.912695  0.054779
  0.903579  0.057957
  0.894059  0.061223
  0.884147  0.064566
  0.873852  0.068093
  0.863185  0.071652
  0.852155  0.075234
  0.840775  0.078831
  0.829054  0.082431
  0.817006  0.086023
  0.804642  0.089595
  0.791974  0.093135
  0.779014  0.096629
  0.765777  0.100066
  0.752275  0.103433
  0.738522  0.106717
  0.724530  0.109909
  0.710315  0.112996
  0.695890  0.115969
  0.681270  0.118820
  0.666469  0.121541
  0.651503  0.124124
  0.636385  0.126565
  0.621131  0.128858
  0.605757  0.131000
  0.590277  0.132987
  0.574707  0.134817
  0.559063  0.136487
  0.543359  0.137996
  0.527613  0.139344
  0.511839  0.140529
  0.496053  0.141551
  0.480272  0.142409
  0.464509  0.143103
  0.448783  0.143634
  0.433107  0.143999
  0.417498  0.144200
  0.401971  0.144235
  0.386542  0.144105
  0.371226  0.143809
  0.356038  0.143348
  0.340994  0.142720
  0.326109  0.141925
  0.311396  0.140962
  0.296872  0.139830
  0.282550  0.138531
  0.268445  0.137063
  0.254571  0.135425
  0.240941  0.133618
  0.227570  0.131643
  0.214470  0.129498
  0.201655  0.127184
  0.189138  0.124701
  0.176930  0.122051
  0.165044  0.119232
  0.153492  0.116248
  0.142285  0.113098
  0.131435  0.109786
  0.120953  0.106315
  0.110848  0.102688
  0.101131  0.098912
  0.091812  0.094991
  0.082900  0.090934
  0.074403  0.086749
  0.066331  0.082447
  0.058691  0.078041
  0.051491  0.073545
  0.044738  0.068976
  0.038439  0.064350
  0.032600  0.059686
  0.027226  0.055005
  0.022325  0.050326
  0.017899  0.045670
  0.013954  0.041058
  0.010493  0.036511
  0.007520  0.032049
  0.005038  0.027690
  0.003050  0.023452
  0.001557  0.019352
  0.000561  0.015404
  0.000062  0.011623
  0.000062  0.008021
  0.000561  0.004608
  0.001557  0.001393
  0.003050  -0.001615
  0.005038  -0.004409
  0.007520  -0.006983
  0.010493  -0.009331
  0.013954  -0.011447
  0.017899  -0.013329
  0.022325  -0.014972
  0.027226  -0.016374
  0.032600  -0.017533
  0.038439  -0.018447
  0.044738  -0.019116
  0.051491  -0.019540
  0.058691  -0.019720
  0.066331  -0.019660
  0.074403  -0.019363
  0.082900  -0.018835
  0.091812  -0.018083
  0.101131  -0.017116
  0.110848  -0.015943
  0.120953  -0.014576
  0.131435  -0.013029
  0.142285  -0.011316
  0.153492  -0.009450
  0.165044  -0.007450
  0.176930  -0.005332
  0.189138  -0.003115
  0.201655  -0.000816
  0.214470  0.001546
  0.227570  0.003952
  0.240941  0.006386
  0.254571  0.008829
  0.268445  0.011266
  0.282550  0.013683
  0.296872  0.016064
  0.311396  0.018399
  0.326109  0.020674
  0.340994  0.022881
  0.356038  0.025012
  0.371226  0.027057
  0.386542  0.029012
  0.401971  0.030870
  0.417498  0.032626
  0.433107  0.034277
  0.448783  0.035818
  0.464509  0.037246
  0.480272  0.038558
  0.496053  0.039752
  0.511839  0.040825
  0.527613  0.041776
  0.543359  0.042602
  0.559063  0.043302
  0.574707  0.043876
  0.590277  0.044324
  0.605757  0.044646
  0.621131  0.044843
  0.636385  0.044917
  0.651503  0.044871
  0.666469  0.044709
  0.681270  0.044434
  0.695890  0.044051
  0.710315  0.043567
  0.724530  0.042985
  0.738522  0.042313
  0.752275  0.041557
  0.765777  0.040723
  0.779014  0.039817
  0.791974  0.038848
  0.804642  0.037822
  0.817006  0.036745
  0.829054  0.035624
  0.840775  0.034465
  0.852155  0.033273
  0.863185  0.032054
  0.873852  0.030813
  0.884147  0.029554
  0.894059  0.028345
  0.903579  0.027141
  0.912695  0.025949
  0.921401  0.024772
  0.929686  0.023616
  0.937544  0.022486
  0.944964  0.021385
  0.951942  0.020317
  0.958469  0.019285
  0.964539  0.018291
  0.970146  0.017337
  0.975284  0.016424
  0.979948  0.015554
  0.984134  0.014726
  0.987838  0.013941
  0.991055  0.013198
  0.993782  0.012495
  0.996018  0.011832
  0.997759  0.011208
  0.999003  0.010620
  0.999751  0.010066
  1.000000  0.009545
