  1.000000  0.016136
  0.999751  0.017236
  0.999003  0.018418
  0.997759  0.019688
  0.996018  0.021051
  0.993782  0.022516
  0.991055  0.024088
  0.987838  0.025772
  0.984134  0.027575
  0.979948  0.029502
  0.975284  0.031556
  0.970146  0.033742
  0.964539  0.036060
  0.958469  0.038514
  0.951942  0.041102
  0.944964  0.043823
  0.937544  0.046675
  0.929686  0.049652
  0.921401  0.052750
  0.912695  0.055960
  0.903579  0.059274
  0.894059  0.062683
  0.884147  0.066176
  0.873852  0.069859
  0.863185  0.073579
  0.852155  0.077325
  0.840775  0.081084
  0.829054  0.084846
  0.817006  0.088596
  0.804642  0.092320
  0.791974  0.096005
  0.779014  0.099635
  0.765777  0.103196
  0.752275  0.106673
  0.738522  0.110053
  0.724530  0.113323
  0.710315  0.116470
  0.695890  0.119486
  0.681270  0.122359
  0.666469  0.125081
  0.651503  0.127647
  0.636385  0.130050
  0.621131  0.132286
  0.605757  0.134352
  0.590277  0.136246
  0.574707  0.137967
  0.559063  0.139514
  0.543359  0.140888
  0.527613  0.142090
  0.511839  0.143120
  0.496053  0.143981
  0.480272  0.144674
  0.464509  0.145201
  0.448783  0.145564
  0.433107  0.145764
  0.417498  0.145804
  0.401971  0.145683
  0.386542  0.145405
  0.371226  0.144970
  0.356038  0.144379
  0.340994  0.143633
  0.326109  0.142730
  0.311396  0.141672
  0.296872  0.140458
  0.282550  0.139087
  0.268445  0.137559
  0.254571  0.135872
  0.240941  0.134027
  0.227570  0.132021
  0.214470  0.129854
  0.201655  0.127524
  0.189138  0.125031
  0.176930  0.122374
  0.165044  0.119552
  0.153492  0.116564
  0.142285  0.113411
  0.131435  0.110094
  0.120953  0.106616
  0.110848  0.102980
  0.101131  0.099191
  0.091812  0.095255
  0.082900  0.091179
  0.074403  0.086973
  0.066331  0.082648
  0.058691  0.078219
  0.051491  0.073700
  0.044738  0.069109
  0.038439  0.064466
  0.032600  0.059791
  0.027226  0.055106
  0.022325  0.050433
  0.017899  0.045794
  0.013954  0.041211
  0.010493  0.036708
  0.007520  0.032304
  0.005038  0.028019
  0.003050  0.023871
  0.001557  0.019877
  0.000561  0.016051
  0.000062  0.012405
  0.000062  0.008950
  0.000561  0.005694
  0.001557  0.002643
  0.003050  -0.000198
  0.005038  -0.002825
  0.007520  -0.005234
  0.010493  -0.007424
  0.013954  -0.009395
  0.017899  -0.011147
  0.022325  -0.012680
  0.027226  -0.013997
  0.032600  -0.015100
  0.038439  -0.015991
  0.044738  -0.016674
  0.051491  -0.017151
  0.058691  -0.017428
  0.066331  -0.017510
  0.074403  -0.017402
  0.082900  -0.017112
  0.091812  -0.016647
  0.101131  -0.016014
  0.110848  -0.015224
  0.120953  -0.014286
  0.131435  -0.013209
  0.142285  -0.012006
  0.153492  -0.010685
  0.165044  -0.009259
  0.176930  -0.007738
  0.189138  -0.006135
  0.201655  -0.004460
  0.214470  -0.002726
  0.227570  -0.000944
  0.240941  0.000876
  0.254571  0.002724
  0.268445  0.004589
  0.282550  0.006463
  0.296872  0.008338
  0.311396  0.010205
  0.326109  0.012058
  0.340994  0.013890
  0.356038  0.015694
  0.371226  0.017465
  0.386542  0.019198
  0.401971  0.020886
  0.417498  0.022526
  0.433107  0.024113
  0.448783  0.025641
  0.464509  0.027106
  0.480272  0.028504
  0.496053  0.029829
  0.511839  0.031078
  0.527613  0.032244
  0.543359  0.033325
  0.559063  0.034316
  0.574707  0.035214
  0.590277  0.036014
  0.605757  0.036716
  0.621131  0.037315
  0.636385  0.037812
  0.651503  0.038205
  0.666469  0.038494
  0.681270  0.038680
  0.695890  0.038765
  0.710315  0.038750
  0.724530  0.038637
  0.738522  0.038431
  0.752275  0.038133
  0.765777  0.037749
  0.779014  0.037282
  0.791974  0.036737
  0.804642  0.036118
  0.817006  0.035431
  0.829054  0.034680
  0.840775  0.033869
  0.852155  0.033003
  0.863185  0.032085
  0.873852  0.031120
  0.884147  0.030110
  0.894059  0.029128
  0.903579  0.028125
  0.912695  0.027110
  0.921401  0.026087
  0.929686  0.025062
  0.937544  0.024042
  0.944964  0.023030
  0.951942  0.022032
  0.958469  0.021052
  0.964539  0.020095
  0.970146  0.019164
  0.975284  0.018261
  0.979948  0.017390
  0.984134  0.016552
  0.987838  0.015749
  0.991055  0.014980
  0.993782  0.014247
  0.996018  0.013550
  0.997759  0.012887
  0.999003  0.012258
  0.999751  0.011661
  1.000000  0.011095
