  1.000000  0.016299
  0.999751  0.017389
  0.999003  0.018557
  0.997759  0.019811
  0.996018  0.021155
  0.993782  0.022596
  0.991055  0.024139
  0.987838  0.025791
  0.984134  0.027556
  0.979948  0.029437
  0.975284  0.031440
  0.970146  0.033566
  0.964539  0.035817
  0.958469  0.038195
  0.951942  0.040698
  0.944964  0.043325
  0.937544  0.046072
  0.929686  0.048936
  0.921401  0.051910
  0.912695  0.054988
  0.903579  0.058162
  0.894059  0.061423
  0.884147  0.064763
  0.873852  0.068287
  0.863185  0.071844
  0.852155  0.075428
  0.840775  0.079028
  0.829054  0.082636
  0.817006  0.086240
  0.804642  0.089831
  0.791974  0.093396
  0.779014  0.096924
  0.765777  0.100403
  0.752275  0.103822
  0.738522  0.107169
  0.724530  0.110433
  0.710315  0.113605
  0.695890  0.116675
  0.681270  0.119633
  0.666469  0.122473
  0.651503  0.125187
  0.636385  0.127768
  0.621131  0.130211
  0.605757  0.132510
  0.590277  0.134661
  0.574707  0.136660
  0.559063  0.138504
  0.543359  0.140188
  0.527613  0.141710
  0.511839  0.143067
  0.496053  0.144256
  0.480272  0.145276
  0.464509  0.146123
  0.448783  0.146795
  0.433107  0.147290
  0.417498  0.147605
  0.401971  0.147740
  0.386542  0.147692
  0.371226  0.147460
  0.356038  0.147043
  0.340994  0.146439
  0.326109  0.145648
  0.311396  0.144669
  0.296872  0.143502
  0.282550  0.142146
  0.268445  0.140604
  0.254571  0.138874
  0.240941  0.136959
  0.227570  0.134860
  0.214470  0.132579
  0.201655  0.130118
  0.189138  0.127479
  0.176930  0.124665
  0.165044  0.121678
  0.153492  0.118522
  0.142285  0.115200
  0.131435  0.111716
  0.120953  0.108076
  0.110848  0.104284
  0.101131  0.100348
  0.091812  0.096275
  0.082900  0.092073
  0.074403  0.087752
  0.066331  0.083323
  0.058691  0.078799
  0.051491  0.074194
  0.044738  0.069524
  0.038439  0.064805
  0.032600  0.060056
  0.027226  0.055296
  0.022325  0.050544
  0.017899  0.045818
  0.013954  0.041140
  0.010493  0.036529
  0.007520  0.032001
  0.005038  0.027577
  0.003050  0.023272
  0.001557  0.019101
  0.000561  0.015080
  0.000062  0.011220
  0.000062  0.007533
  0.000561  0.004029
  0.001557  0.000717
  0.003050  -0.002396
  0.005038  -0.005302
  0.007520  -0.007995
  0.010493  -0.010468
  0.013954  -0.012718
  0.017899  -0.014739
  0.022325  -0.016529
  0.027226  -0.018084
  0.032600  -0.019402
  0.038439  -0.020482
  0.044738  -0.021322
  0.051491  -0.021922
  0.058691  -0.022284
  0.066331  -0.022410
  0.074403  -0.022303
  0.082900  -0.021970
  0.091812  -0.021417
  0.101131  -0.020651
  0.110848  -0.019682
  0.120953  -0.018520
  0.131435  -0.017178
  0.142285  -0.015668
  0.153492  -0.014004
  0.165044  -0.012201
  0.176930  -0.010274
  0.189138  -0.008239
  0.201655  -0.006112
  0.214470  -0.003910
  0.227570  -0.001649
  0.240941  0.000656
  0.254571  0.002990
  0.268445  0.005338
  0.282550  0.007688
  0.296872  0.010026
  0.311396  0.012341
  0.326109  0.014622
  0.340994  0.016860
  0.356038  0.019046
  0.371226  0.021172
  0.386542  0.023231
  0.401971  0.025215
  0.417498  0.027118
  0.433107  0.028934
  0.448783  0.030658
  0.464509  0.032284
  0.480272  0.033806
  0.496053  0.035220
  0.511839  0.036521
  0.527613  0.037704
  0.543359  0.038766
  0.559063  0.039702
  0.574707  0.040510
  0.590277  0.041187
  0.605757  0.041734
  0.621131  0.042148
  0.636385  0.042431
  0.651503  0.042584
  0.666469  0.042609
  0.681270  0.042511
  0.695890  0.042294
  0.710315  0.041962
  0.724530  0.041522
  0.738522  0.040979
  0.752275  0.040340
  0.765777  0.039613
  0.779014  0.038804
  0.791974  0.037921
  0.804642  0.036973
  0.817006  0.035965
  0.829054  0.034906
  0.840775  0.033802
  0.852155  0.032660
  0.863185  0.031486
  0.873852  0.030285
  0.884147  0.029061
  0.894059  0.027885
  0.903579  0.026710
  0.912695  0.025545
  0.921401  0.024393
  0.929686  0.023260
  0.937544  0.022152
  0.944964  0.021072
  0.951942  0.020023
  0.958469  0.019009
  0.964539  0.018032
  0.970146  0.017095
  0.975284  0.016198
  0.979948  0.015342
  0.984134  0.014528
  0.987838  0.013756
  0.991055  0.013025
  0.993782  0.012334
  0.996018  0.011682
  0.997759  0.011068
  0.999003  0.010489
  0.999751  0.009945
  1.000000  0.009432
