  1.000000  0.009330
  0.999751  0.010125
  0.999003  0.010992
  0.997759  0.011939
  0.996018  0.012973
  0.993782  0.014102
  0.991055  0.015335
  0.987838  0.016680
  0.984134  0.018144
  0.979948  0.019737
  0.975284  0.021466
  0.970146  0.023339
  0.964539  0.025362
  0.958469  0.027542
  0.951942  0.029884
  0.944964  0.032391
  0.937544  0.035066
  0.929686  0.037907
  0.921401  0.040914
  0.912695  0.044082
  0.903579  0.047407
  0.894059  0.050879
  0.884147  0.054490
  0.873852  0.058327
  0.863185  0.062262
  0.852155  0.066281
  0.840775  0.070366
  0.829054  0.074500
  0.817006  0.078665
  0.804642  0.082839
  0.791974  0.087002
  0.779014  0.091133
  0.765777  0.095210
  0.752275  0.099213
  0.738522  0.103121
  0.724530  0.106917
  0.710315  0.110582
  0.695890  0.114102
  0.681270  0.117463
  0.666469  0.120654
  0.651503  0.123666
  0.636385  0.126491
  0.621131  0.129125
  0.605757  0.131563
  0.590277  0.133805
  0.574707  0.135847
  0.559063  0.137692
  0.543359  0.139340
  0.527613  0.140794
  0.511839  0.142057
  0.496053  0.143131
  0.480272  0.144020
  0.464509  0.144728
  0.448783  0.145258
  0.433107  0.145612
  0.417498  0.145795
  0.401971  0.145808
  0.386542  0.145655
  0.371226  0.145338
  0.356038  0.144858
  0.340994  0.144217
  0.326109  0.143414
  0.311396  0.142452
  0.296872  0.141330
  0.282550  0.140047
  0.268445  0.138602
  0.254571  0.136996
  0.240941  0.135225
  0.227570  0.133290
  0.214470  0.131188
  0.201655  0.128918
  0.189138  0.126478
  0.176930  0.123866
  0.165044  0.121082
  0.153492  0.118124
  0.142285  0.114992
  0.131435  0.111687
  0.120953  0.108211
  0.110848  0.104567
  0.101131  0.100761
  0.091812  0.096798
  0.082900  0.092686
  0.074403  0.088436
  0.066331  0.084060
  0.058691  0.079573
  0.051491  0.074993
  0.044738  0.070338
  0.038439  0.065631
  0.032600  0.060893
  0.027226  0.056148
  0.022325  0.051422
  0.017899  0.046739
  0.013954  0.042124
  0.010493  0.037601
  0.007520  0.033192
  0.005038  0.028918
  0.003050  0.024800
  0.001557  0.020853
  0.000561  0.017094
  0.000062  0.013534
  0.000062  0.010184
  0.000561  0.007050
  0.001557  0.004138
  0.003050  0.001452
  0.005038  -0.001007
  0.007520  -0.003236
  0.010493  -0.005238
  0.013954  -0.007015
  0.017899  -0.008568
  0.022325  -0.009902
  0.027226  -0.011020
  0.032600  -0.011929
  0.038439  -0.012632
  0.044738  -0.013136
  0.051491  -0.013446
  0.058691  -0.013568
  0.066331  -0.013509
  0.074403  -0.013277
  0.082900  -0.012879
  0.091812  -0.012323
  0.101131  -0.011617
  0.110848  -0.010771
  0.120953  -0.009793
  0.131435  -0.008694
  0.142285  -0.007483
  0.153492  -0.006170
  0.165044  -0.004762
  0.176930  -0.003272
  0.189138  -0.001708
  0.201655  -0.000079
  0.214470  0.001603
  0.227570  0.003331
  0.240941  0.005095
  0.254571  0.006886
  0.268445  0.008697
  0.282550  0.010520
  0.296872  0.012347
  0.311396  0.014172
  0.326109  0.015988
  0.340994  0.017788
  0.356038  0.019566
  0.371226  0.021316
  0.386542  0.023031
  0.401971  0.024705
  0.417498  0.026331
  0.433107  0.027904
  0.448783  0.029417
  0.464509  0.030863
  0.480272  0.032234
  0.496053  0.033525
  0.511839  0.034728
  0.527613  0.035836
  0.543359  0.036844
  0.559063  0.037745
  0.574707  0.038535
  0.590277  0.039209
  0.605757  0.039764
  0.621131  0.040196
  0.636385  0.040506
  0.651503  0.040692
  0.666469  0.040755
  0.681270  0.040697
  0.695890  0.040521
  0.710315  0.040232
  0.724530  0.039833
  0.738522  0.039330
  0.752275  0.038730
  0.765777  0.038039
  0.779014  0.037265
  0.791974  0.036415
  0.804642  0.035496
  0.817006  0.034517
  0.829054  0.033486
  0.840775  0.032408
  0.852155  0.031292
  0.863185  0.030144
  0.873852  0.028969
  0.884147  0.027773
  0.894059  0.026623
  0.903579  0.025476
  0.912695  0.024339
  0.921401  0.023216
  0.929686  0.022115
  0.937544  0.021038
  0.944964  0.019991
  0.951942  0.018977
  0.958469  0.017998
  0.964539  0.017056
  0.970146  0.016155
  0.975284  0.015293
  0.979948  0.014474
  0.984134  0.013695
  0.987838  0.012958
  0.991055  0.012261
  0.993782  0.011603
  0.996018  0.010983
  0.997759  0.010400
  0.999003  0.009852
  0.999751  0.009336
  1.000000  0.008851
