  1.000000  0.016529
  0.999751  0.017633
  0.999003  0.018817
  0.997759  0.020088
  0.996018  0.021450
  0.993782  0.022910
  0.991055  0.024474
  0.987838  0.026148
  0.984134  0.027937
  0.979948  0.029844
  0.975284  0.031874
  0.970146  0.034029
  0.964539  0.036311
  0.958469  0.038721
  0.951942  0.041259
  0.944964  0.043922
  0.937544  0.046708
  0.929686  0.049611
  0.921401  0.052626
  0.912695  0.055747
  0.903579  0.058964
  0.894059  0.062270
  0.884147  0.065654
  0.873852  0.069224
  0.863185  0.072827
  0.852155  0.076454
  0.840775  0.080097
  0.829054  0.083745
  0.817006  0.087387
  0.804642  0.091011
  0.791974  0.094606
  0.779014  0.098159
  0.765777  0.101659
  0.752275  0.105092
  0.738522  0.108447
  0.724530  0.111714
  0.710315  0.114881
  0.695890  0.117938
  0.681270  0.120878
  0.666469  0.123691
  0.651503  0.126371
  0.636385  0.128912
  0.621131  0.131307
  0.605757  0.133553
  0.590277  0.135645
  0.574707  0.137580
  0.559063  0.139354
  0.543359  0.140966
  0.527613  0.142413
  0.511839  0.143693
  0.496053  0.144804
  0.480272  0.145746
  0.464509  0.146515
  0.448783  0.147112
  0.433107  0.147534
  0.417498  0.147780
  0.401971  0.147850
  0.386542  0.147741
  0.371226  0.147455
  0.356038  0.146989
  0.340994  0.146343
  0.326109  0.145516
  0.311396  0.144507
  0.296872  0.143317
  0.282550  0.141946
  0.268445  0.140393
  0.254571  0.138659
  0.240941  0.136746
  0.227570  0.134652
  0.214470  0.132381
  0.201655  0.129933
  0.189138  0.127310
  0.176930  0.124514
  0.165044  0.121545
  0.153492  0.118408
  0.142285  0.115104
  0.131435  0.111638
  0.120953  0.108013
  0.110848  0.104235
  0.101131  0.100311
  0.091812  0.096248
  0.082900  0.092053
  0.074403  0.087738
  0.066331  0.083313
  0.058691  0.078793
  0.051491  0.074192
  0.044738  0.069527
  0.038439  0.064817
  0.032600  0.060080
  0.027226  0.055337
  0.022325  0.050608
  0.017899  0.045915
  0.013954  0.041278
  0.010493  0.036718
  0.007520  0.032255
  0.005038  0.027907
  0.003050  0.023692
  0.001557  0.019626
  0.000561  0.015724
  0.000062  0.011997
  0.000062  0.008458
  0.000561  0.005115
  0.001557  0.001977
  0.003050  -0.000950
  0.005038  -0.003660
  0.007520  -0.006148
  0.010493  -0.008409
  0.013954  -0.010441
  0.017899  -0.012242
  0.022325  -0.013810
  0.027226  -0.015144
  0.032600  -0.016244
  0.038439  -0.017110
  0.044738  -0.017743
  0.051491  -0.018146
  0.058691  -0.018320
  0.066331  -0.018269
  0.074403  -0.017999
  0.082900  -0.017517
  0.091812  -0.016828
  0.101131  -0.015942
  0.110848  -0.014867
  0.120953  -0.013616
  0.131435  -0.012200
  0.142285  -0.010631
  0.153492  -0.008924
  0.165044  -0.007091
  0.176930  -0.005148
  0.189138  -0.003110
  0.201655  -0.000992
  0.214470  0.001189
  0.227570  0.003420
  0.240941  0.005684
  0.254571  0.007968
  0.268445  0.010258
  0.282550  0.012542
  0.296872  0.014808
  0.311396  0.017045
  0.326109  0.019243
  0.340994  0.021394
  0.356038  0.023488
  0.371226  0.025518
  0.386542  0.027478
  0.401971  0.029361
  0.417498  0.031162
  0.433107  0.032874
  0.448783  0.034492
  0.464509  0.036012
  0.480272  0.037428
  0.496053  0.038736
  0.511839  0.039931
  0.527613  0.041009
  0.543359  0.041966
  0.559063  0.042800
  0.574707  0.043507
  0.590277  0.044086
  0.605757  0.044534
  0.621131  0.044853
  0.636385  0.045043
  0.651503  0.045105
  0.666469  0.045043
  0.681270  0.044858
  0.695890  0.044556
  0.710315  0.044142
  0.724530  0.043622
  0.738522  0.043001
  0.752275  0.042285
  0.765777  0.041483
  0.779014  0.040601
  0.791974  0.039646
  0.804642  0.038627
  0.817006  0.037551
  0.829054  0.036424
  0.840775  0.035254
  0.852155  0.034046
  0.863185  0.032808
  0.873852  0.031544
  0.884147  0.030258
  0.894059  0.029023
  0.903579  0.027792
  0.912695  0.026571
  0.921401  0.025366
  0.929686  0.024182
  0.937544  0.023023
  0.944964  0.021895
  0.951942  0.020800
  0.958469  0.019743
  0.964539  0.018724
  0.970146  0.017747
  0.975284  0.016812
  0.979948  0.015920
  0.984134  0.015073
  0.987838  0.014269
  0.991055  0.013508
  0.993782  0.012790
  0.996018  0.012112
  0.997759  0.011473
  0.999003  0.010871
  0.999751  0.010305
  1.000000  0.009772
