  1.000000  0.013084
  0.999751  0.014059
  0.999003  0.015111
  0.997759  0.016248
  0.996018  0.017475
  0.993782  0.018801
  0.991055  0.020232
  0.987838  0.021775
  0.984134  0.023435
  0.979948  0.025219
  0.975284  0.027132
  0.970146  0.029179
  0.964539  0.031364
  0.958469  0.033689
  0.951942  0.036156
  0.944964  0.038764
  0.937544  0.041514
  0.929686  0.044401
  0.921401  0.047421
  0.912695  0.050568
  0.903579  0.053835
  0.894059  0.057213
  0.884147  0.060693
  0.873852  0.064372
  0.863185  0.068109
  0.852155  0.071893
  0.840775  0.075712
  0.829054  0.079551
  0.817006  0.083397
  0.804642  0.087234
  0.791974  0.091047
  0.779014  0.094819
  0.765777  0.098536
  0.752275  0.102180
  0.738522  0.105738
  0.724530  0.109194
  0.710315  0.112537
  0.695890  0.115752
  0.681270  0.118830
  0.666469  0.121762
  0.651503  0.124539
  0.636385  0.127155
  0.621131  0.129603
  0.605757  0.131881
  0.590277  0.133985
  0.574707  0.135911
  0.559063  0.137659
  0.543359  0.139228
  0.527613  0.140617
  0.511839  0.141827
  0.496053  0.142857
  0.480272  0.143709
  0.464509  0.144384
  0.448783  0.144881
  0.433107  0.145203
  0.417498  0.145349
  0.401971  0.145320
  0.386542  0.145118
  0.371226  0.144743
  0.356038  0.144196
  0.340994  0.143478
  0.326109  0.142588
  0.311396  0.141528
  0.296872  0.140298
  0.282550  0.138898
  0.268445  0.137330
  0.254571  0.135593
  0.240941  0.133689
  0.227570  0.131617
  0.214470  0.129379
  0.201655  0.126976
  0.189138  0.124408
  0.176930  0.121677
  0.165044  0.118784
  0.153492  0.115730
  0.142285  0.112518
  0.131435  0.109150
  0.120953  0.105631
  0.110848  0.101963
  0.101131  0.098153
  0.091812  0.094207
  0.082900  0.090132
  0.074403  0.085937
  0.066331  0.081633
  0.058691  0.077233
  0.051491  0.072749
  0.044738  0.068197
  0.038439  0.063595
  0.032600  0.058960
  0.027226  0.054311
  0.022325  0.049667
  0.017899  0.045049
  0.013954  0.040477
  0.010493  0.035969
  0.007520  0.031546
  0.005038  0.027224
  0.003050  0.023022
  0.001557  0.018954
  0.000561  0.015036
  0.000062  0.011280
  0.000062  0.007698
  0.000561  0.004300
  0.001557  0.001096
  0.003050  -0.001907
  0.005038  -0.004702
  0.007520  -0.007282
  0.010493  -0.009640
  0.013954  -0.011773
  0.017899  -0.013675
  0.022325  -0.015345
  0.027226  -0.016777
  0.032600  -0.017971
  0.038439  -0.018924
  0.044738  -0.019635
  0.051491  -0.020105
  0.058691  -0.020335
  0.066331  -0.020327
  0.074403  -0.020085
  0.082900  -0.019615
  0.091812  -0.018923
  0.101131  -0.018018
  0.110848  -0.016909
  0.120953  -0.015608
  0.131435  -0.014129
  0.142285  -0.012484
  0.153492  -0.010688
  0.165044  -0.008759
  0.176930  -0.006713
  0.189138  -0.004567
  0.201655  -0.002341
  0.214470  -0.000051
  0.227570  0.002283
  0.240941  0.004645
  0.254571  0.007017
  0.268445  0.009384
  0.282550  0.011732
  0.296872  0.014046
  0.311396  0.016315
  0.326109  0.018526
  0.340994  0.020671
  0.356038  0.022741
  0.371226  0.024729
  0.386542  0.026628
  0.401971  0.028433
  0.417498  0.030139
  0.433107  0.031742
  0.448783  0.033238
  0.464509  0.034624
  0.480272  0.035898
  0.496053  0.037056
  0.511839  0.038096
  0.527613  0.039017
  0.543359  0.039817
  0.559063  0.040495
  0.574707  0.041050
  0.590277  0.041482
  0.605757  0.041792
  0.621131  0.041981
  0.636385  0.042051
  0.651503  0.042005
  0.666469  0.041847
  0.681270  0.041580
  0.695890  0.041210
  0.710315  0.040742
  0.724530  0.040182
  0.738522  0.039535
  0.752275  0.038808
  0.765777  0.038007
  0.779014  0.037140
  0.791974  0.036212
  0.804642  0.035232
  0.817006  0.034204
  0.829054  0.033136
  0.840775  0.032034
  0.852155  0.030903
  0.863185  0.029748
  0.873852  0.028574
  0.884147  0.027384
  0.894059  0.026243
  0.903579  0.025110
  0.912695  0.023988
  0.921401  0.022882
  0.929686  0.021799
  0.937544  0.020740
  0.944964  0.019711
  0.951942  0.018714
  0.958469  0.017751
  0.964539  0.016825
  0.970146  0.015937
  0.975284  0.015089
  0.979948  0.014281
  0.984134  0.013513
  0.987838  0.012786
  0.991055  0.012098
  0.993782  0.011448
  0.996018  0.010836
  0.997759  0.010259
  0.999003  0.009716
  0.999751  0.009206
  1.000000  0.008726
