  1.000000  0.011621
  0.999751  0.012528
  0.999003  0.013511
  0.997759  0.014578
  0.996018  0.015735
  0.993782  0.016989
  0.991055  0.018350
  0.987838  0.019823
  0.984134  0.021416
  0.979948  0.023137
  0.975284  0.024991
  0.970146  0.026984
  0.964539  0.029123
  0.958469  0.031410
  0.951942  0.033850
  0.944964  0.036442
  0.937544  0.039189
  0.929686  0.042086
  0.921401  0.045132
  0.912695  0.048320
  0.903579  0.051644
  0.894059  0.055096
  0.884147  0.058663
  0.873852  0.062442
  0.863185  0.066293
  0.852155  0.070204
  0.840775  0.074159
  0.829054  0.078143
  0.817006  0.082138
  0.804642  0.086125
  0.791974  0.090087
  0.779014  0.094004
  0.765777  0.097857
  0.752275  0.101628
  0.738522  0.105299
  0.724530  0.108853
  0.710315  0.112275
  0.695890  0.115552
  0.681270  0.118672
  0.666469  0.121626
  0.651503  0.124404
  0.636385  0.127002
  0.621131  0.129415
  0.605757  0.131640
  0.590277  0.133675
  0.574707  0.135520
  0.559063  0.137177
  0.543359  0.138645
  0.527613  0.139930
  0.511839  0.141032
  0.496053  0.141956
  0.480272  0.142705
  0.464509  0.143284
  0.448783  0.143694
  0.433107  0.143940
  0.417498  0.144024
  0.401971  0.143950
  0.386542  0.143720
  0.371226  0.143336
  0.356038  0.142801
  0.340994  0.142114
  0.326109  0.141277
  0.311396  0.140291
  0.296872  0.139156
  0.282550  0.137870
  0.268445  0.136434
  0.254571  0.134846
  0.240941  0.133104
  0.227570  0.131208
  0.214470  0.129157
  0.201655  0.126947
  0.189138  0.124578
  0.176930  0.122048
  0.165044  0.119355
  0.153492  0.116498
  0.142285  0.113476
  0.131435  0.110290
  0.120953  0.106939
  0.110848  0.103427
  0.101131  0.099757
  0.091812  0.095932
  0.082900  0.091958
  0.074403  0.087843
  0.066331  0.083596
  0.058691  0.079229
  0.051491  0.074754
  0.044738  0.070188
  0.038439  0.065546
  0.032600  0.060847
  0.027226  0.056109
  0.022325  0.051355
  0.017899  0.046603
  0.013954  0.041875
  0.010493  0.037191
  0.007520  0.032572
  0.005038  0.028037
  0.003050  0.023605
  0.001557  0.019292
  0.000561  0.015116
  0.000062  0.011090
  0.000062  0.007228
  0.000561  0.003542
  0.001557  0.000043
  0.003050  -0.003258
  0.005038  -0.006353
  0.007520  -0.009233
  0.010493  -0.011890
  0.013954  -0.014316
  0.017899  -0.016505
  0.022325  -0.018452
  0.027226  -0.020150
  0.032600  -0.021596
  0.038439  -0.022785
  0.044738  -0.023715
  0.051491  -0.024384
  0.058691  -0.024790
  0.066331  -0.024937
  0.074403  -0.024825
  0.082900  -0.024460
  0.091812  -0.023848
  0.101131  -0.022997
  0.110848  -0.021915
  0.120953  -0.020616
  0.131435  -0.019113
  0.142285  -0.017419
  0.153492  -0.015550
  0.165044  -0.013525
  0.176930  -0.011360
  0.189138  -0.009076
  0.201655  -0.006692
  0.214470  -0.004227
  0.227570  -0.001702
  0.240941  0.000865
  0.254571  0.003456
  0.268445  0.006053
  0.282550  0.008639
  0.296872  0.011201
  0.311396  0.013724
  0.326109  0.016195
  0.340994  0.018604
  0.356038  0.020940
  0.371226  0.023196
  0.386542  0.025364
  0.401971  0.027437
  0.417498  0.029409
  0.433107  0.031275
  0.448783  0.033030
  0.464509  0.034671
  0.480272  0.036192
  0.496053  0.037591
  0.511839  0.038864
  0.527613  0.040008
  0.543359  0.041021
  0.559063  0.041901
  0.574707  0.042647
  0.590277  0.043258
  0.605757  0.043733
  0.621131  0.044074
  0.636385  0.044282
  0.651503  0.044361
  0.666469  0.044313
  0.681270  0.044142
  0.695890  0.043854
  0.710315  0.043455
  0.724530  0.042949
  0.738522  0.042345
  0.752275  0.041647
  0.765777  0.040864
  0.779014  0.040003
  0.791974  0.039072
  0.804642  0.038076
  0.817006  0.037025
  0.829054  0.035925
  0.840775  0.034781
  0.852155  0.033602
  0.863185  0.032391
  0.873852  0.031155
  0.884147  0.029897
  0.894059  0.028689
  0.903579  0.027483
  0.912695  0.026287
  0.921401  0.025106
  0.929686  0.023944
  0.937544  0.022807
  0.944964  0.021698
  0.951942  0.020622
  0.958469  0.019581
  0.964539  0.018578
  0.970146  0.017614
  0.975284  0.016692
  0.979948  0.015813
  0.984134  0.014976
  0.987838  0.014181
  0.991055  0.013429
  0.993782  0.012717
  0.996018  0.012046
  0.997759  0.011413
  0.999003  0.010817
  0.999751  0.010255
  1.000000  0.009727
