  1.000000  0.015656
  0.999751  0.016718
  0.999003  0.017857
  0.997759  0.019080
  0.996018  0.020392
  0.993782  0.021800
  0.991055  0.023310
  0.987838  0.024926
  0.984134  0.026655
  0.979948  0.028500
  0.975284  0.030465
  0.970146  0.032553
  0.964539  0.034767
  0.958469  0.037106
  0.951942  0.039572
  0.944964  0.042161
  0.937544  0.044872
  0.929686  0.047700
  0.921401  0.050640
  0.912695  0.053686
  0.903579  0.056831
  0.894059  0.060066
  0.884147  0.063381
  0.873852  0.066883
  0.863185  0.070423
  0.852155  0.073994
  0.840775  0.077587
  0.829054  0.081194
  0.817006  0.084804
  0.804642  0.088406
  0.791974  0.091990
  0.779014  0.095543
  0.765777  0.099056
  0.752275  0.102516
  0.738522  0.105912
  0.724530  0.109234
  0.710315  0.112471
  0.695890  0.115614
  0.681270  0.118653
  0.666469  0.121582
  0.651503  0.124391
  0.636385  0.127074
  0.621131  0.129624
  0.605757  0.132035
  0.590277  0.134302
  0.574707  0.136420
  0.559063  0.138383
  0.543359  0.140187
  0.527613  0.141828
  0.511839  0.143302
  0.496053  0.144603
  0.480272  0.145729
  0.464509  0.146676
  0.448783  0.147440
  0.433107  0.148016
  0.417498  0.148403
  0.401971  0.148597
  0.386542  0.148596
  0.371226  0.148398
  0.356038  0.148001
  0.340994  0.147404
  0.326109  0.146605
  0.311396  0.145605
  0.296872  0.144403
  0.282550  0.143001
  0.268445  0.141399
  0.254571  0.139600
  0.240941  0.137606
  0.227570  0.135421
  0.214470  0.133047
  0.201655  0.130488
  0.189138  0.127748
  0.176930  0.124831
  0.165044  0.121743
  0.153492  0.118487
  0.142285  0.115068
  0.131435  0.111493
  0.120953  0.107768
  0.110848  0.103900
  0.101131  0.099895
  0.091812  0.095763
  0.082900  0.091512
  0.074403  0.087151
  0.066331  0.082693
  0.058691  0.078149
  0.051491  0.073535
  0.044738  0.068864
  0.038439  0.064153
  0.032600  0.059419
  0.027226  0.054679
  0.022325  0.049953
  0.017899  0.045257
  0.013954  0.040611
  0.010493  0.036033
  0.007520  0.031540
  0.005038  0.027149
  0.003050  0.022876
  0.001557  0.018735
  0.000561  0.014741
  0.000062  0.010905
  0.000062  0.007240
  0.000561  0.003754
  0.001557  0.000459
  0.003050  -0.002640
  0.005038  -0.005532
  0.007520  -0.008212
  0.010493  -0.010672
  0.013954  -0.012906
  0.017899  -0.014909
  0.022325  -0.016677
  0.027226  -0.018205
  0.032600  -0.019489
  0.038439  -0.020527
  0.044738  -0.021316
  0.051491  -0.021855
  0.058691  -0.022145
  0.066331  -0.022188
  0.074403  -0.021986
  0.082900  -0.021545
  0.091812  -0.020873
  0.101131  -0.019976
  0.110848  -0.018866
  0.120953  -0.017555
  0.131435  -0.016057
  0.142285  -0.014386
  0.153492  -0.012560
  0.165044  -0.010596
  0.176930  -0.008514
  0.189138  -0.006333
  0.201655  -0.004073
  0.214470  -0.001756
  0.227570  0.000600
  0.240941  0.002975
  0.254571  0.005350
  0.268445  0.007709
  0.282550  0.010035
  0.296872  0.012314
  0.311396  0.014533
  0.326109  0.016682
  0.340994  0.018752
  0.356038  0.020734
  0.371226  0.022624
  0.386542  0.024416
  0.401971  0.026108
  0.417498  0.027697
  0.433107  0.029182
  0.448783  0.030562
  0.464509  0.031838
  0.480272  0.033010
  0.496053  0.034079
  0.511839  0.035046
  0.527613  0.035911
  0.543359  0.036677
  0.559063  0.037344
  0.574707  0.037915
  0.590277  0.038389
  0.605757  0.038770
  0.621131  0.039060
  0.636385  0.039259
  0.651503  0.039371
  0.666469  0.039399
  0.681270  0.039344
  0.695890  0.039210
  0.710315  0.039001
  0.724530  0.038718
  0.738522  0.038365
  0.752275  0.037945
  0.765777  0.037460
  0.779014  0.036914
  0.791974  0.036311
  0.804642  0.035652
  0.817006  0.034942
  0.829054  0.034182
  0.840775  0.033375
  0.852155  0.032524
  0.863185  0.031631
  0.873852  0.030697
  0.884147  0.029724
  0.894059  0.028780
  0.903579  0.027819
  0.912695  0.026846
  0.921401  0.025865
  0.929686  0.024880
  0.937544  0.023897
  0.944964  0.022921
  0.951942  0.021956
  0.958469  0.021005
  0.964539  0.020074
  0.970146  0.019165
  0.975284  0.018281
  0.979948  0.017426
  0.984134  0.016602
  0.987838  0.015809
  0.991055  0.015049
  0.993782  0.014322
  0.996018  0.013629
  0.997759  0.012969
  0.999003  0.012342
  0.999751  0.011746
  1.000000  0.011180
