  1.000000  0.018496
  0.999751  0.019675
  0.999003  0.020934
  0.997759  0.022280
  0.996018  0.023719
  0.993782  0.025257
  0.991055  0.026898
  0.987838  0.028647
  0.984134  0.030510
  0.979948  0.032489
  0.975284  0.034587
  0.970146  0.036806
  0.964539  0.039147
  0.958469  0.041609
  0.951942  0.044191
  0.944964  0.046890
  0.937544  0.049700
  0.929686  0.052618
  0.921401  0.055635
  0.912695  0.058745
  0.903579  0.061937
  0.894059  0.065202
  0.884147  0.068531
  0.873852  0.072034
  0.863185  0.075552
  0.852155  0.079076
  0.840775  0.082598
  0.829054  0.086108
  0.817006  0.089595
  0.804642  0.093049
  0.791974  0.096458
  0.779014  0.099811
  0.765777  0.103095
  0.752275  0.106300
  0.738522  0.109415
  0.724530  0.112430
  0.710315  0.115334
  0.695890  0.118119
  0.681270  0.120778
  0.666469  0.123303
  0.651503  0.125688
  0.636385  0.127928
  0.621131  0.130019
  0.605757  0.131958
  0.590277  0.133743
  0.574707  0.135371
  0.559063  0.136841
  0.543359  0.138154
  0.527613  0.139307
  0.511839  0.140302
  0.496053  0.141139
  0.480272  0.141817
  0.464509  0.142338
  0.448783  0.142703
  0.433107  0.142910
  0.417498  0.142961
  0.401971  0.142857
  0.386542  0.142597
  0.371226  0.142182
  0.356038  0.141612
  0.340994  0.140886
  0.326109  0.140005
  0.311396  0.138967
  0.296872  0.137773
  0.282550  0.136422
  0.268445  0.134914
  0.254571  0.133247
  0.240941  0.131422
  0.227570  0.129438
  0.214470  0.127295
  0.201655  0.124992
  0.189138  0.122529
  0.176930  0.119907
  0.165044  0.117124
  0.153492  0.114182
  0.142285  0.111082
  0.131435  0.107825
  0.120953  0.104414
  0.110848  0.100853
  0.101131  0.097146
  0.091812  0.093298
  0.082900  0.089316
  0.074403  0.085210
  0.066331  0.080988
  0.058691  0.076663
  0.051491  0.072248
  0.044738  0.067759
  0.038439  0.063212
  0.032600  0.058626
  0.027226  0.054018
  0.022325  0.049409
  0.017899  0.044818
  0.013954  0.040266
  0.010493  0.035771
  0.007520  0.031353
  0.005038  0.027029
  0.003050  0.022818
  0.001557  0.018734
  0.000561  0.014793
  0.000062  0.011006
  0.000062  0.007387
  0.000561  0.003945
  0.001557  0.000689
  0.003050  -0.002374
  0.005038  -0.005235
  0.007520  -0.007888
  0.010493  -0.010327
  0.013954  -0.012548
  0.017899  -0.014547
  0.022325  -0.016319
  0.027226  -0.017862
  0.032600  -0.019173
  0.038439  -0.020251
  0.044738  -0.021095
  0.051491  -0.021705
  0.058691  -0.022082
  0.066331  -0.022229
  0.074403  -0.022148
  0.082900  -0.021846
  0.091812  -0.021328
  0.101131  -0.020603
  0.110848  -0.019680
  0.120953  -0.018568
  0.131435  -0.017282
  0.142285  -0.015832
  0.153492  -0.014233
  0.165044  -0.012498
  0.176930  -0.010644
  0.189138  -0.008687
  0.201655  -0.006642
  0.214470  -0.004525
  0.227570  -0.002353
  0.240941  -0.000141
  0.254571  0.002096
  0.268445  0.004346
  0.282550  0.006593
  0.296872  0.008828
  0.311396  0.011038
  0.326109  0.013214
  0.340994  0.015347
  0.356038  0.017431
  0.371226  0.019457
  0.386542  0.021420
  0.401971  0.023315
  0.417498  0.025137
  0.433107  0.026883
  0.448783  0.028548
  0.464509  0.030130
  0.480272  0.031625
  0.496053  0.033030
  0.511839  0.034342
  0.527613  0.035560
  0.543359  0.036679
  0.559063  0.037699
  0.574707  0.038617
  0.590277  0.039432
  0.605757  0.040143
  0.621131  0.040748
  0.636385  0.041248
  0.651503  0.041643
  0.666469  0.041935
  0.681270  0.042123
  0.695890  0.042211
  0.710315  0.042201
  0.724530  0.042094
  0.738522  0.041894
  0.752275  0.041605
  0.765777  0.041228
  0.779014  0.040769
  0.791974  0.040231
  0.804642  0.039617
  0.817006  0.038932
  0.829054  0.038179
  0.840775  0.037362
  0.852155  0.036484
  0.863185  0.035549
  0.873852  0.034558
  0.884147  0.033515
  0.894059  0.032497
  0.903579  0.031453
  0.912695  0.030388
  0.921401  0.029309
  0.929686  0.028222
  0.937544  0.027133
  0.944964  0.026046
  0.951942  0.024969
  0.958469  0.023906
  0.964539  0.022862
  0.970146  0.021841
  0.975284  0.020848
  0.979948  0.019884
  0.984134  0.018954
  0.987838  0.018058
  0.991055  0.017199
  0.993782  0.016377
  0.996018  0.015591
  0.997759  0.014843
  0.999003  0.014131
  0.999751  0.013454
  1.000000  0.012811
