  1.000000  0.014222
  0.999751  0.015243
  0.999003  0.016342
  0.997759  0.017527
  0.996018  0.018804
  0.993782  0.020180
  0.991055  0.021660
  0.987838  0.023253
  0.984134  0.024962
  0.979948  0.026795
  0.975284  0.028755
  0.970146  0.030848
  0.964539  0.033075
  0.958469  0.035439
  0.951942  0.037941
  0.944964  0.040580
  0.937544  0.043354
  0.929686  0.046260
  0.921401  0.049293
  0.912695  0.052445
  0.903579  0.055710
  0.894059  0.059079
  0.884147  0.062540
  0.873852  0.066196
  0.863185  0.069901
  0.852155  0.073643
  0.840775  0.077411
  0.829054  0.081193
  0.817006  0.084974
  0.804642  0.088740
  0.791974  0.092476
  0.779014  0.096167
  0.765777  0.099799
  0.752275  0.103355
  0.738522  0.106823
  0.724530  0.110188
  0.710315  0.113438
  0.695890  0.116562
  0.681270  0.119551
  0.666469  0.122394
  0.651503  0.125085
  0.636385  0.127618
  0.621131  0.129989
  0.605757  0.132192
  0.590277  0.134226
  0.574707  0.136089
  0.559063  0.137779
  0.543359  0.139295
  0.527613  0.140639
  0.511839  0.141811
  0.496053  0.142810
  0.480272  0.143640
  0.464509  0.144299
  0.448783  0.144789
  0.433107  0.145112
  0.417498  0.145268
  0.401971  0.145257
  0.386542  0.145081
  0.371226  0.144741
  0.356038  0.144237
  0.340994  0.143568
  0.326109  0.142736
  0.311396  0.141740
  0.296872  0.140579
  0.282550  0.139255
  0.268445  0.137765
  0.254571  0.136111
  0.240941  0.134290
  0.227570  0.132305
  0.214470  0.130153
  0.201655  0.127835
  0.189138  0.125350
  0.176930  0.122699
  0.165044  0.119881
  0.153492  0.116897
  0.142285  0.113748
  0.131435  0.110435
  0.120953  0.106962
  0.110848  0.103332
  0.101131  0.099550
  0.091812  0.095622
  0.082900  0.091554
  0.074403  0.087356
  0.066331  0.083038
  0.058691  0.078612
  0.051491  0.074094
  0.044738  0.069499
  0.038439  0.064845
  0.032600  0.060151
  0.027226  0.055436
  0.022325  0.050721
  0.017899  0.046028
  0.013954  0.041377
  0.010493  0.036790
  0.007520  0.032285
  0.005038  0.027882
  0.003050  0.023600
  0.001557  0.019453
  0.000561  0.015459
  0.000062  0.011630
  0.000062  0.007978
  0.000561  0.004513
  0.001557  0.001246
  0.003050  -0.001817
  0.005038  -0.004669
  0.007520  -0.007302
  0.010493  -0.009712
  0.013954  -0.011895
  0.017899  -0.013845
  0.022325  -0.015561
  0.027226  -0.017039
  0.032600  -0.018279
  0.038439  -0.019278
  0.044738  -0.020037
  0.051491  -0.020555
  0.058691  -0.020836
  0.066331  -0.020881
  0.074403  -0.020695
  0.082900  -0.020283
  0.091812  -0.019654
  0.101131  -0.018814
  0.110848  -0.017774
  0.120953  -0.016546
  0.131435  -0.015143
  0.142285  -0.013578
  0.153492  -0.011865
  0.165044  -0.010021
  0.176930  -0.008063
  0.189138  -0.006006
  0.201655  -0.003870
  0.214470  -0.001671
  0.227570  0.000574
  0.240941  0.002847
  0.254571  0.005132
  0.268445  0.007416
  0.282550  0.009683
  0.296872  0.011921
  0.311396  0.014119
  0.326109  0.016266
  0.340994  0.018353
  0.356038  0.020373
  0.371226  0.022320
  0.386542  0.024187
  0.401971  0.025970
  0.417498  0.027666
  0.433107  0.029270
  0.448783  0.030781
  0.464509  0.032195
  0.480272  0.033511
  0.496053  0.034726
  0.511839  0.035840
  0.527613  0.036851
  0.543359  0.037757
  0.559063  0.038558
  0.574707  0.039253
  0.590277  0.039842
  0.605757  0.040325
  0.621131  0.040702
  0.636385  0.040974
  0.651503  0.041144
  0.666469  0.041213
  0.681270  0.041184
  0.695890  0.041059
  0.710315  0.040843
  0.724530  0.040539
  0.738522  0.040150
  0.752275  0.039681
  0.765777  0.039135
  0.779014  0.038518
  0.791974  0.037833
  0.804642  0.037086
  0.817006  0.036280
  0.829054  0.035421
  0.840775  0.034511
  0.852155  0.033556
  0.863185  0.032558
  0.873852  0.031520
  0.884147  0.030445
  0.894059  0.029405
  0.903579  0.028352
  0.912695  0.027291
  0.921401  0.026227
  0.929686  0.025167
  0.937544  0.024115
  0.944964  0.023076
  0.951942  0.022054
  0.958469  0.021054
  0.964539  0.020079
  0.970146  0.019132
  0.975284  0.018217
  0.979948  0.017334
  0.984134  0.016487
  0.987838  0.015675
  0.991055  0.014901
  0.993782  0.014162
  0.996018  0.013461
  0.997759  0.012794
  0.999003  0.012163
  0.999751  0.011564
  1.000000  0.010997
