  1.000000  0.014192
  0.999751  0.015201
  0.999003  0.016287
  0.997759  0.017456
  0.996018  0.018714
  0.993782  0.020070
  0.991055  0.021527
  0.987838  0.023093
  0.984134  0.024773
  0.979948  0.026572
  0.975284  0.028494
  0.970146  0.030544
  0.964539  0.032724
  0.958469  0.035037
  0.951942  0.037481
  0.944964  0.040058
  0.937544  0.042764
  0.929686  0.045597
  0.921401  0.048551
  0.912695  0.051621
  0.903579  0.054798
  0.894059  0.058076
  0.884147  0.061444
  0.873852  0.065003
  0.863185  0.068610
  0.852155  0.072256
  0.840775  0.075930
  0.829054  0.079622
  0.817006  0.083319
  0.804642  0.087009
  0.791974  0.090678
  0.779014  0.094314
  0.765777  0.097902
  0.752275  0.101430
  0.738522  0.104884
  0.724530  0.108252
  0.710315  0.111523
  0.695890  0.114685
  0.681270  0.117730
  0.666469  0.120647
  0.651503  0.123429
  0.636385  0.126069
  0.621131  0.128562
  0.605757  0.130901
  0.590277  0.133082
  0.574707  0.135101
  0.559063  0.136954
  0.543359  0.138639
  0.527613  0.140152
  0.511839  0.141493
  0.496053  0.142658
  0.480272  0.143645
  0.464509  0.144453
  0.448783  0.145081
  0.433107  0.145526
  0.417498  0.145788
  0.401971  0.145864
  0.386542  0.145756
  0.371226  0.145461
  0.356038  0.144980
  0.340994  0.144311
  0.326109  0.143456
  0.311396  0.142413
  0.296872  0.141185
  0.282550  0.139771
  0.268445  0.138174
  0.254571  0.136393
  0.240941  0.134433
  0.227570  0.132294
  0.214470  0.129979
  0.201655  0.127491
  0.189138  0.124832
  0.176930  0.122007
  0.165044  0.119018
  0.153492  0.115868
  0.142285  0.112562
  0.131435  0.109104
  0.120953  0.105499
  0.110848  0.101753
  0.101131  0.097872
  0.091812  0.093864
  0.082900  0.089736
  0.074403  0.085498
  0.066331  0.081159
  0.058691  0.076733
  0.051491  0.072232
  0.044738  0.067670
  0.038439  0.063064
  0.032600  0.058429
  0.027226  0.053784
  0.022325  0.049146
  0.017899  0.044534
  0.013954  0.039964
  0.010493  0.035456
  0.007520  0.031027
  0.005038  0.026694
  0.003050  0.022472
  0.001557  0.018376
  0.000561  0.014419
  0.000062  0.010616
  0.000062  0.006977
  0.000561  0.003513
  0.001557  0.000233
  0.003050  -0.002853
  0.005038  -0.005738
  0.007520  -0.008413
  0.010493  -0.010872
  0.013954  -0.013107
  0.017899  -0.015113
  0.022325  -0.016884
  0.027226  -0.018416
  0.032600  -0.019703
  0.038439  -0.020743
  0.044738  -0.021532
  0.051491  -0.022070
  0.058691  -0.022355
  0.066331  -0.022390
  0.074403  -0.022176
  0.082900  -0.021719
  0.091812  -0.021026
  0.101131  -0.020105
  0.110848  -0.018966
  0.120953  -0.017621
  0.131435  -0.016085
  0.142285  -0.014373
  0.153492  -0.012503
  0.165044  -0.010492
  0.176930  -0.008362
  0.189138  -0.006132
  0.201655  -0.003823
  0.214470  -0.001457
  0.227570  0.000946
  0.240941  0.003364
  0.254571  0.005779
  0.268445  0.008174
  0.282550  0.010531
  0.296872  0.012835
  0.311396  0.015075
  0.326109  0.017238
  0.340994  0.019316
  0.356038  0.021302
  0.371226  0.023189
  0.386542  0.024974
  0.401971  0.026655
  0.417498  0.028230
  0.433107  0.029698
  0.448783  0.031061
  0.464509  0.032318
  0.480272  0.033473
  0.496053  0.034526
  0.511839  0.035479
  0.527613  0.036336
  0.543359  0.037097
  0.559063  0.037766
  0.574707  0.038344
  0.590277  0.038834
  0.605757  0.039238
  0.621131  0.039557
  0.636385  0.039795
  0.651503  0.039953
  0.666469  0.040035
  0.681270  0.040041
  0.695890  0.039975
  0.710315  0.039840
  0.724530  0.039637
  0.738522  0.039368
  0.752275  0.039036
  0.765777  0.038641
  0.779014  0.038187
  0.791974  0.037675
  0.804642  0.037107
  0.817006  0.036485
  0.829054  0.035810
  0.840775  0.035083
  0.852155  0.034306
  0.863185  0.033480
  0.873852  0.032604
  0.884147  0.031680
  0.894059  0.030781
  0.903579  0.029854
  0.912695  0.028906
  0.921401  0.027941
  0.929686  0.026963
  0.937544  0.025978
  0.944964  0.024991
  0.951942  0.024007
  0.958469  0.023030
  0.964539  0.022066
  0.970146  0.021118
  0.975284  0.020191
  0.979948  0.019289
  0.984134  0.018413
  0.987838  0.017567
  0.991055  0.016752
  0.993782  0.015970
  0.996018  0.015220
  0.997759  0.014503
  0.999003  0.013819
  0.999751  0.013168
  1.000000  0.012547
