  1.000000  0.011500
  0.999751  0.012309
  0.999003  0.013180
  0.997759  0.014116
  0.996018  0.015124
  0.993782  0.016207
  0.991055  0.017372
  0.987838  0.018623
  0.984134  0.019964
  0.979948  0.021399
  0.975284  0.022932
  0.970146  0.024565
  0.964539  0.026301
  0.958469  0.028141
  0.951942  0.030085
  0.944964  0.032132
  0.937544  0.034282
  0.929686  0.036530
  0.921401  0.038873
  0.912695  0.041306
  0.903579  0.043823
  0.894059  0.046418
  0.884147  0.049083
  0.873852  0.051899
  0.863185  0.054751
  0.852155  0.057632
  0.840775  0.060534
  0.829054  0.063449
  0.817006  0.066367
  0.804642  0.069277
  0.791974  0.072171
  0.779014  0.075036
  0.765777  0.077863
  0.752275  0.080642
  0.738522  0.083361
  0.724530  0.086012
  0.710315  0.088585
  0.695890  0.091071
  0.681270  0.093462
  0.666469  0.095752
  0.651503  0.097934
  0.636385  0.100002
  0.621131  0.101951
  0.605757  0.103777
  0.590277  0.105475
  0.574707  0.107043
  0.559063  0.108477
  0.543359  0.109774
  0.527613  0.110932
  0.511839  0.111950
  0.496053  0.112825
  0.480272  0.113556
  0.464509  0.114141
  0.448783  0.114578
  0.433107  0.114867
  0.417498  0.115006
  0.401971  0.114994
  0.386542  0.114832
  0.371226  0.114519
  0.356038  0.114054
  0.340994  0.113438
  0.326109  0.112670
  0.311396  0.111752
  0.296872  0.110683
  0.282550  0.109465
  0.268445  0.108099
  0.254571  0.106586
  0.240941  0.104929
  0.227570  0.103129
  0.214470  0.101188
  0.201655  0.099110
  0.189138  0.096896
  0.176930  0.094550
  0.165044  0.092075
  0.153492  0.089473
  0.142285  0.086750
  0.131435  0.083909
  0.120953  0.080956
  0.110848  0.077898
  0.101131  0.074741
  0.091812  0.071494
  0.082900  0.068165
  0.074403  0.064764
  0.066331  0.061304
  0.058691  0.057796
  0.051491  0.054257
  0.044738  0.050701
  0.038439  0.047145
  0.032600  0.043607
  0.027226  0.040105
  0.022325  0.036656
  0.017899  0.033279
  0.013954  0.029990
  0.010493  0.026808
  0.007520  0.023747
  0.005038  0.020820
  0.003050  0.018041
  0.001557  0.015418
  0.000561  0.012962
  0.000062  0.010676
  0.000062  0.008566
  0.000561  0.006634
  0.001557  0.004878
  0.003050  0.003299
  0.005038  0.001892
  0.007520  0.000655
  0.010493  -0.000417
  0.013954  -0.001330
  0.017899  -0.002091
  0.022325  -0.002706
  0.027226  -0.003183
  0.032600  -0.003529
  0.038439  -0.003750
  0.044738  -0.003855
  0.051491  -0.003850
  0.058691  -0.003742
  0.066331  -0.003537
  0.074403  -0.003243
  0.082900  -0.002865
  0.091812  -0.002410
  0.101131  -0.001883
  0.110848  -0.001290
  0.120953  -0.000636
  0.131435  0.000073
  0.142285  0.000833
  0.153492  0.001641
  0.165044  0.002491
  0.176930  0.003380
  0.189138  0.004306
  0.201655  0.005263
  0.214470  0.006250
  0.227570  0.007262
  0.240941  0.008297
  0.254571  0.009352
  0.268445  0.010426
  0.282550  0.011514
  0.296872  0.012614
  0.311396  0.013724
  0.326109  0.014842
  0.340994  0.015963
  0.356038  0.017084
  0.371226  0.018202
  0.386542  0.019313
  0.401971  0.020412
  0.417498  0.021495
  0.433107  0.022556
  0.448783  0.023590
  0.464509  0.024590
  0.480272  0.025551
  0.496053  0.026466
  0.511839  0.027327
  0.527613  0.028130
  0.543359  0.028867
  0.559063  0.029531
  0.574707  0.030118
  0.590277  0.030622
  0.605757  0.031039
  0.621131  0.031364
  0.636385  0.031596
  0.651503  0.031732
  0.666469  0.031772
  0.681270  0.031716
  0.695890  0.031565
  0.710315  0.031320
  0.724530  0.030986
  0.738522  0.030566
  0.752275  0.030065
  0.765777  0.029488
  0.779014  0.028842
  0.791974  0.028133
  0.804642  0.027367
  0.817006  0.026552
  0.829054  0.025694
  0.840775  0.024800
  0.852155  0.023877
  0.863185  0.022931
  0.873852  0.021967
  0.884147  0.020991
  0.894059  0.020054
  0.903579  0.019123
  0.912695  0.018205
  0.921401  0.017304
  0.929686  0.016425
  0.937544  0.015571
  0.944964  0.014744
  0.951942  0.013948
  0.958469  0.013184
  0.964539  0.012454
  0.970146  0.011759
  0.975284  0.011099
  0.979948  0.010473
  0.984134  0.009883
  0.987838  0.009326
  0.991055  0.008802
  0.993782  0.008310
  0.996018  0.007848
  0.997759  0.007416
  0.999003  0.007010
  0.999751  0.006631
  1.000000  0.006275
