  1.000000  0.010505
  0.999751  0.011308
  0.999003  0.012176
  0.997759  0.013116
  0.996018  0.014133
  0.993782  0.015234
  0.991055  0.016426
  0.987838  0.017713
  0.984134  0.019101
  0.979948  0.020598
  0.975284  0.022206
  0.970146  0.023932
  0.964539  0.025778
  0.958469  0.027748
  0.951942  0.029844
  0.944964  0.032067
  0.937544  0.034415
  0.929686  0.036888
  0.921401  0.039482
  0.912695  0.042192
  0.903579  0.045012
  0.894059  0.047935
  0.884147  0.050954
  0.873852  0.054149
  0.863185  0.057403
  0.852155  0.060704
  0.840775  0.064042
  0.829054  0.067405
  0.817006  0.070778
  0.804642  0.074147
  0.791974  0.077499
  0.779014  0.080819
  0.765777  0.084091
  0.752275  0.087300
  0.738522  0.090433
  0.724530  0.093476
  0.710315  0.096417
  0.695890  0.099244
  0.681270  0.101946
  0.666469  0.104514
  0.651503  0.106941
  0.636385  0.109219
  0.621131  0.111344
  0.605757  0.113311
  0.590277  0.115116
  0.574707  0.116756
  0.559063  0.118230
  0.543359  0.119537
  0.527613  0.120675
  0.511839  0.121645
  0.496053  0.122446
  0.480272  0.123080
  0.464509  0.123546
  0.448783  0.123846
  0.433107  0.123981
  0.417498  0.123951
  0.401971  0.123758
  0.386542  0.123404
  0.371226  0.122889
  0.356038  0.122217
  0.340994  0.121387
  0.326109  0.120402
  0.311396  0.119263
  0.296872  0.117972
  0.282550  0.116531
  0.268445  0.114942
  0.254571  0.113207
  0.240941  0.111328
  0.227570  0.109307
  0.214470  0.107147
  0.201655  0.104851
  0.189138  0.102420
  0.176930  0.099858
  0.165044  0.097168
  0.153492  0.094353
  0.142285  0.091417
  0.131435  0.088365
  0.120953  0.085201
  0.110848  0.081932
  0.101131  0.078566
  0.091812  0.075111
  0.082900  0.071575
  0.074403  0.067969
  0.066331  0.064305
  0.058691  0.060598
  0.051491  0.056861
  0.044738  0.053111
  0.038439  0.049366
  0.032600  0.045644
  0.027226  0.041963
  0.022325  0.038343
  0.017899  0.034802
  0.013954  0.031358
  0.010493  0.028028
  0.007520  0.024828
  0.005038  0.021773
  0.003050  0.018874
  0.001557  0.016143
  0.000561  0.013586
  0.000062  0.011211
  0.000062  0.009021
  0.000561  0.007017
  0.001557  0.005199
  0.003050  0.003565
  0.005038  0.002112
  0.007520  0.000835
  0.010493  -0.000271
  0.013954  -0.001213
  0.017899  -0.001997
  0.022325  -0.002632
  0.027226  -0.003125
  0.032600  -0.003484
  0.038439  -0.003717
  0.044738  -0.003831
  0.051491  -0.003835
  0.058691  -0.003735
  0.066331  -0.003538
  0.074403  -0.003251
  0.082900  -0.002881
  0.091812  -0.002434
  0.101131  -0.001915
  0.110848  -0.001331
  0.120953  -0.000686
  0.131435  0.000013
  0.142285  0.000764
  0.153492  0.001562
  0.165044  0.002403
  0.176930  0.003285
  0.189138  0.004203
  0.201655  0.005154
  0.214470  0.006137
  0.227570  0.007146
  0.240941  0.008182
  0.254571  0.009240
  0.268445  0.010318
  0.282550  0.011415
  0.296872  0.012528
  0.311396  0.013654
  0.326109  0.014791
  0.340994  0.015935
  0.356038  0.017084
  0.371226  0.018233
  0.386542  0.019378
  0.401971  0.020513
  0.417498  0.021634
  0.433107  0.022735
  0.448783  0.023809
  0.464509  0.024848
  0.480272  0.025846
  0.496053  0.026795
  0.511839  0.027686
  0.527613  0.028512
  0.543359  0.029264
  0.559063  0.029934
  0.574707  0.030515
  0.590277  0.031001
  0.605757  0.031386
  0.621131  0.031663
  0.636385  0.031831
  0.651503  0.031886
  0.666469  0.031827
  0.681270  0.031653
  0.695890  0.031366
  0.710315  0.030970
  0.724530  0.030467
  0.738522  0.029865
  0.752275  0.029168
  0.765777  0.028385
  0.779014  0.027525
  0.791974  0.026598
  0.804642  0.025612
  0.817006  0.024579
  0.829054  0.023508
  0.840775  0.022410
  0.852155  0.021294
  0.863185  0.020169
  0.873852  0.019043
  0.884147  0.017925
  0.894059  0.016860
  0.903579  0.015821
  0.912695  0.014815
  0.921401  0.013846
  0.929686  0.012918
  0.937544  0.012034
  0.944964  0.011196
  0.951942  0.010404
  0.958469  0.009661
  0.964539  0.008964
  0.970146  0.008314
  0.975284  0.007710
  0.979948  0.007148
  0.984134  0.006629
  0.987838  0.006148
  0.991055  0.005705
  0.993782  0.005297
  0.996018  0.004921
  0.997759  0.004574
  0.999003  0.004256
  0.999751  0.003963
  1.000000  0.003692
