  1.000000  0.011858
  0.999751  0.012676
  0.999003  0.013556
  0.997759  0.014501
  0.996018  0.015516
  0.993782  0.016607
  0.991055  0.017779
  0.987838  0.019035
  0.984134  0.020380
  0.979948  0.021818
  0.975284  0.023352
  0.970146  0.024985
  0.964539  0.026718
  0.958469  0.028553
  0.951942  0.030489
  0.944964  0.032525
  0.937544  0.034660
  0.929686  0.036891
  0.921401  0.039214
  0.912695  0.041622
  0.903579  0.044112
  0.894059  0.046674
  0.884147  0.049304
  0.873852  0.052079
  0.863185  0.054887
  0.852155  0.057720
  0.840775  0.060570
  0.829054  0.063429
  0.817006  0.066287
  0.804642  0.069135
  0.791974  0.071962
  0.779014  0.074758
  0.765777  0.077514
  0.752275  0.080218
  0.738522  0.082861
  0.724530  0.085433
  0.710315  0.087926
  0.695890  0.090330
  0.681270  0.092638
  0.666469  0.094844
  0.651503  0.096941
  0.636385  0.098923
  0.621131  0.100785
  0.605757  0.102524
  0.590277  0.104136
  0.574707  0.105618
  0.559063  0.106966
  0.543359  0.108179
  0.527613  0.109254
  0.511839  0.110189
  0.496053  0.110985
  0.480272  0.111638
  0.464509  0.112147
  0.448783  0.112513
  0.433107  0.112733
  0.417498  0.112807
  0.401971  0.112735
  0.386542  0.112517
  0.371226  0.112152
  0.356038  0.111641
  0.340994  0.110983
  0.326109  0.110180
  0.311396  0.109231
  0.296872  0.108137
  0.282550  0.106900
  0.268445  0.105521
  0.254571  0.104001
  0.240941  0.102342
  0.227570  0.100546
  0.214470  0.098615
  0.201655  0.096551
  0.189138  0.094357
  0.176930  0.092036
  0.165044  0.089591
  0.153492  0.087025
  0.142285  0.084341
  0.131435  0.081545
  0.120953  0.078641
  0.110848  0.075637
  0.101131  0.072539
  0.091812  0.069354
  0.082900  0.066093
  0.074403  0.062765
  0.066331  0.059382
  0.058691  0.055957
  0.051491  0.052505
  0.044738  0.049043
  0.038439  0.045585
  0.032600  0.042152
  0.027226  0.038759
  0.022325  0.035426
  0.017899  0.032171
  0.013954  0.029010
  0.010493  0.025961
  0.007520  0.023038
  0.005038  0.020256
  0.003050  0.017625
  0.001557  0.015156
  0.000561  0.012856
  0.000062  0.010731
  0.000062  0.008783
  0.000561  0.007014
  0.001557  0.005422
  0.003050  0.004006
  0.005038  0.002761
  0.007520  0.001683
  0.010493  0.000766
  0.013954  0.000003
  0.017899  -0.000614
  0.022325  -0.001092
  0.027226  -0.001441
  0.032600  -0.001667
  0.038439  -0.001779
  0.044738  -0.001784
  0.051491  -0.001692
  0.058691  -0.001508
  0.066331  -0.001239
  0.074403  -0.000894
  0.082900  -0.000476
  0.091812  0.000006
  0.101131  0.000548
  0.110848  0.001144
  0.120953  0.001789
  0.131435  0.002479
  0.142285  0.003209
  0.153492  0.003976
  0.165044  0.004776
  0.176930  0.005606
  0.189138  0.006463
  0.201655  0.007345
  0.214470  0.008248
  0.227570  0.009169
  0.240941  0.010107
  0.254571  0.011058
  0.268445  0.012021
  0.282550  0.012994
  0.296872  0.013973
  0.311396  0.014958
  0.326109  0.015945
  0.340994  0.016931
  0.356038  0.017915
  0.371226  0.018892
  0.386542  0.019859
  0.401971  0.020812
  0.417498  0.021747
  0.433107  0.022660
  0.448783  0.023546
  0.464509  0.024399
  0.480272  0.025214
  0.496053  0.025985
  0.511839  0.026706
  0.527613  0.027373
  0.543359  0.027978
  0.559063  0.028517
  0.574707  0.028984
  0.590277  0.029375
  0.605757  0.029687
  0.621131  0.029915
  0.636385  0.030058
  0.651503  0.030114
  0.666469  0.030082
  0.681270  0.029963
  0.695890  0.029757
  0.710315  0.029467
  0.724530  0.029096
  0.738522  0.028647
  0.752275  0.028125
  0.765777  0.027535
  0.779014  0.026882
  0.791974  0.026174
  0.804642  0.025415
  0.817006  0.024613
  0.829054  0.023775
  0.840775  0.022906
  0.852155  0.022013
  0.863185  0.021101
  0.873852  0.020177
  0.884147  0.019244
  0.894059  0.018350
  0.903579  0.017466
  0.912695  0.016596
  0.921401  0.015745
  0.929686  0.014917
  0.937544  0.014114
  0.944964  0.013340
  0.951942  0.012597
  0.958469  0.011885
  0.964539  0.011207
  0.970146  0.010563
  0.975284  0.009952
  0.979948  0.009376
  0.984134  0.008832
  0.987838  0.008321
  0.991055  0.007842
  0.993782  0.007392
  0.996018  0.006971
  0.997759  0.006577
  0.999003  0.006209
  0.999751  0.005865
  1.000000  0.005543
