  1.000000  0.011816
  0.999751  0.012669
  0.999003  0.013587
  0.997759  0.014576
  0.996018  0.015642
  0.993782  0.016791
  0.991055  0.018028
  0.987838  0.019357
  0.984134  0.020785
  0.979948  0.022316
  0.975284  0.023953
  0.970146  0.025700
  0.964539  0.027559
  0.958469  0.029534
  0.951942  0.031623
  0.944964  0.033826
  0.937544  0.036143
  0.929686  0.038570
  0.921401  0.041104
  0.912695  0.043738
  0.903579  0.046467
  0.894059  0.049284
  0.884147  0.052181
  0.873852  0.055242
  0.863185  0.058348
  0.852155  0.061488
  0.840775  0.064655
  0.829054  0.067838
  0.817006  0.071026
  0.804642  0.074207
  0.791974  0.077371
  0.779014  0.080504
  0.765777  0.083595
  0.752275  0.086631
  0.738522  0.089601
  0.724530  0.092493
  0.710315  0.095296
  0.695890  0.097999
  0.681270  0.100594
  0.666469  0.103072
  0.651503  0.105425
  0.636385  0.107646
  0.621131  0.109729
  0.605757  0.111668
  0.590277  0.113459
  0.574707  0.115097
  0.559063  0.116577
  0.543359  0.117898
  0.527613  0.119055
  0.511839  0.120047
  0.496053  0.120870
  0.480272  0.121524
  0.464509  0.122007
  0.448783  0.122316
  0.433107  0.122452
  0.417498  0.122414
  0.401971  0.122200
  0.386542  0.121813
  0.371226  0.121252
  0.356038  0.120518
  0.340994  0.119612
  0.326109  0.118537
  0.311396  0.117293
  0.296872  0.115883
  0.282550  0.114311
  0.268445  0.112578
  0.254571  0.110689
  0.240941  0.108647
  0.227570  0.106456
  0.214470  0.104121
  0.201655  0.101647
  0.189138  0.099037
  0.176930  0.096298
  0.165044  0.093434
  0.153492  0.090451
  0.142285  0.087356
  0.131435  0.084155
  0.120953  0.080857
  0.110848  0.077471
  0.101131  0.074007
  0.091812  0.070474
  0.082900  0.066887
  0.074403  0.063256
  0.066331  0.059598
  0.058691  0.055929
  0.051491  0.052267
  0.044738  0.048630
  0.038439  0.045038
  0.032600  0.041511
  0.027226  0.038071
  0.022325  0.034737
  0.017899  0.031529
  0.013954  0.028466
  0.010493  0.025563
  0.007520  0.022837
  0.005038  0.020300
  0.003050  0.017960
  0.001557  0.015827
  0.000561  0.013902
  0.000062  0.012187
  0.000062  0.010680
  0.000561  0.009377
  0.001557  0.008270
  0.003050  0.007350
  0.005038  0.006606
  0.007520  0.006027
  0.010493  0.005599
  0.013954  0.005308
  0.017899  0.005140
  0.022325  0.005080
  0.027226  0.005114
  0.032600  0.005229
  0.038439  0.005411
  0.044738  0.005649
  0.051491  0.005931
  0.058691  0.006249
  0.066331  0.006593
  0.074403  0.006956
  0.082900  0.007332
  0.091812  0.007716
  0.101131  0.008103
  0.110848  0.008492
  0.120953  0.008879
  0.131435  0.009263
  0.142285  0.009645
  0.153492  0.010025
  0.165044  0.010406
  0.176930  0.010788
  0.189138  0.011174
  0.201655  0.011566
  0.214470  0.011966
  0.227570  0.012377
  0.240941  0.012801
  0.254571  0.013239
  0.268445  0.013695
  0.282550  0.014170
  0.296872  0.014665
  0.311396  0.015181
  0.326109  0.015719
  0.340994  0.016279
  0.356038  0.016859
  0.371226  0.017458
  0.386542  0.018075
  0.401971  0.018705
  0.417498  0.019345
  0.433107  0.019990
  0.448783  0.020635
  0.464509  0.021274
  0.480272  0.021900
  0.496053  0.022506
  0.511839  0.023085
  0.527613  0.023629
  0.543359  0.024132
  0.559063  0.024585
  0.574707  0.024983
  0.590277  0.025318
  0.605757  0.025585
  0.621131  0.025781
  0.636385  0.025900
  0.651503  0.025940
  0.666469  0.025899
  0.681270  0.025778
  0.695890  0.025575
  0.710315  0.025293
  0.724530  0.024935
  0.738522  0.024503
  0.752275  0.024002
  0.765777  0.023438
  0.779014  0.022816
  0.791974  0.022142
  0.804642  0.021423
  0.817006  0.020667
  0.829054  0.019879
  0.840775  0.019066
  0.852155  0.018236
  0.863185  0.017393
  0.873852  0.016544
  0.884147  0.015693
  0.894059  0.014880
  0.903579  0.014081
  0.912695  0.013300
  0.921401  0.012542
  0.929686  0.011809
  0.937544  0.011104
  0.944964  0.010430
  0.951942  0.009787
  0.958469  0.009176
  0.964539  0.008598
  0.970146  0.008054
  0.975284  0.007541
  0.979948  0.007061
  0.984134  0.006611
  0.987838  0.006191
  0.991055  0.005800
  0.993782  0.005435
  0.996018  0.005096
  0.997759  0.004781
  0.999003  0.004488
  0.999751  0.004216
  1.000000  0.003963
