  1.000000  0.010448
  0.999751  0.011240
  0.999003  0.012096
  0.997759  0.013021
  0.996018  0.014022
  0.993782  0.015105
  0.991055  0.016275
  0.987838  0.017538
  0.984134  0.018900
  0.979948  0.020366
  0.975284  0.021940
  0.970146  0.023627
  0.964539  0.025431
  0.958469  0.027354
  0.951942  0.029397
  0.944964  0.031562
  0.937544  0.033848
  0.929686  0.036252
  0.921401  0.038771
  0.912695  0.041402
  0.903579  0.044137
  0.894059  0.046970
  0.884147  0.049893
  0.873852  0.052988
  0.863185  0.056136
  0.852155  0.059330
  0.840775  0.062558
  0.829054  0.065809
  0.817006  0.069071
  0.804642  0.072330
  0.791974  0.075573
  0.779014  0.078786
  0.765777  0.081955
  0.752275  0.085067
  0.738522  0.088108
  0.724530  0.091066
  0.710315  0.093928
  0.695890  0.096684
  0.681270  0.099324
  0.666469  0.101839
  0.651503  0.104222
  0.636385  0.106465
  0.621131  0.108564
  0.605757  0.110514
  0.590277  0.112310
  0.574707  0.113951
  0.559063  0.115433
  0.543359  0.116755
  0.527613  0.117915
  0.511839  0.118913
  0.496053  0.119749
  0.480272  0.120421
  0.464509  0.120931
  0.448783  0.121277
  0.433107  0.121461
  0.417498  0.121482
  0.401971  0.121343
  0.386542  0.121042
  0.371226  0.120582
  0.356038  0.119964
  0.340994  0.119189
  0.326109  0.118257
  0.311396  0.117170
  0.296872  0.115931
  0.282550  0.114539
  0.268445  0.112998
  0.254571  0.111309
  0.240941  0.109474
  0.227570  0.107496
  0.214470  0.105376
  0.201655  0.103118
  0.189138  0.100724
  0.176930  0.098197
  0.165044  0.095541
  0.153492  0.092758
  0.142285  0.089852
  0.131435  0.086830
  0.120953  0.083695
  0.110848  0.080456
  0.101131  0.077120
  0.091812  0.073695
  0.082900  0.070191
  0.074403  0.066620
  0.066331  0.062994
  0.058691  0.059328
  0.051491  0.055637
  0.044738  0.051940
  0.038439  0.048253
  0.032600  0.044596
  0.027226  0.040990
  0.022325  0.037452
  0.017899  0.034003
  0.013954  0.030661
  0.010493  0.027444
  0.007520  0.024367
  0.005038  0.021445
  0.003050  0.018689
  0.001557  0.016109
  0.000561  0.013713
  0.000062  0.011504
  0.000062  0.009486
  0.000561  0.007659
  0.001557  0.006019
  0.003050  0.004564
  0.005038  0.003287
  0.007520  0.002183
  0.010493  0.001244
  0.013954  0.000462
  0.017899  -0.000174
  0.022325  -0.000672
  0.027226  -0.001041
  0.032600  -0.001292
  0.038439  -0.001434
  0.044738  -0.001476
  0.051491  -0.001425
  0.058691  -0.001291
  0.066331  -0.001080
  0.074403  -0.000800
  0.082900  -0.000456
  0.091812  -0.000056
  0.101131  0.000396
  0.110848  0.000894
  0.120953  0.001435
  0.131435  0.002013
  0.142285  0.002626
  0.153492  0.003270
  0.165044  0.003945
  0.176930  0.004646
  0.189138  0.005373
  0.201655  0.006122
  0.214470  0.006894
  0.227570  0.007685
  0.240941  0.008496
  0.254571  0.009323
  0.268445  0.010166
  0.282550  0.011024
  0.296872  0.011895
  0.311396  0.012777
  0.326109  0.013669
  0.340994  0.014569
  0.356038  0.015473
  0.371226  0.016380
  0.386542  0.017285
  0.401971  0.018185
  0.417498  0.019075
  0.433107  0.019952
  0.448783  0.020810
  0.464509  0.021644
  0.480272  0.022447
  0.496053  0.023214
  0.511839  0.023938
  0.527613  0.024614
  0.543359  0.025236
  0.559063  0.025796
  0.574707  0.026291
  0.590277  0.026715
  0.605757  0.027064
  0.621131  0.027333
  0.636385  0.027522
  0.651503  0.027627
  0.666469  0.027648
  0.681270  0.027584
  0.695890  0.027438
  0.710315  0.027209
  0.724530  0.026901
  0.738522  0.026518
  0.752275  0.026064
  0.765777  0.025543
  0.779014  0.024961
  0.791974  0.024324
  0.804642  0.023638
  0.817006  0.022909
  0.829054  0.022144
  0.840775  0.021349
  0.852155  0.020529
  0.863185  0.019690
  0.873852  0.018838
  0.884147  0.017976
  0.894059  0.017150
  0.903579  0.016331
  0.912695  0.015525
  0.921401  0.014736
  0.929686  0.013967
  0.937544  0.013222
  0.944964  0.012502
  0.951942  0.011810
  0.958469  0.011148
  0.964539  0.010517
  0.970146  0.009916
  0.975284  0.009347
  0.979948  0.008810
  0.984134  0.008302
  0.987838  0.007825
  0.991055  0.007377
  0.993782  0.006957
  0.996018  0.006564
  0.997759  0.006195
  0.999003  0.005851
  0.999751  0.005528
  1.000000  0.005227
