  1.000000  0.012479
  0.999751  0.013342
  0.999003  0.014269
  0.997759  0.015266
  0.996018  0.016338
  0.993782  0.017489
  0.991055  0.018725
  0.987838  0.020052
  0.984134  0.021472
  0.979948  0.022991
  0.975284  0.024611
  0.970146  0.026337
  0.964539  0.028168
  0.958469  0.030108
  0.951942  0.032155
  0.944964  0.034310
  0.937544  0.036569
  0.929686  0.038930
  0.921401  0.041387
  0.912695  0.043937
  0.903579  0.046572
  0.894059  0.049285
  0.884147  0.052068
  0.873852  0.055006
  0.863185  0.057977
  0.852155  0.060973
  0.840775  0.063986
  0.829054  0.067006
  0.817006  0.070023
  0.804642  0.073026
  0.791974  0.076003
  0.779014  0.078945
  0.765777  0.081838
  0.752275  0.084671
  0.738522  0.087435
  0.724530  0.090117
  0.710315  0.092709
  0.695890  0.095200
  0.681270  0.097583
  0.666469  0.099851
  0.651503  0.101996
  0.636385  0.104013
  0.621131  0.105897
  0.605757  0.107643
  0.590277  0.109249
  0.574707  0.110712
  0.559063  0.112028
  0.543359  0.113196
  0.527613  0.114216
  0.511839  0.115084
  0.496053  0.115802
  0.480272  0.116369
  0.464509  0.116783
  0.448783  0.117045
  0.433107  0.117155
  0.417498  0.117113
  0.401971  0.116920
  0.386542  0.116575
  0.371226  0.116081
  0.356038  0.115437
  0.340994  0.114644
  0.326109  0.113703
  0.311396  0.112615
  0.296872  0.111381
  0.282550  0.110002
  0.268445  0.108479
  0.254571  0.106814
  0.240941  0.105009
  0.227570  0.103065
  0.214470  0.100984
  0.201655  0.098769
  0.189138  0.096421
  0.176930  0.093942
  0.165044  0.091337
  0.153492  0.088608
  0.142285  0.085759
  0.131435  0.082794
  0.120953  0.079722
  0.110848  0.076548
  0.101131  0.073281
  0.091812  0.069931
  0.082900  0.066509
  0.074403  0.063027
  0.066331  0.059500
  0.058691  0.055945
  0.051491  0.052380
  0.044738  0.048823
  0.038439  0.045296
  0.032600  0.041820
  0.027226  0.038417
  0.022325  0.035108
  0.017899  0.031915
  0.013954  0.028857
  0.010493  0.025953
  0.007520  0.023219
  0.005038  0.020669
  0.003050  0.018315
  0.001557  0.016164
  0.000561  0.014221
  0.000062  0.012488
  0.000062  0.010964
  0.000561  0.009645
  0.001557  0.008524
  0.003050  0.007592
  0.005038  0.006839
  0.007520  0.006252
  0.010493  0.005819
  0.013954  0.005525
  0.017899  0.005355
  0.022325  0.005295
  0.027226  0.005329
  0.032600  0.005444
  0.038439  0.005626
  0.044738  0.005862
  0.051491  0.006142
  0.058691  0.006456
  0.066331  0.006794
  0.074403  0.007149
  0.082900  0.007514
  0.091812  0.007884
  0.101131  0.008255
  0.110848  0.008625
  0.120953  0.008991
  0.131435  0.009352
  0.142285  0.009709
  0.153492  0.010063
  0.165044  0.010416
  0.176930  0.010770
  0.189138  0.011128
  0.201655  0.011492
  0.214470  0.011866
  0.227570  0.012251
  0.240941  0.012651
  0.254571  0.013068
  0.268445  0.013506
  0.282550  0.013965
  0.296872  0.014449
  0.311396  0.014957
  0.326109  0.015492
  0.340994  0.016052
  0.356038  0.016637
  0.371226  0.017246
  0.386542  0.017876
  0.401971  0.018524
  0.417498  0.019187
  0.433107  0.019860
  0.448783  0.020536
  0.464509  0.021211
  0.480272  0.021877
  0.496053  0.022527
  0.511839  0.023154
  0.527613  0.023751
  0.543359  0.024310
  0.559063  0.024824
  0.574707  0.025286
  0.590277  0.025692
  0.605757  0.026034
  0.621131  0.026309
  0.636385  0.026512
  0.651503  0.026643
  0.666469  0.026697
  0.681270  0.026675
  0.695890  0.026578
  0.710315  0.026406
  0.724530  0.026161
  0.738522  0.025845
  0.752275  0.025464
  0.765777  0.025020
  0.779014  0.024518
  0.791974  0.023963
  0.804642  0.023361
  0.817006  0.022716
  0.829054  0.022034
  0.840775  0.021321
  0.852155  0.020580
  0.863185  0.019817
  0.873852  0.019036
  0.884147  0.018241
  0.894059  0.017475
  0.903579  0.016712
  0.912695  0.015955
  0.921401  0.015210
  0.929686  0.014478
  0.937544  0.013764
  0.944964  0.013070
  0.951942  0.012399
  0.958469  0.011752
  0.964539  0.011131
  0.970146  0.010536
  0.975284  0.009969
  0.979948  0.009429
  0.984134  0.008918
  0.987838  0.008434
  0.991055  0.007976
  0.993782  0.007546
  0.996018  0.007140
  0.997759  0.006758
  0.999003  0.006400
  0.999751  0.006063
  1.000000  0.005746
