  1.000000  0.011081
  0.999751  0.011911
  0.999003  0.012807
  0.997759  0.013776
  0.996018  0.014822
  0.993782  0.015952
  0.991055  0.017172
  0.987838  0.018487
  0.984134  0.019903
  0.979948  0.021426
  0.975284  0.023059
  0.970146  0.024807
  0.964539  0.026673
  0.958469  0.028659
  0.951942  0.030768
  0.944964  0.032998
  0.937544  0.035350
  0.929686  0.037821
  0.921401  0.040408
  0.912695  0.043105
  0.903579  0.045906
  0.894059  0.048805
  0.884147  0.051794
  0.873852  0.054956
  0.863185  0.058172
  0.852155  0.061432
  0.840775  0.064725
  0.829054  0.068041
  0.817006  0.071367
  0.804642  0.074690
  0.791974  0.077999
  0.779014  0.081277
  0.765777  0.084513
  0.752275  0.087691
  0.738522  0.090800
  0.724530  0.093825
  0.710315  0.096755
  0.695890  0.099578
  0.681270  0.102283
  0.666469  0.104861
  0.651503  0.107303
  0.636385  0.109600
  0.621131  0.111746
  0.605757  0.113735
  0.590277  0.115562
  0.574707  0.117220
  0.559063  0.118707
  0.543359  0.120018
  0.527613  0.121150
  0.511839  0.122101
  0.496053  0.122868
  0.480272  0.123450
  0.464509  0.123846
  0.448783  0.124054
  0.433107  0.124073
  0.417498  0.123905
  0.401971  0.123548
  0.386542  0.123005
  0.371226  0.122278
  0.356038  0.121367
  0.340994  0.120277
  0.326109  0.119009
  0.311396  0.117569
  0.296872  0.115960
  0.282550  0.114188
  0.268445  0.112257
  0.254571  0.110174
  0.240941  0.107944
  0.227570  0.105575
  0.214470  0.103072
  0.201655  0.100444
  0.189138  0.097698
  0.176930  0.094840
  0.165044  0.091878
  0.153492  0.088819
  0.142285  0.085671
  0.131435  0.082442
  0.120953  0.079140
  0.110848  0.075773
  0.101131  0.072350
  0.091812  0.068880
  0.082900  0.065372
  0.074403  0.061836
  0.066331  0.058284
  0.058691  0.054727
  0.051491  0.051177
  0.044738  0.047647
  0.038439  0.044152
  0.032600  0.040704
  0.027226  0.037318
  0.022325  0.034008
  0.017899  0.030788
  0.013954  0.027671
  0.010493  0.024671
  0.007520  0.021797
  0.005038  0.019061
  0.003050  0.016473
  0.001557  0.014038
  0.000561  0.011764
  0.000062  0.009655
  0.000062  0.007712
  0.000561  0.005938
  0.001557  0.004331
  0.003050  0.002891
  0.005038  0.001614
  0.007520  0.000497
  0.010493  -0.000464
  0.013954  -0.001273
  0.017899  -0.001938
  0.022325  -0.002463
  0.027226  -0.002855
  0.032600  -0.003120
  0.038439  -0.003265
  0.044738  -0.003296
  0.051491  -0.003219
  0.058691  -0.003041
  0.066331  -0.002767
  0.074403  -0.002404
  0.082900  -0.001959
  0.091812  -0.001435
  0.101131  -0.000840
  0.110848  -0.000179
  0.120953  0.000544
  0.131435  0.001322
  0.142285  0.002151
  0.153492  0.003026
  0.165044  0.003945
  0.176930  0.004901
  0.189138  0.005891
  0.201655  0.006912
  0.214470  0.007959
  0.227570  0.009029
  0.240941  0.010120
  0.254571  0.011226
  0.268445  0.012347
  0.282550  0.013478
  0.296872  0.014617
  0.311396  0.015761
  0.326109  0.016908
  0.340994  0.018053
  0.356038  0.019195
  0.371226  0.020329
  0.386542  0.021452
  0.401971  0.022560
  0.417498  0.023649
  0.433107  0.024714
  0.448783  0.025751
  0.464509  0.026754
  0.480272  0.027719
  0.496053  0.028639
  0.511839  0.029509
  0.527613  0.030324
  0.543359  0.031077
  0.559063  0.031765
  0.574707  0.032381
  0.590277  0.032920
  0.605757  0.033380
  0.621131  0.033756
  0.636385  0.034046
  0.651503  0.034248
  0.666469  0.034361
  0.681270  0.034384
  0.695890  0.034317
  0.710315  0.034163
  0.724530  0.033922
  0.738522  0.033597
  0.752275  0.033193
  0.765777  0.032712
  0.779014  0.032159
  0.791974  0.031540
  0.804642  0.030859
  0.817006  0.030121
  0.829054  0.029332
  0.840775  0.028498
  0.852155  0.027622
  0.863185  0.026711
  0.873852  0.025768
  0.884147  0.024798
  0.894059  0.023860
  0.903579  0.022917
  0.912695  0.021973
  0.921401  0.021034
  0.929686  0.020106
  0.937544  0.019192
  0.944964  0.018296
  0.951942  0.017423
  0.958469  0.016575
  0.964539  0.015755
  0.970146  0.014965
  0.975284  0.014206
  0.979948  0.013480
  0.984134  0.012787
  0.987838  0.012128
  0.991055  0.011503
  0.993782  0.010910
  0.996018  0.010349
  0.997759  0.009820
  0.999003  0.009320
  0.999751  0.008848
  1.000000  0.008404
