  1.000000  0.010439
  0.999751  0.011213
  0.999003  0.012048
  0.997759  0.012950
  0.996018  0.013924
  0.993782  0.014976
  0.991055  0.016110
  0.987838  0.017332
  0.984134  0.018647
  0.979948  0.020059
  0.975284  0.021573
  0.970146  0.023192
  0.964539  0.024918
  0.958469  0.026755
  0.951942  0.028703
  0.944964  0.030761
  0.937544  0.032930
  0.929686  0.035206
  0.921401  0.037585
  0.912695  0.040064
  0.903579  0.042636
  0.894059  0.045294
  0.884147  0.048031
  0.873852  0.050925
  0.863185  0.053863
  0.852155  0.056837
  0.840775  0.059836
  0.829054  0.062852
  0.817006  0.065871
  0.804642  0.068884
  0.791974  0.071877
  0.779014  0.074838
  0.765777  0.077754
  0.752275  0.080614
  0.738522  0.083406
  0.724530  0.086118
  0.710315  0.088739
  0.695890  0.091261
  0.681270  0.093675
  0.666469  0.095973
  0.651503  0.098149
  0.636385  0.100197
  0.621131  0.102113
  0.605757  0.103892
  0.590277  0.105533
  0.574707  0.107032
  0.559063  0.108389
  0.543359  0.109602
  0.527613  0.110670
  0.511839  0.111593
  0.496053  0.112372
  0.480272  0.113006
  0.464509  0.113497
  0.448783  0.113843
  0.433107  0.114046
  0.417498  0.114107
  0.401971  0.114025
  0.386542  0.113802
  0.371226  0.113439
  0.356038  0.112936
  0.340994  0.112294
  0.326109  0.111513
  0.311396  0.110594
  0.296872  0.109538
  0.282550  0.108346
  0.268445  0.107018
  0.254571  0.105555
  0.240941  0.103959
  0.227570  0.102229
  0.214470  0.100368
  0.201655  0.098377
  0.189138  0.096256
  0.176930  0.094008
  0.165044  0.091634
  0.153492  0.089135
  0.142285  0.086516
  0.131435  0.083777
  0.120953  0.080925
  0.110848  0.077963
  0.101131  0.074898
  0.091812  0.071736
  0.082900  0.068485
  0.074403  0.065154
  0.066331  0.061754
  0.058691  0.058299
  0.051491  0.054800
  0.044738  0.051274
  0.038439  0.047738
  0.032600  0.044208
  0.027226  0.040703
  0.022325  0.037240
  0.017899  0.033839
  0.013954  0.030517
  0.010493  0.027291
  0.007520  0.024179
  0.005038  0.021194
  0.003050  0.018351
  0.001557  0.015660
  0.000561  0.013131
  0.000062  0.010773
  0.000062  0.008591
  0.000561  0.006589
  0.001557  0.004769
  0.003050  0.003131
  0.005038  0.001676
  0.007520  0.000400
  0.010493  -0.000698
  0.013954  -0.001622
  0.017899  -0.002378
  0.022325  -0.002970
  0.027226  -0.003403
  0.032600  -0.003685
  0.038439  -0.003819
  0.044738  -0.003814
  0.051491  -0.003674
  0.058691  -0.003407
  0.066331  -0.003018
  0.074403  -0.002515
  0.082900  -0.001904
  0.091812  -0.001193
  0.101131  -0.000388
  0.110848  0.000502
  0.120953  0.001471
  0.131435  0.002509
  0.142285  0.003609
  0.153492  0.004763
  0.165044  0.005963
  0.176930  0.007201
  0.189138  0.008467
  0.201655  0.009753
  0.214470  0.011052
  0.227570  0.012353
  0.240941  0.013650
  0.254571  0.014935
  0.268445  0.016201
  0.282550  0.017441
  0.296872  0.018650
  0.311396  0.019821
  0.326109  0.020950
  0.340994  0.022033
  0.356038  0.023065
  0.371226  0.024045
  0.386542  0.024968
  0.401971  0.025832
  0.417498  0.026636
  0.433107  0.027378
  0.448783  0.028055
  0.464509  0.028667
  0.480272  0.029211
  0.496053  0.029689
  0.511839  0.030097
  0.527613  0.030436
  0.543359  0.030704
  0.559063  0.030902
  0.574707  0.031030
  0.590277  0.031087
  0.605757  0.031074
  0.621131  0.030993
  0.636385  0.030844
  0.651503  0.030628
  0.666469  0.030349
  0.681270  0.030009
  0.695890  0.029610
  0.710315  0.029155
  0.724530  0.028647
  0.738522  0.028091
  0.752275  0.027490
  0.765777  0.026847
  0.779014  0.026167
  0.791974  0.025453
  0.804642  0.024709
  0.817006  0.023940
  0.829054  0.023150
  0.840775  0.022340
  0.852155  0.021516
  0.863185  0.020680
  0.873852  0.019834
  0.884147  0.018982
  0.894059  0.018167
  0.903579  0.017360
  0.912695  0.016563
  0.921401  0.015781
  0.929686  0.015016
  0.937544  0.014271
  0.944964  0.013547
  0.951942  0.012848
  0.958469  0.012174
  0.964539  0.011527
  0.970146  0.010908
  0.975284  0.010317
  0.979948  0.009756
  0.984134  0.009223
  0.987838  0.008719
  0.991055  0.008242
  0.993782  0.007793
  0.996018  0.007370
  0.997759  0.006973
  0.999003  0.006599
  0.999751  0.006248
  1.000000  0.005918
