  1.000000  0.010140
  0.999751  0.010926
  0.999003  0.011778
  0.997759  0.012701
  0.996018  0.013701
  0.993782  0.014786
  0.991055  0.015960
  0.987838  0.017231
  0.984134  0.018605
  0.979948  0.020086
  0.975284  0.021682
  0.970146  0.023396
  0.964539  0.025233
  0.958469  0.027196
  0.951942  0.029288
  0.944964  0.031510
  0.937544  0.033862
  0.929686  0.036341
  0.921401  0.038945
  0.912695  0.041670
  0.903579  0.044510
  0.894059  0.047457
  0.884147  0.050502
  0.873852  0.053729
  0.863185  0.057017
  0.852155  0.060356
  0.840775  0.063735
  0.829054  0.067140
  0.817006  0.070556
  0.804642  0.073970
  0.791974  0.077365
  0.779014  0.080727
  0.765777  0.084038
  0.752275  0.087284
  0.738522  0.090450
  0.724530  0.093522
  0.710315  0.096486
  0.695890  0.099331
  0.681270  0.102045
  0.666469  0.104621
  0.651503  0.107049
  0.636385  0.109324
  0.621131  0.111440
  0.605757  0.113393
  0.590277  0.115180
  0.574707  0.116799
  0.559063  0.118249
  0.543359  0.119530
  0.527613  0.120641
  0.511839  0.121583
  0.496053  0.122357
  0.480272  0.122965
  0.464509  0.123408
  0.448783  0.123688
  0.433107  0.123806
  0.417498  0.123764
  0.401971  0.123564
  0.386542  0.123208
  0.371226  0.122697
  0.356038  0.122034
  0.340994  0.121221
  0.326109  0.120257
  0.311396  0.119146
  0.296872  0.117889
  0.282550  0.116488
  0.268445  0.114943
  0.254571  0.113256
  0.240941  0.111429
  0.227570  0.109463
  0.214470  0.107361
  0.201655  0.105122
  0.189138  0.102751
  0.176930  0.100247
  0.165044  0.097614
  0.153492  0.094854
  0.142285  0.091970
  0.131435  0.088965
  0.120953  0.085844
  0.110848  0.082614
  0.101131  0.079280
  0.091812  0.075851
  0.082900  0.072334
  0.074403  0.068741
  0.066331  0.065083
  0.058691  0.061373
  0.051491  0.057628
  0.044738  0.053863
  0.038439  0.050097
  0.032600  0.046347
  0.027226  0.042633
  0.022325  0.038974
  0.017899  0.035390
  0.013954  0.031900
  0.010493  0.028521
  0.007520  0.025269
  0.005038  0.022160
  0.003050  0.019207
  0.001557  0.016420
  0.000561  0.013810
  0.000062  0.011381
  0.000062  0.009139
  0.000561  0.007086
  0.001557  0.005222
  0.003050  0.003544
  0.005038  0.002052
  0.007520  0.000739
  0.010493  -0.000397
  0.013954  -0.001365
  0.017899  -0.002170
  0.022325  -0.002820
  0.027226  -0.003322
  0.032600  -0.003685
  0.038439  -0.003916
  0.044738  -0.004023
  0.051491  -0.004013
  0.058691  -0.003893
  0.066331  -0.003671
  0.074403  -0.003353
  0.082900  -0.002947
  0.091812  -0.002458
  0.101131  -0.001893
  0.110848  -0.001257
  0.120953  -0.000556
  0.131435  0.000203
  0.142285  0.001018
  0.153492  0.001882
  0.165044  0.002793
  0.176930  0.003747
  0.189138  0.004739
  0.201655  0.005767
  0.214470  0.006826
  0.227570  0.007914
  0.240941  0.009027
  0.254571  0.010164
  0.268445  0.011320
  0.282550  0.012495
  0.296872  0.013684
  0.311396  0.014886
  0.326109  0.016097
  0.340994  0.017314
  0.356038  0.018534
  0.371226  0.019751
  0.386542  0.020962
  0.401971  0.022162
  0.417498  0.023344
  0.433107  0.024503
  0.448783  0.025632
  0.464509  0.026724
  0.480272  0.027770
  0.496053  0.028765
  0.511839  0.029697
  0.527613  0.030561
  0.543359  0.031347
  0.559063  0.032047
  0.574707  0.032653
  0.590277  0.033160
  0.605757  0.033560
  0.621131  0.033850
  0.636385  0.034024
  0.651503  0.034080
  0.666469  0.034017
  0.681270  0.033835
  0.695890  0.033535
  0.710315  0.033121
  0.724530  0.032595
  0.738522  0.031964
  0.752275  0.031235
  0.765777  0.030416
  0.779014  0.029515
  0.791974  0.028543
  0.804642  0.027509
  0.817006  0.026424
  0.829054  0.025299
  0.840775  0.024144
  0.852155  0.022968
  0.863185  0.021782
  0.873852  0.020593
  0.884147  0.019411
  0.894059  0.018283
  0.903579  0.017183
  0.912695  0.016114
  0.921401  0.015084
  0.929686  0.014096
  0.937544  0.013152
  0.944964  0.012256
  0.951942  0.011409
  0.958469  0.010611
  0.964539  0.009862
  0.970146  0.009162
  0.975284  0.008510
  0.979948  0.007903
  0.984134  0.007340
  0.987838  0.006819
  0.991055  0.006338
  0.993782  0.005893
  0.996018  0.005483
  0.997759  0.005104
  0.999003  0.004756
  0.999751  0.004434
  1.000000  0.004138
