  1.000000  0.009796
  0.999751  0.010561
  0.999003  0.011390
  0.997759  0.012290
  0.996018  0.013266
  0.993782  0.014324
  0.991055  0.015472
  0.987838  0.016714
  0.984134  0.018058
  0.979948  0.019508
  0.975284  0.021072
  0.970146  0.022753
  0.964539  0.024555
  0.958469  0.026484
  0.951942  0.028540
  0.944964  0.030725
  0.937544  0.033040
  0.929686  0.035483
  0.921401  0.038050
  0.912695  0.040738
  0.903579  0.043541
  0.894059  0.046452
  0.884147  0.049462
  0.873852  0.052651
  0.863185  0.055903
  0.852155  0.059207
  0.840775  0.062551
  0.829054  0.065921
  0.817006  0.069303
  0.804642  0.072683
  0.791974  0.076043
  0.779014  0.079370
  0.765777  0.082646
  0.752275  0.085856
  0.738522  0.088985
  0.724530  0.092019
  0.710315  0.094944
  0.695890  0.097749
  0.681270  0.100424
  0.666469  0.102958
  0.651503  0.105344
  0.636385  0.107577
  0.621131  0.109650
  0.605757  0.111561
  0.590277  0.113307
  0.574707  0.114886
  0.559063  0.116297
  0.543359  0.117540
  0.527613  0.118616
  0.511839  0.119526
  0.496053  0.120271
  0.480272  0.120854
  0.464509  0.121276
  0.448783  0.121539
  0.433107  0.121645
  0.417498  0.121596
  0.401971  0.121394
  0.386542  0.121042
  0.371226  0.120542
  0.356038  0.119895
  0.340994  0.119103
  0.326109  0.118168
  0.311396  0.117090
  0.296872  0.115873
  0.282550  0.114516
  0.268445  0.113022
  0.254571  0.111391
  0.240941  0.109624
  0.227570  0.107723
  0.214470  0.105689
  0.201655  0.103523
  0.189138  0.101227
  0.176930  0.098801
  0.165044  0.096248
  0.153492  0.093570
  0.142285  0.090769
  0.131435  0.087848
  0.120953  0.084811
  0.110848  0.081664
  0.101131  0.078412
  0.091812  0.075063
  0.082900  0.071624
  0.074403  0.068106
  0.066331  0.064521
  0.058691  0.060880
  0.051491  0.057199
  0.044738  0.053494
  0.038439  0.049782
  0.032600  0.046081
  0.027226  0.042411
  0.022325  0.038789
  0.017899  0.035237
  0.013954  0.031771
  0.010493  0.028411
  0.007520  0.025173
  0.005038  0.022071
  0.003050  0.019121
  0.001557  0.016333
  0.000561  0.013717
  0.000062  0.011281
  0.000062  0.009029
  0.000561  0.006966
  0.001557  0.005091
  0.003050  0.003405
  0.005038  0.001907
  0.007520  0.000593
  0.010493  -0.000539
  0.013954  -0.001496
  0.017899  -0.002283
  0.022325  -0.002907
  0.027226  -0.003373
  0.032600  -0.003689
  0.038439  -0.003861
  0.044738  -0.003897
  0.051491  -0.003804
  0.058691  -0.003588
  0.066331  -0.003256
  0.074403  -0.002816
  0.082900  -0.002274
  0.091812  -0.001638
  0.101131  -0.000913
  0.110848  -0.000108
  0.120953  0.000771
  0.131435  0.001716
  0.142285  0.002722
  0.153492  0.003781
  0.165044  0.004887
  0.176930  0.006034
  0.189138  0.007214
  0.201655  0.008422
  0.214470  0.009651
  0.227570  0.010894
  0.240941  0.012146
  0.254571  0.013400
  0.268445  0.014652
  0.282550  0.015896
  0.296872  0.017128
  0.311396  0.018342
  0.326109  0.019534
  0.340994  0.020701
  0.356038  0.021837
  0.371226  0.022939
  0.386542  0.024003
  0.401971  0.025024
  0.417498  0.026000
  0.433107  0.026925
  0.448783  0.027796
  0.464509  0.028610
  0.480272  0.029360
  0.496053  0.030044
  0.511839  0.030658
  0.527613  0.031197
  0.543359  0.031658
  0.559063  0.032037
  0.574707  0.032331
  0.590277  0.032538
  0.605757  0.032656
  0.621131  0.032683
  0.636385  0.032620
  0.651503  0.032466
  0.666469  0.032223
  0.681270  0.031892
  0.695890  0.031477
  0.710315  0.030980
  0.724530  0.030407
  0.738522  0.029762
  0.752275  0.029049
  0.765777  0.028277
  0.779014  0.027450
  0.791974  0.026577
  0.804642  0.025663
  0.817006  0.024715
  0.829054  0.023741
  0.840775  0.022748
  0.852155  0.021740
  0.863185  0.020725
  0.873852  0.019708
  0.884147  0.018693
  0.894059  0.017726
  0.903579  0.016779
  0.912695  0.015854
  0.921401  0.014957
  0.929686  0.014091
  0.937544  0.013258
  0.944964  0.012460
  0.951942  0.011698
  0.958469  0.010975
  0.964539  0.010290
  0.970146  0.009643
  0.975284  0.009034
  0.979948  0.008462
  0.984134  0.007926
  0.987838  0.007425
  0.991055  0.006958
  0.993782  0.006522
  0.996018  0.006116
  0.997759  0.005739
  0.999003  0.005388
  0.999751  0.005061
  1.000000  0.004758
