  1.000000  0.010509
  0.999751  0.011307
  0.999003  0.012169
  0.997759  0.013102
  0.996018  0.014111
  0.993782  0.015202
  0.991055  0.016381
  0.987838  0.017655
  0.984134  0.019028
  0.979948  0.020506
  0.975284  0.022094
  0.970146  0.023795
  0.964539  0.025615
  0.958469  0.027555
  0.951942  0.029617
  0.944964  0.031801
  0.937544  0.034108
  0.929686  0.036536
  0.921401  0.039079
  0.912695  0.041736
  0.903579  0.044499
  0.894059  0.047361
  0.884147  0.050315
  0.873852  0.053442
  0.863185  0.056626
  0.852155  0.059856
  0.840775  0.063121
  0.829054  0.066411
  0.817006  0.069712
  0.804642  0.073012
  0.791974  0.076297
  0.779014  0.079552
  0.765777  0.082764
  0.752275  0.085919
  0.738522  0.089003
  0.724530  0.092003
  0.710315  0.094906
  0.695890  0.097702
  0.681270  0.100380
  0.666469  0.102930
  0.651503  0.105345
  0.636385  0.107617
  0.621131  0.109739
  0.605757  0.111708
  0.590277  0.113518
  0.574707  0.115164
  0.559063  0.116645
  0.543359  0.117958
  0.527613  0.119100
  0.511839  0.120071
  0.496053  0.120868
  0.480272  0.121493
  0.464509  0.121943
  0.448783  0.122218
  0.433107  0.122319
  0.417498  0.122247
  0.401971  0.122001
  0.386542  0.121583
  0.371226  0.120995
  0.356038  0.120238
  0.340994  0.119314
  0.326109  0.118225
  0.311396  0.116974
  0.296872  0.115564
  0.282550  0.113999
  0.268445  0.112281
  0.254571  0.110416
  0.240941  0.108406
  0.227570  0.106257
  0.214470  0.103973
  0.201655  0.101559
  0.189138  0.099020
  0.176930  0.096361
  0.165044  0.093587
  0.153492  0.090703
  0.142285  0.087716
  0.131435  0.084631
  0.120953  0.081454
  0.110848  0.078194
  0.101131  0.074857
  0.091812  0.071452
  0.082900  0.067987
  0.074403  0.064472
  0.066331  0.060919
  0.058691  0.057338
  0.051491  0.053743
  0.044738  0.050148
  0.038439  0.046567
  0.032600  0.043015
  0.027226  0.039508
  0.022325  0.036061
  0.017899  0.032691
  0.013954  0.029411
  0.010493  0.026237
  0.007520  0.023182
  0.005038  0.020259
  0.003050  0.017478
  0.001557  0.014849
  0.000561  0.012380
  0.000062  0.010076
  0.000062  0.007943
  0.000561  0.005983
  0.001557  0.004198
  0.003050  0.002587
  0.005038  0.001150
  0.007520  -0.000115
  0.010493  -0.001211
  0.013954  -0.002142
  0.017899  -0.002911
  0.022325  -0.003524
  0.027226  -0.003986
  0.032600  -0.004302
  0.038439  -0.004478
  0.044738  -0.004518
  0.051491  -0.004430
  0.058691  -0.004219
  0.066331  -0.003891
  0.074403  -0.003451
  0.082900  -0.002908
  0.091812  -0.002266
  0.101131  -0.001533
  0.110848  -0.000715
  0.120953  0.000181
  0.131435  0.001148
  0.142285  0.002178
  0.153492  0.003266
  0.165044  0.004405
  0.176930  0.005587
  0.189138  0.006805
  0.201655  0.008053
  0.214470  0.009323
  0.227570  0.010609
  0.240941  0.011905
  0.254571  0.013204
  0.268445  0.014501
  0.282550  0.015790
  0.296872  0.017066
  0.311396  0.018324
  0.326109  0.019560
  0.340994  0.020770
  0.356038  0.021948
  0.371226  0.023093
  0.386542  0.024199
  0.401971  0.025263
  0.417498  0.026281
  0.433107  0.027251
  0.448783  0.028168
  0.464509  0.029029
  0.480272  0.029831
  0.496053  0.030569
  0.511839  0.031240
  0.527613  0.031842
  0.543359  0.032371
  0.559063  0.032823
  0.574707  0.033198
  0.590277  0.033493
  0.605757  0.033706
  0.621131  0.033836
  0.636385  0.033884
  0.651503  0.033849
  0.666469  0.033733
  0.681270  0.033537
  0.695890  0.033263
  0.710315  0.032915
  0.724530  0.032494
  0.738522  0.032006
  0.752275  0.031453
  0.765777  0.030841
  0.779014  0.030173
  0.791974  0.029456
  0.804642  0.028693
  0.817006  0.027890
  0.829054  0.027051
  0.840775  0.026181
  0.852155  0.025285
  0.863185  0.024366
  0.873852  0.023428
  0.884147  0.022475
  0.894059  0.021559
  0.903579  0.020646
  0.912695  0.019741
  0.921401  0.018847
  0.929686  0.017968
  0.937544  0.017109
  0.944964  0.016272
  0.951942  0.015459
  0.958469  0.014674
  0.964539  0.013918
  0.970146  0.013192
  0.975284  0.012498
  0.979948  0.011837
  0.984134  0.011207
  0.987838  0.010610
  0.991055  0.010045
  0.993782  0.009512
  0.996018  0.009008
  0.997759  0.008534
  0.999003  0.008087
  0.999751  0.007667
  1.000000  0.007271
