  1.000000  0.010440
  0.999751  0.011228
  0.999003  0.012079
  0.997759  0.013001
  0.996018  0.013997
  0.993782  0.015075
  0.991055  0.016240
  0.987838  0.017497
  0.984134  0.018853
  0.979948  0.020313
  0.975284  0.021882
  0.970146  0.023563
  0.964539  0.025360
  0.958469  0.027277
  0.951942  0.029314
  0.944964  0.031472
  0.937544  0.033750
  0.929686  0.036146
  0.921401  0.038657
  0.912695  0.041276
  0.903579  0.043999
  0.894059  0.046816
  0.884147  0.049720
  0.873852  0.052790
  0.863185  0.055908
  0.852155  0.059064
  0.840775  0.062246
  0.829054  0.065441
  0.817006  0.068635
  0.804642  0.071814
  0.791974  0.074961
  0.779014  0.078063
  0.765777  0.081104
  0.752275  0.084069
  0.738522  0.086944
  0.724530  0.089715
  0.710315  0.092372
  0.695890  0.094902
  0.681270  0.097298
  0.666469  0.099549
  0.651503  0.101652
  0.636385  0.103600
  0.621131  0.105390
  0.605757  0.107021
  0.590277  0.108491
  0.574707  0.109801
  0.559063  0.110950
  0.543359  0.111942
  0.527613  0.112778
  0.511839  0.113462
  0.496053  0.113996
  0.480272  0.114386
  0.464509  0.114633
  0.448783  0.114742
  0.433107  0.114715
  0.417498  0.114557
  0.401971  0.114271
  0.386542  0.113859
  0.371226  0.113325
  0.356038  0.112670
  0.340994  0.111896
  0.326109  0.111003
  0.311396  0.109994
  0.296872  0.108869
  0.282550  0.107628
  0.268445  0.106270
  0.254571  0.104794
  0.240941  0.103202
  0.227570  0.101490
  0.214470  0.099659
  0.201655  0.097706
  0.189138  0.095632
  0.176930  0.093435
  0.165044  0.091114
  0.153492  0.088669
  0.142285  0.086101
  0.131435  0.083410
  0.120953  0.080599
  0.110848  0.077674
  0.101131  0.074637
  0.091812  0.071497
  0.082900  0.068261
  0.074403  0.064939
  0.066331  0.061543
  0.058691  0.058087
  0.051491  0.054587
  0.044738  0.051061
  0.038439  0.047528
  0.032600  0.044008
  0.027226  0.040521
  0.022325  0.037089
  0.017899  0.033733
  0.013954  0.030472
  0.010493  0.027327
  0.007520  0.024313
  0.005038  0.021447
  0.003050  0.018742
  0.001557  0.016209
  0.000561  0.013856
  0.000062  0.011687
  0.000062  0.009707
  0.000561  0.007914
  0.001557  0.006307
  0.003050  0.004881
  0.005038  0.003632
  0.007520  0.002552
  0.010493  0.001633
  0.013954  0.000866
  0.017899  0.000242
  0.022325  -0.000251
  0.027226  -0.000622
  0.032600  -0.000881
  0.038439  -0.001038
  0.044738  -0.001102
  0.051491  -0.001082
  0.058691  -0.000985
  0.066331  -0.000820
  0.074403  -0.000593
  0.082900  -0.000310
  0.091812  0.000023
  0.101131  0.000402
  0.110848  0.000822
  0.120953  0.001280
  0.131435  0.001773
  0.142285  0.002298
  0.153492  0.002854
  0.165044  0.003441
  0.176930  0.004056
  0.189138  0.004701
  0.201655  0.005373
  0.214470  0.006074
  0.227570  0.006802
  0.240941  0.007558
  0.254571  0.008342
  0.268445  0.009153
  0.282550  0.009992
  0.296872  0.010858
  0.311396  0.011749
  0.326109  0.012666
  0.340994  0.013606
  0.356038  0.014568
  0.371226  0.015547
  0.386542  0.016542
  0.401971  0.017547
  0.417498  0.018559
  0.433107  0.019571
  0.448783  0.020578
  0.464509  0.021574
  0.480272  0.022551
  0.496053  0.023502
  0.511839  0.024419
  0.527613  0.025296
  0.543359  0.026123
  0.559063  0.026895
  0.574707  0.027603
  0.590277  0.028243
  0.605757  0.028807
  0.621131  0.029293
  0.636385  0.029694
  0.651503  0.030010
  0.666469  0.030237
  0.681270  0.030374
  0.695890  0.030423
  0.710315  0.030383
  0.724530  0.030256
  0.738522  0.030045
  0.752275  0.029753
  0.765777  0.029384
  0.779014  0.028943
  0.791974  0.028434
  0.804642  0.027863
  0.817006  0.027235
  0.829054  0.026556
  0.840775  0.025830
  0.852155  0.025063
  0.863185  0.024260
  0.873852  0.023425
  0.884147  0.022562
  0.894059  0.021725
  0.903579  0.020881
  0.912695  0.020035
  0.921401  0.019191
  0.929686  0.018355
  0.937544  0.017531
  0.944964  0.016722
  0.951942  0.015932
  0.958469  0.015164
  0.964539  0.014421
  0.970146  0.013704
  0.975284  0.013015
  0.979948  0.012354
  0.984134  0.011724
  0.987838  0.011124
  0.991055  0.010554
  0.993782  0.010013
  0.996018  0.009502
  0.997759  0.009018
  0.999003  0.008561
  0.999751  0.008130
  1.000000  0.007723
