  1.000000  0.009448
  0.999751  0.010169
  0.999003  0.010949
  0.997759  0.011792
  0.996018  0.012705
  0.993782  0.013693
  0.991055  0.014761
  0.987838  0.015915
  0.984134  0.017159
  0.979948  0.018499
  0.975284  0.019939
  0.970146  0.021483
  0.964539  0.023135
  0.958469  0.024896
  0.951942  0.026769
  0.944964  0.028754
  0.937544  0.030851
  0.929686  0.033059
  0.921401  0.035373
  0.912695  0.037792
  0.903579  0.040308
  0.894059  0.042917
  0.884147  0.045611
  0.873852  0.048465
  0.863185  0.051372
  0.852155  0.054324
  0.840775  0.057313
  0.829054  0.060327
  0.817006  0.063356
  0.804642  0.066388
  0.791974  0.069411
  0.779014  0.072414
  0.765777  0.075383
  0.752275  0.078307
  0.738522  0.081174
  0.724530  0.083972
  0.710315  0.086691
  0.695890  0.089321
  0.681270  0.091853
  0.666469  0.094279
  0.651503  0.096592
  0.636385  0.098785
  0.621131  0.100853
  0.605757  0.102792
  0.590277  0.104597
  0.574707  0.106265
  0.559063  0.107792
  0.543359  0.109177
  0.527613  0.110417
  0.511839  0.111511
  0.496053  0.112457
  0.480272  0.113253
  0.464509  0.113899
  0.448783  0.114393
  0.433107  0.114735
  0.417498  0.114923
  0.401971  0.114957
  0.386542  0.114838
  0.371226  0.114564
  0.356038  0.114137
  0.340994  0.113555
  0.326109  0.112820
  0.311396  0.111932
  0.296872  0.110892
  0.282550  0.109701
  0.268445  0.108359
  0.254571  0.106869
  0.240941  0.105232
  0.227570  0.103449
  0.214470  0.101524
  0.201655  0.099458
  0.189138  0.097253
  0.176930  0.094913
  0.165044  0.092440
  0.153492  0.089838
  0.142285  0.087110
  0.131435  0.084260
  0.120953  0.081296
  0.110848  0.078222
  0.101131  0.075047
  0.091812  0.071778
  0.082900  0.068426
  0.074403  0.065000
  0.066331  0.061514
  0.058691  0.057981
  0.051491  0.054418
  0.044738  0.050840
  0.038439  0.047266
  0.032600  0.043715
  0.027226  0.040205
  0.022325  0.036757
  0.017899  0.033389
  0.013954  0.030120
  0.010493  0.026967
  0.007520  0.023947
  0.005038  0.021073
  0.003050  0.018358
  0.001557  0.015813
  0.000561  0.013444
  0.000062  0.011257
  0.000062  0.009256
  0.000561  0.007441
  0.001557  0.005811
  0.003050  0.004362
  0.005038  0.003091
  0.007520  0.001992
  0.010493  0.001058
  0.013954  0.000282
  0.017899  -0.000345
  0.022325  -0.000831
  0.027226  -0.001186
  0.032600  -0.001417
  0.038439  -0.001535
  0.044738  -0.001546
  0.051491  -0.001460
  0.058691  -0.001284
  0.066331  -0.001025
  0.074403  -0.000691
  0.082900  -0.000288
  0.091812  0.000178
  0.101131  0.000700
  0.110848  0.001274
  0.120953  0.001893
  0.131435  0.002553
  0.142285  0.003250
  0.153492  0.003979
  0.165044  0.004738
  0.176930  0.005522
  0.189138  0.006328
  0.201655  0.007153
  0.214470  0.007994
  0.227570  0.008847
  0.240941  0.009710
  0.254571  0.010580
  0.268445  0.011454
  0.282550  0.012331
  0.296872  0.013206
  0.311396  0.014079
  0.326109  0.014947
  0.340994  0.015807
  0.356038  0.016656
  0.371226  0.017492
  0.386542  0.018313
  0.401971  0.019114
  0.417498  0.019892
  0.433107  0.020645
  0.448783  0.021368
  0.464509  0.022058
  0.480272  0.022711
  0.496053  0.023323
  0.511839  0.023890
  0.527613  0.024407
  0.543359  0.024871
  0.559063  0.025279
  0.574707  0.025627
  0.590277  0.025912
  0.605757  0.026133
  0.621131  0.026286
  0.636385  0.026371
  0.651503  0.026388
  0.666469  0.026335
  0.681270  0.026215
  0.695890  0.026028
  0.710315  0.025776
  0.724530  0.025462
  0.738522  0.025088
  0.752275  0.024658
  0.765777  0.024176
  0.779014  0.023645
  0.791974  0.023071
  0.804642  0.022457
  0.817006  0.021809
  0.829054  0.021130
  0.840775  0.020425
  0.852155  0.019698
  0.863185  0.018953
  0.873852  0.018194
  0.884147  0.017424
  0.894059  0.016685
  0.903579  0.015949
  0.912695  0.015221
  0.921401  0.014505
  0.929686  0.013803
  0.937544  0.013118
  0.944964  0.012453
  0.951942  0.011810
  0.958469  0.011191
  0.964539  0.010596
  0.970146  0.010028
  0.975284  0.009485
  0.979948  0.008970
  0.984134  0.008481
  0.987838  0.008019
  0.991055  0.007582
  0.993782  0.007171
  0.996018  0.006783
  0.997759  0.006419
  0.999003  0.006077
  0.999751  0.005756
  1.000000  0.005454
