  1.000000  0.011268
  0.999751  0.012085
  0.999003  0.012965
  0.997759  0.013913
  0.996018  0.014936
  0.993782  0.016039
  0.991055  0.017226
  0.987838  0.018504
  0.984134  0.019877
  0.979948  0.021350
  0.975284  0.022926
  0.970146  0.024610
  0.964539  0.026403
  0.958469  0.028307
  0.951942  0.030324
  0.944964  0.032453
  0.937544  0.034692
  0.929686  0.037038
  0.921401  0.039488
  0.912695  0.042036
  0.903579  0.044677
  0.894059  0.047401
  0.884147  0.050203
  0.873852  0.053161
  0.863185  0.056160
  0.852155  0.059190
  0.840775  0.062241
  0.829054  0.065302
  0.817006  0.068362
  0.804642  0.071408
  0.791974  0.074428
  0.779014  0.077409
  0.765777  0.080339
  0.752275  0.083204
  0.738522  0.085994
  0.724530  0.088695
  0.710315  0.091298
  0.695890  0.093794
  0.681270  0.096173
  0.666469  0.098428
  0.651503  0.100554
  0.636385  0.102543
  0.621131  0.104394
  0.605757  0.106102
  0.590277  0.107665
  0.574707  0.109081
  0.559063  0.110350
  0.543359  0.111471
  0.527613  0.112444
  0.511839  0.113271
  0.496053  0.113952
  0.480272  0.114489
  0.464509  0.114881
  0.448783  0.115132
  0.433107  0.115242
  0.417498  0.115212
  0.401971  0.115044
  0.386542  0.114739
  0.371226  0.114299
  0.356038  0.113725
  0.340994  0.113018
  0.326109  0.112177
  0.311396  0.111205
  0.296872  0.110101
  0.282550  0.108866
  0.268445  0.107501
  0.254571  0.106006
  0.240941  0.104381
  0.227570  0.102627
  0.214470  0.100744
  0.201655  0.098732
  0.189138  0.096592
  0.176930  0.094325
  0.165044  0.091932
  0.153492  0.089414
  0.142285  0.086772
  0.131435  0.084010
  0.120953  0.081132
  0.110848  0.078142
  0.101131  0.075047
  0.091812  0.071853
  0.082900  0.068569
  0.074403  0.065204
  0.066331  0.061772
  0.058691  0.058284
  0.051491  0.054757
  0.044738  0.051207
  0.038439  0.047652
  0.032600  0.044112
  0.027226  0.040605
  0.022325  0.037152
  0.017899  0.033773
  0.013954  0.030486
  0.010493  0.027310
  0.007520  0.024262
  0.005038  0.021357
  0.003050  0.018608
  0.001557  0.016027
  0.000561  0.013621
  0.000062  0.011398
  0.000062  0.009360
  0.000561  0.007511
  0.001557  0.005848
  0.003050  0.004371
  0.005038  0.003075
  0.007520  0.001956
  0.010493  0.001007
  0.013954  0.000223
  0.017899  -0.000407
  0.022325  -0.000889
  0.027226  -0.001232
  0.032600  -0.001444
  0.038439  -0.001535
  0.044738  -0.001512
  0.051491  -0.001384
  0.058691  -0.001158
  0.066331  -0.000842
  0.074403  -0.000442
  0.082900  0.000034
  0.091812  0.000579
  0.101131  0.001187
  0.110848  0.001853
  0.120953  0.002569
  0.131435  0.003330
  0.142285  0.004131
  0.153492  0.004967
  0.165044  0.005833
  0.176930  0.006725
  0.189138  0.007638
  0.201655  0.008567
  0.214470  0.009508
  0.227570  0.010457
  0.240941  0.011410
  0.254571  0.012363
  0.268445  0.013312
  0.282550  0.014255
  0.296872  0.015188
  0.311396  0.016108
  0.326109  0.017013
  0.340994  0.017901
  0.356038  0.018768
  0.371226  0.019613
  0.386542  0.020433
  0.401971  0.021227
  0.417498  0.021991
  0.433107  0.022725
  0.448783  0.023426
  0.464509  0.024091
  0.480272  0.024719
  0.496053  0.025307
  0.511839  0.025852
  0.527613  0.026352
  0.543359  0.026806
  0.559063  0.027211
  0.574707  0.027564
  0.590277  0.027865
  0.605757  0.028111
  0.621131  0.028301
  0.636385  0.028435
  0.651503  0.028512
  0.666469  0.028531
  0.681270  0.028492
  0.695890  0.028397
  0.710315  0.028246
  0.724530  0.028039
  0.738522  0.027779
  0.752275  0.027467
  0.765777  0.027106
  0.779014  0.026696
  0.791974  0.026242
  0.804642  0.025744
  0.817006  0.025207
  0.829054  0.024631
  0.840775  0.024020
  0.852155  0.023376
  0.863185  0.022701
  0.873852  0.021998
  0.884147  0.021267
  0.894059  0.020558
  0.903579  0.019839
  0.912695  0.019114
  0.921401  0.018385
  0.929686  0.017656
  0.937544  0.016932
  0.944964  0.016215
  0.951942  0.015508
  0.958469  0.014816
  0.964539  0.014140
  0.970146  0.013482
  0.975284  0.012846
  0.979948  0.012232
  0.984134  0.011641
  0.987838  0.011075
  0.991055  0.010533
  0.993782  0.010017
  0.996018  0.009525
  0.997759  0.009058
  0.999003  0.008615
  0.999751  0.008195
  1.000000  0.007797
