  1.000000  0.013036
  0.999751  0.013927
  0.999003  0.014885
  0.997759  0.015912
  0.996018  0.017016
  0.993782  0.018202
  0.991055  0.019473
  0.987838  0.020836
  0.984134  0.022293
  0.979948  0.023850
  0.975284  0.025510
  0.970146  0.027275
  0.964539  0.029147
  0.958469  0.031126
  0.951942  0.033214
  0.944964  0.035408
  0.937544  0.037707
  0.929686  0.040107
  0.921401  0.042604
  0.912695  0.045192
  0.903579  0.047865
  0.894059  0.050616
  0.884147  0.053437
  0.873852  0.056417
  0.863185  0.059430
  0.852155  0.062471
  0.840775  0.065530
  0.829054  0.068601
  0.817006  0.071673
  0.804642  0.074738
  0.791974  0.077784
  0.779014  0.080803
  0.765777  0.083782
  0.752275  0.086713
  0.738522  0.089585
  0.724530  0.092388
  0.710315  0.095113
  0.695890  0.097750
  0.681270  0.100293
  0.666469  0.102732
  0.651503  0.105061
  0.636385  0.107273
  0.621131  0.109363
  0.605757  0.111325
  0.590277  0.113154
  0.574707  0.114844
  0.559063  0.116393
  0.543359  0.117796
  0.527613  0.119048
  0.511839  0.120148
  0.496053  0.121091
  0.480272  0.121874
  0.464509  0.122495
  0.448783  0.122951
  0.433107  0.123239
  0.417498  0.123358
  0.401971  0.123306
  0.386542  0.123083
  0.371226  0.122687
  0.356038  0.122118
  0.340994  0.121376
  0.326109  0.120462
  0.311396  0.119376
  0.296872  0.118121
  0.282550  0.116697
  0.268445  0.115109
  0.254571  0.113358
  0.240941  0.111448
  0.227570  0.109383
  0.214470  0.107167
  0.201655  0.104804
  0.189138  0.102300
  0.176930  0.099659
  0.165044  0.096887
  0.153492  0.093988
  0.142285  0.090969
  0.131435  0.087836
  0.120953  0.084597
  0.110848  0.081259
  0.101131  0.077831
  0.091812  0.074322
  0.082900  0.070743
  0.074403  0.067103
  0.066331  0.063417
  0.058691  0.059697
  0.051491  0.055959
  0.044738  0.052217
  0.038439  0.048490
  0.032600  0.044794
  0.027226  0.041148
  0.022325  0.037568
  0.017899  0.034073
  0.013954  0.030679
  0.010493  0.027402
  0.007520  0.024258
  0.005038  0.021259
  0.003050  0.018417
  0.001557  0.015740
  0.000561  0.013238
  0.000062  0.010913
  0.000062  0.008771
  0.000561  0.006812
  0.001557  0.005035
  0.003050  0.003437
  0.005038  0.002016
  0.007520  0.000767
  0.010493  -0.000315
  0.013954  -0.001237
  0.017899  -0.002006
  0.022325  -0.002630
  0.027226  -0.003116
  0.032600  -0.003471
  0.038439  -0.003705
  0.044738  -0.003823
  0.051491  -0.003833
  0.058691  -0.003743
  0.066331  -0.003558
  0.074403  -0.003286
  0.082900  -0.002933
  0.091812  -0.002504
  0.101131  -0.002005
  0.110848  -0.001441
  0.120953  -0.000817
  0.131435  -0.000137
  0.142285  0.000595
  0.153492  0.001375
  0.165044  0.002201
  0.176930  0.003069
  0.189138  0.003978
  0.201655  0.004924
  0.214470  0.005905
  0.227570  0.006919
  0.240941  0.007964
  0.254571  0.009038
  0.268445  0.010140
  0.282550  0.011267
  0.296872  0.012417
  0.311396  0.013588
  0.326109  0.014777
  0.340994  0.015981
  0.356038  0.017197
  0.371226  0.018419
  0.386542  0.019645
  0.401971  0.020867
  0.417498  0.022081
  0.433107  0.023280
  0.448783  0.024457
  0.464509  0.025603
  0.480272  0.026711
  0.496053  0.027773
  0.511839  0.028779
  0.527613  0.029722
  0.543359  0.030592
  0.559063  0.031382
  0.574707  0.032084
  0.590277  0.032691
  0.605757  0.033198
  0.621131  0.033600
  0.636385  0.033893
  0.651503  0.034074
  0.666469  0.034144
  0.681270  0.034100
  0.695890  0.033946
  0.710315  0.033683
  0.724530  0.033316
  0.738522  0.032849
  0.752275  0.032287
  0.765777  0.031639
  0.779014  0.030911
  0.791974  0.030111
  0.804642  0.029247
  0.817006  0.028329
  0.829054  0.027364
  0.840775  0.026360
  0.852155  0.025326
  0.863185  0.024269
  0.873852  0.023196
  0.884147  0.022113
  0.894059  0.021073
  0.903579  0.020046
  0.912695  0.019035
  0.921401  0.018047
  0.929686  0.017086
  0.937544  0.016156
  0.944964  0.015260
  0.951942  0.014399
  0.958469  0.013577
  0.964539  0.012794
  0.970146  0.012051
  0.975284  0.011347
  0.979948  0.010683
  0.984134  0.010058
  0.987838  0.009471
  0.991055  0.008920
  0.993782  0.008404
  0.996018  0.007921
  0.997759  0.007470
  0.999003  0.007048
  0.999751  0.006654
  1.000000  0.006286
