  1.000000  0.013301
  0.999751  0.014189
  0.999003  0.015141
  0.997759  0.016163
  0.996018  0.017258
  0.993782  0.018432
  0.991055  0.019690
  0.987838  0.021036
  0.984134  0.022474
  0.979948  0.024008
  0.975284  0.025640
  0.970146  0.027373
  0.964539  0.029208
  0.958469  0.031146
  0.951942  0.033186
  0.944964  0.035328
  0.937544  0.037567
  0.929686  0.039902
  0.921401  0.042326
  0.912695  0.044835
  0.903579  0.047421
  0.894059  0.050078
  0.884147  0.052798
  0.873852  0.055667
  0.863185  0.058562
  0.852155  0.061476
  0.840775  0.064401
  0.829054  0.067330
  0.817006  0.070252
  0.804642  0.073159
  0.791974  0.076040
  0.779014  0.078885
  0.765777  0.081685
  0.752275  0.084429
  0.738522  0.087107
  0.724530  0.089711
  0.710315  0.092230
  0.695890  0.094658
  0.681270  0.096986
  0.666469  0.099208
  0.651503  0.101317
  0.636385  0.103309
  0.621131  0.105178
  0.605757  0.106921
  0.590277  0.108534
  0.574707  0.110014
  0.559063  0.111358
  0.543359  0.112564
  0.527613  0.113631
  0.511839  0.114557
  0.496053  0.115341
  0.480272  0.115981
  0.464509  0.116476
  0.448783  0.116826
  0.433107  0.117029
  0.417498  0.117086
  0.401971  0.116995
  0.386542  0.116756
  0.371226  0.116371
  0.356038  0.115838
  0.340994  0.115157
  0.326109  0.114329
  0.311396  0.113353
  0.296872  0.112231
  0.282550  0.110963
  0.268445  0.109550
  0.254571  0.107993
  0.240941  0.106294
  0.227570  0.104454
  0.214470  0.102474
  0.201655  0.100356
  0.189138  0.098103
  0.176930  0.095717
  0.165044  0.093200
  0.153492  0.090555
  0.142285  0.087786
  0.131435  0.084897
  0.120953  0.081894
  0.110848  0.078782
  0.101131  0.075570
  0.091812  0.072265
  0.082900  0.068877
  0.074403  0.065416
  0.066331  0.061896
  0.058691  0.058330
  0.051491  0.054734
  0.044738  0.051126
  0.038439  0.047522
  0.032600  0.043943
  0.027226  0.040407
  0.022325  0.036934
  0.017899  0.033543
  0.013954  0.030253
  0.010493  0.027081
  0.007520  0.024043
  0.005038  0.021154
  0.003050  0.018424
  0.001557  0.015865
  0.000561  0.013482
  0.000062  0.011282
  0.000062  0.009267
  0.000561  0.007436
  0.001557  0.005788
  0.003050  0.004319
  0.005038  0.003025
  0.007520  0.001898
  0.010493  0.000932
  0.013954  0.000119
  0.017899  -0.000551
  0.022325  -0.001086
  0.027226  -0.001497
  0.032600  -0.001792
  0.038439  -0.001980
  0.044738  -0.002069
  0.051491  -0.002069
  0.058691  -0.001986
  0.066331  -0.001827
  0.074403  -0.001600
  0.082900  -0.001311
  0.091812  -0.000964
  0.101131  -0.000565
  0.110848  -0.000118
  0.120953  0.000372
  0.131435  0.000902
  0.142285  0.001469
  0.153492  0.002072
  0.165044  0.002707
  0.176930  0.003375
  0.189138  0.004073
  0.201655  0.004801
  0.214470  0.005557
  0.227570  0.006340
  0.240941  0.007150
  0.254571  0.007985
  0.268445  0.008846
  0.282550  0.009731
  0.296872  0.010639
  0.311396  0.011568
  0.326109  0.012518
  0.340994  0.013485
  0.356038  0.014467
  0.371226  0.015461
  0.386542  0.016463
  0.401971  0.017467
  0.417498  0.018470
  0.433107  0.019465
  0.448783  0.020446
  0.464509  0.021406
  0.480272  0.022338
  0.496053  0.023233
  0.511839  0.024085
  0.527613  0.024885
  0.543359  0.025625
  0.559063  0.026299
  0.574707  0.026899
  0.590277  0.027419
  0.605757  0.027853
  0.621131  0.028198
  0.636385  0.028450
  0.651503  0.028607
  0.666469  0.028666
  0.681270  0.028629
  0.695890  0.028497
  0.710315  0.028271
  0.724530  0.027956
  0.738522  0.027554
  0.752275  0.027072
  0.765777  0.026515
  0.779014  0.025890
  0.791974  0.025204
  0.804642  0.024464
  0.817006  0.023677
  0.829054  0.022852
  0.840775  0.021995
  0.852155  0.021112
  0.863185  0.020211
  0.873852  0.019298
  0.884147  0.018377
  0.894059  0.017495
  0.903579  0.016623
  0.912695  0.015768
  0.921401  0.014933
  0.929686  0.014121
  0.937544  0.013337
  0.944964  0.012583
  0.951942  0.011860
  0.958469  0.011170
  0.964539  0.010514
  0.970146  0.009892
  0.975284  0.009304
  0.979948  0.008750
  0.984134  0.008230
  0.987838  0.007741
  0.991055  0.007283
  0.993782  0.006855
  0.996018  0.006455
  0.997759  0.006081
  0.999003  0.005732
  0.999751  0.005407
  1.000000  0.005103
