  1.000000  0.011088
  0.999751  0.011894
  0.999003  0.012761
  0.997759  0.013697
  0.996018  0.014706
  0.993782  0.015793
  0.991055  0.016964
  0.987838  0.018224
  0.984134  0.019578
  0.979948  0.021030
  0.975284  0.022583
  0.970146  0.024243
  0.964539  0.026010
  0.958469  0.027886
  0.951942  0.029874
  0.944964  0.031971
  0.937544  0.034177
  0.929686  0.036489
  0.921401  0.038903
  0.912695  0.041414
  0.903579  0.044016
  0.894059  0.046703
  0.884147  0.049465
  0.873852  0.052385
  0.863185  0.055346
  0.852155  0.058340
  0.840775  0.061358
  0.829054  0.064390
  0.817006  0.067425
  0.804642  0.070451
  0.791974  0.073458
  0.779014  0.076432
  0.765777  0.079362
  0.752275  0.082237
  0.738522  0.085043
  0.724530  0.087772
  0.710315  0.090412
  0.695890  0.092954
  0.681270  0.095390
  0.666469  0.097711
  0.651503  0.099912
  0.636385  0.101986
  0.621131  0.103929
  0.605757  0.105737
  0.590277  0.107407
  0.574707  0.108935
  0.559063  0.110320
  0.543359  0.111559
  0.527613  0.112653
  0.511839  0.113599
  0.496053  0.114398
  0.480272  0.115049
  0.464509  0.115552
  0.448783  0.115907
  0.433107  0.116113
  0.417498  0.116171
  0.401971  0.116082
  0.386542  0.115845
  0.371226  0.115461
  0.356038  0.114931
  0.340994  0.114256
  0.326109  0.113434
  0.311396  0.112468
  0.296872  0.111358
  0.282550  0.110105
  0.268445  0.108709
  0.254571  0.107171
  0.240941  0.105494
  0.227570  0.103677
  0.214470  0.101723
  0.201655  0.099633
  0.189138  0.097408
  0.176930  0.095051
  0.165044  0.092563
  0.153492  0.089948
  0.142285  0.087208
  0.131435  0.084348
  0.120953  0.081372
  0.110848  0.078287
  0.101131  0.075100
  0.091812  0.071820
  0.082900  0.068454
  0.074403  0.065016
  0.066331  0.061517
  0.058691  0.057973
  0.051491  0.054399
  0.044738  0.050813
  0.038439  0.047233
  0.032600  0.043680
  0.027226  0.040173
  0.022325  0.036732
  0.017899  0.033378
  0.013954  0.030130
  0.010493  0.027005
  0.007520  0.024021
  0.005038  0.021192
  0.003050  0.018530
  0.001557  0.016044
  0.000561  0.013744
  0.000062  0.011633
  0.000062  0.009714
  0.000561  0.007986
  0.001557  0.006448
  0.003050  0.005095
  0.005038  0.003922
  0.007520  0.002921
  0.010493  0.002085
  0.013954  0.001405
  0.017899  0.000870
  0.022325  0.000472
  0.027226  0.000199
  0.032600  0.000042
  0.038439  -0.000009
  0.044738  0.000037
  0.051491  0.000171
  0.058691  0.000384
  0.066331  0.000669
  0.074403  0.001019
  0.082900  0.001427
  0.091812  0.001886
  0.101131  0.002391
  0.110848  0.002936
  0.120953  0.003517
  0.131435  0.004129
  0.142285  0.004768
  0.153492  0.005431
  0.165044  0.006116
  0.176930  0.006819
  0.189138  0.007538
  0.201655  0.008270
  0.214470  0.009013
  0.227570  0.009765
  0.240941  0.010523
  0.254571  0.011285
  0.268445  0.012050
  0.282550  0.012816
  0.296872  0.013581
  0.311396  0.014344
  0.326109  0.015103
  0.340994  0.015857
  0.356038  0.016604
  0.371226  0.017342
  0.386542  0.018069
  0.401971  0.018785
  0.417498  0.019486
  0.433107  0.020171
  0.448783  0.020837
  0.464509  0.021483
  0.480272  0.022106
  0.496053  0.022702
  0.511839  0.023270
  0.527613  0.023807
  0.543359  0.024309
  0.559063  0.024775
  0.574707  0.025201
  0.590277  0.025585
  0.605757  0.025925
  0.621131  0.026218
  0.636385  0.026463
  0.651503  0.026658
  0.666469  0.026802
  0.681270  0.026893
  0.695890  0.026932
  0.710315  0.026918
  0.724530  0.026850
  0.738522  0.026731
  0.752275  0.026559
  0.765777  0.026337
  0.779014  0.026065
  0.791974  0.025745
  0.804642  0.025379
  0.817006  0.024967
  0.829054  0.024513
  0.840775  0.024017
  0.852155  0.023482
  0.863185  0.022909
  0.873852  0.022298
  0.884147  0.021653
  0.894059  0.021022
  0.903579  0.020373
  0.912695  0.019708
  0.921401  0.019032
  0.929686  0.018348
  0.937544  0.017661
  0.944964  0.016973
  0.951942  0.016290
  0.958469  0.015613
  0.964539  0.014947
  0.970146  0.014294
  0.975284  0.013657
  0.979948  0.013038
  0.984134  0.012439
  0.987838  0.011861
  0.991055  0.011306
  0.993782  0.010773
  0.996018  0.010264
  0.997759  0.009777
  0.999003  0.009314
  0.999751  0.008873
  1.000000  0.008454
