  1.000000  0.010570
  0.999751  0.011370
  0.999003  0.012236
  0.997759  0.013173
  0.996018  0.014186
  0.993782  0.015282
  0.991055  0.016467
  0.987838  0.017747
  0.984134  0.019126
  0.979948  0.020612
  0.975284  0.022208
  0.970146  0.023920
  0.964539  0.025750
  0.958469  0.027701
  0.951942  0.029776
  0.944964  0.031975
  0.937544  0.034296
  0.929686  0.036739
  0.921401  0.039299
  0.912695  0.041971
  0.903579  0.044750
  0.894059  0.047628
  0.884147  0.050596
  0.873852  0.053736
  0.863185  0.056928
  0.852155  0.060163
  0.840775  0.063428
  0.829054  0.066711
  0.817006  0.069998
  0.804642  0.073274
  0.791974  0.076525
  0.779014  0.079736
  0.765777  0.082890
  0.752275  0.085973
  0.738522  0.088971
  0.724530  0.091870
  0.710315  0.094657
  0.695890  0.097320
  0.681270  0.099849
  0.666469  0.102235
  0.651503  0.104471
  0.636385  0.106549
  0.621131  0.108465
  0.605757  0.110216
  0.590277  0.111798
  0.574707  0.113209
  0.559063  0.114449
  0.543359  0.115517
  0.527613  0.116414
  0.511839  0.117141
  0.496053  0.117699
  0.480272  0.118091
  0.464509  0.118318
  0.448783  0.118382
  0.433107  0.118287
  0.417498  0.118034
  0.401971  0.117626
  0.386542  0.117066
  0.371226  0.116357
  0.356038  0.115501
  0.340994  0.114501
  0.326109  0.113359
  0.311396  0.112078
  0.296872  0.110661
  0.282550  0.109110
  0.268445  0.107426
  0.254571  0.105614
  0.240941  0.103674
  0.227570  0.101610
  0.214470  0.099424
  0.201655  0.097118
  0.189138  0.094695
  0.176930  0.092158
  0.165044  0.089509
  0.153492  0.086753
  0.142285  0.083893
  0.131435  0.080933
  0.120953  0.077879
  0.110848  0.074738
  0.101131  0.071517
  0.091812  0.068225
  0.082900  0.064871
  0.074403  0.061467
  0.066331  0.058025
  0.058691  0.054559
  0.051491  0.051086
  0.044738  0.047621
  0.038439  0.044185
  0.032600  0.040794
  0.027226  0.037468
  0.022325  0.034227
  0.017899  0.031089
  0.013954  0.028072
  0.010493  0.025192
  0.007520  0.022466
  0.005038  0.019907
  0.003050  0.017524
  0.001557  0.015327
  0.000561  0.013322
  0.000062  0.011511
  0.000062  0.009897
  0.000561  0.008478
  0.001557  0.007249
  0.003050  0.006205
  0.005038  0.005339
  0.007520  0.004643
  0.010493  0.004107
  0.013954  0.003721
  0.017899  0.003474
  0.022325  0.003354
  0.027226  0.003351
  0.032600  0.003452
  0.038439  0.003648
  0.044738  0.003927
  0.051491  0.004281
  0.058691  0.004701
  0.066331  0.005178
  0.074403  0.005704
  0.082900  0.006274
  0.091812  0.006881
  0.101131  0.007520
  0.110848  0.008185
  0.120953  0.008874
  0.131435  0.009581
  0.142285  0.010305
  0.153492  0.011043
  0.165044  0.011794
  0.176930  0.012556
  0.189138  0.013328
  0.201655  0.014109
  0.214470  0.014897
  0.227570  0.015690
  0.240941  0.016490
  0.254571  0.017293
  0.268445  0.018099
  0.282550  0.018908
  0.296872  0.019718
  0.311396  0.020527
  0.326109  0.021335
  0.340994  0.022138
  0.356038  0.022937
  0.371226  0.023727
  0.386542  0.024506
  0.401971  0.025271
  0.417498  0.026019
  0.433107  0.026746
  0.448783  0.027447
  0.464509  0.028120
  0.480272  0.028757
  0.496053  0.029356
  0.511839  0.029911
  0.527613  0.030418
  0.543359  0.030870
  0.559063  0.031265
  0.574707  0.031597
  0.590277  0.031862
  0.605757  0.032058
  0.621131  0.032181
  0.636385  0.032229
  0.651503  0.032201
  0.666469  0.032097
  0.681270  0.031915
  0.695890  0.031657
  0.710315  0.031324
  0.724530  0.030919
  0.738522  0.030444
  0.752275  0.029904
  0.765777  0.029302
  0.779014  0.028642
  0.791974  0.027931
  0.804642  0.027172
  0.817006  0.026372
  0.829054  0.025536
  0.840775  0.024669
  0.852155  0.023776
  0.863185  0.022862
  0.873852  0.021931
  0.884147  0.020988
  0.894059  0.020083
  0.903579  0.019183
  0.912695  0.018294
  0.921401  0.017420
  0.929686  0.016564
  0.937544  0.015730
  0.944964  0.014922
  0.951942  0.014141
  0.958469  0.013390
  0.964539  0.012669
  0.970146  0.011981
  0.975284  0.011326
  0.979948  0.010704
  0.984134  0.010115
  0.987838  0.009558
  0.991055  0.009033
  0.993782  0.008539
  0.996018  0.008074
  0.997759  0.007637
  0.999003  0.007228
  0.999751  0.006843
  1.000000  0.006482
