  1.000000  0.011972
  0.999751  0.012817
  0.999003  0.013725
  0.997759  0.014703
  0.996018  0.015756
  0.993782  0.016890
  0.991055  0.018108
  0.987838  0.019417
  0.984134  0.020821
  0.979948  0.022324
  0.975284  0.023930
  0.970146  0.025642
  0.964539  0.027463
  0.958469  0.029394
  0.951942  0.031435
  0.944964  0.033585
  0.937544  0.035843
  0.929686  0.038207
  0.921401  0.040670
  0.912695  0.043229
  0.903579  0.045876
  0.894059  0.048605
  0.884147  0.051406
  0.873852  0.054365
  0.863185  0.057359
  0.852155  0.060382
  0.840775  0.063423
  0.829054  0.066472
  0.817006  0.069518
  0.804642  0.072551
  0.791974  0.075558
  0.779014  0.078526
  0.765777  0.081444
  0.752275  0.084300
  0.738522  0.087083
  0.724530  0.089780
  0.710315  0.092383
  0.695890  0.094882
  0.681270  0.097268
  0.666469  0.099535
  0.651503  0.101675
  0.636385  0.103683
  0.621131  0.105555
  0.605757  0.107288
  0.590277  0.108878
  0.574707  0.110324
  0.559063  0.111623
  0.543359  0.112776
  0.527613  0.113781
  0.511839  0.114639
  0.496053  0.115349
  0.480272  0.115913
  0.464509  0.116330
  0.448783  0.116601
  0.433107  0.116728
  0.417498  0.116710
  0.401971  0.116549
  0.386542  0.116246
  0.371226  0.115801
  0.356038  0.115216
  0.340994  0.114491
  0.326109  0.113626
  0.311396  0.112623
  0.296872  0.111481
  0.282550  0.110202
  0.268445  0.108785
  0.254571  0.107231
  0.240941  0.105541
  0.227570  0.103715
  0.214470  0.101755
  0.201655  0.099660
  0.189138  0.097432
  0.176930  0.095072
  0.165044  0.092581
  0.153492  0.089961
  0.142285  0.087215
  0.131435  0.084347
  0.120953  0.081361
  0.110848  0.078264
  0.101131  0.075062
  0.091812  0.071765
  0.082900  0.068382
  0.074403  0.064925
  0.066331  0.061409
  0.058691  0.057848
  0.051491  0.054260
  0.044738  0.050665
  0.038439  0.047082
  0.032600  0.043534
  0.027226  0.040042
  0.022325  0.036628
  0.017899  0.033313
  0.013954  0.030119
  0.010493  0.027065
  0.007520  0.024168
  0.005038  0.021444
  0.003050  0.018905
  0.001557  0.016561
  0.000561  0.014419
  0.000062  0.012483
  0.000062  0.010755
  0.000561  0.009232
  0.001557  0.007910
  0.003050  0.006784
  0.005038  0.005844
  0.007520  0.005082
  0.010493  0.004488
  0.013954  0.004048
  0.017899  0.003752
  0.022325  0.003585
  0.027226  0.003536
  0.032600  0.003593
  0.038439  0.003743
  0.044738  0.003975
  0.051491  0.004279
  0.058691  0.004645
  0.066331  0.005065
  0.074403  0.005532
  0.082900  0.006038
  0.091812  0.006577
  0.101131  0.007145
  0.110848  0.007738
  0.120953  0.008352
  0.131435  0.008984
  0.142285  0.009634
  0.153492  0.010300
  0.165044  0.010982
  0.176930  0.011681
  0.189138  0.012396
  0.201655  0.013128
  0.214470  0.013878
  0.227570  0.014647
  0.240941  0.015435
  0.254571  0.016242
  0.268445  0.017071
  0.282550  0.017920
  0.296872  0.018790
  0.311396  0.019680
  0.326109  0.020590
  0.340994  0.021519
  0.356038  0.022463
  0.371226  0.023420
  0.386542  0.024387
  0.401971  0.025358
  0.417498  0.026330
  0.433107  0.027296
  0.448783  0.028249
  0.464509  0.029183
  0.480272  0.030089
  0.496053  0.030959
  0.511839  0.031784
  0.527613  0.032557
  0.543359  0.033269
  0.559063  0.033911
  0.574707  0.034476
  0.590277  0.034958
  0.605757  0.035349
  0.621131  0.035645
  0.636385  0.035842
  0.651503  0.035937
  0.666469  0.035928
  0.681270  0.035815
  0.695890  0.035598
  0.710315  0.035280
  0.724530  0.034863
  0.738522  0.034352
  0.752275  0.033752
  0.765777  0.033068
  0.779014  0.032309
  0.791974  0.031480
  0.804642  0.030590
  0.817006  0.029647
  0.829054  0.028657
  0.840775  0.027630
  0.852155  0.026572
  0.863185  0.025490
  0.873852  0.024390
  0.884147  0.023280
  0.894059  0.022214
  0.903579  0.021159
  0.912695  0.020120
  0.921401  0.019102
  0.929686  0.018110
  0.937544  0.017149
  0.944964  0.016220
  0.951942  0.015327
  0.958469  0.014472
  0.964539  0.013655
  0.970146  0.012879
  0.975284  0.012143
  0.979948  0.011447
  0.984134  0.010791
  0.987838  0.010173
  0.991055  0.009592
  0.993782  0.009047
  0.996018  0.008537
  0.997759  0.008059
  0.999003  0.007612
  0.999751  0.007194
  1.000000  0.006802
