  1.000000  0.011407
  0.999751  0.012241
  0.999003  0.013140
  0.997759  0.014110
  0.996018  0.015155
  0.993782  0.016283
  0.991055  0.017498
  0.987838  0.018806
  0.984134  0.020212
  0.979948  0.021721
  0.975284  0.023336
  0.970146  0.025061
  0.964539  0.026900
  0.958469  0.028853
  0.951942  0.030922
  0.944964  0.033107
  0.937544  0.035406
  0.929686  0.037816
  0.921401  0.040334
  0.912695  0.042953
  0.903579  0.045669
  0.894059  0.048474
  0.884147  0.051358
  0.873852  0.054406
  0.863185  0.057498
  0.852155  0.060624
  0.840775  0.063775
  0.829054  0.066940
  0.817006  0.070107
  0.804642  0.073263
  0.791974  0.076397
  0.779014  0.079495
  0.765777  0.082544
  0.752275  0.085531
  0.738522  0.088444
  0.724530  0.091271
  0.710315  0.094001
  0.695890  0.096624
  0.681270  0.099130
  0.666469  0.101512
  0.651503  0.103761
  0.636385  0.105873
  0.621131  0.107842
  0.605757  0.109664
  0.590277  0.111335
  0.574707  0.112852
  0.559063  0.114214
  0.543359  0.115419
  0.527613  0.116466
  0.511839  0.117354
  0.496053  0.118084
  0.480272  0.118655
  0.464509  0.119068
  0.448783  0.119323
  0.433107  0.119420
  0.417498  0.119361
  0.401971  0.119146
  0.386542  0.118777
  0.371226  0.118254
  0.356038  0.117579
  0.340994  0.116754
  0.326109  0.115778
  0.311396  0.114655
  0.296872  0.113385
  0.282550  0.111971
  0.268445  0.110414
  0.254571  0.108715
  0.240941  0.106878
  0.227570  0.104904
  0.214470  0.102796
  0.201655  0.100557
  0.189138  0.098188
  0.176930  0.095692
  0.165044  0.093074
  0.153492  0.090335
  0.142285  0.087481
  0.131435  0.084515
  0.120953  0.081443
  0.110848  0.078273
  0.101131  0.075010
  0.091812  0.071664
  0.082900  0.068244
  0.074403  0.064760
  0.066331  0.061225
  0.058691  0.057653
  0.051491  0.054059
  0.044738  0.050460
  0.038439  0.046873
  0.032600  0.043317
  0.027226  0.039810
  0.022325  0.036371
  0.017899  0.033018
  0.013954  0.029771
  0.010493  0.026644
  0.007520  0.023655
  0.005038  0.020816
  0.003050  0.018138
  0.001557  0.015632
  0.000561  0.013305
  0.000062  0.011160
  0.000062  0.009201
  0.000561  0.007427
  0.001557  0.005838
  0.003050  0.004428
  0.005038  0.003193
  0.007520  0.002128
  0.010493  0.001224
  0.013954  0.000475
  0.017899  -0.000129
  0.022325  -0.000597
  0.027226  -0.000937
  0.032600  -0.001160
  0.038439  -0.001273
  0.044738  -0.001286
  0.051491  -0.001207
  0.058691  -0.001043
  0.066331  -0.000802
  0.074403  -0.000490
  0.082900  -0.000115
  0.091812  0.000318
  0.101131  0.000803
  0.110848  0.001335
  0.120953  0.001909
  0.131435  0.002520
  0.142285  0.003164
  0.153492  0.003839
  0.165044  0.004541
  0.176930  0.005268
  0.189138  0.006016
  0.201655  0.006783
  0.214470  0.007566
  0.227570  0.008363
  0.240941  0.009172
  0.254571  0.009991
  0.268445  0.010818
  0.282550  0.011650
  0.296872  0.012486
  0.311396  0.013324
  0.326109  0.014162
  0.340994  0.014998
  0.356038  0.015828
  0.371226  0.016651
  0.386542  0.017463
  0.401971  0.018261
  0.417498  0.019042
  0.433107  0.019803
  0.448783  0.020539
  0.464509  0.021245
  0.480272  0.021919
  0.496053  0.022554
  0.511839  0.023147
  0.527613  0.023692
  0.543359  0.024186
  0.559063  0.024624
  0.574707  0.025002
  0.590277  0.025317
  0.605757  0.025565
  0.621131  0.025745
  0.636385  0.025854
  0.651503  0.025892
  0.666469  0.025858
  0.681270  0.025752
  0.695890  0.025576
  0.710315  0.025331
  0.724530  0.025020
  0.738522  0.024645
  0.752275  0.024211
  0.765777  0.023721
  0.779014  0.023180
  0.791974  0.022593
  0.804642  0.021965
  0.817006  0.021301
  0.829054  0.020605
  0.840775  0.019884
  0.852155  0.019141
  0.863185  0.018382
  0.873852  0.017609
  0.884147  0.016828
  0.894059  0.016079
  0.903579  0.015335
  0.912695  0.014602
  0.921401  0.013883
  0.929686  0.013181
  0.937544  0.012498
  0.944964  0.011838
  0.951942  0.011202
  0.958469  0.010591
  0.964539  0.010008
  0.970146  0.009451
  0.975284  0.008922
  0.979948  0.008421
  0.984134  0.007948
  0.987838  0.007501
  0.991055  0.007081
  0.993782  0.006686
  0.996018  0.006315
  0.997759  0.005968
  0.999003  0.005642
  0.999751  0.005337
  1.000000  0.005051
