  1.000000  0.009593
  0.999751  0.010334
  0.999003  0.011135
  0.997759  0.012003
  0.996018  0.012943
  0.993782  0.013962
  0.991055  0.015064
  0.987838  0.016256
  0.984134  0.017544
  0.979948  0.018932
  0.975284  0.020425
  0.970146  0.022029
  0.964539  0.023746
  0.958469  0.025580
  0.951942  0.027532
  0.944964  0.029605
  0.937544  0.031796
  0.929686  0.034106
  0.921401  0.036531
  0.912695  0.039066
  0.903579  0.041708
  0.894059  0.044449
  0.884147  0.047281
  0.873852  0.050282
  0.863185  0.053342
  0.852155  0.056450
  0.840775  0.059597
  0.829054  0.062771
  0.817006  0.065960
  0.804642  0.069151
  0.791974  0.072331
  0.779014  0.075486
  0.765777  0.078602
  0.752275  0.081665
  0.738522  0.084664
  0.724530  0.087585
  0.710315  0.090416
  0.695890  0.093146
  0.681270  0.095767
  0.666469  0.098270
  0.651503  0.100646
  0.636385  0.102889
  0.621131  0.104995
  0.605757  0.106958
  0.590277  0.108776
  0.574707  0.110444
  0.559063  0.111960
  0.543359  0.113323
  0.527613  0.114532
  0.511839  0.115585
  0.496053  0.116482
  0.480272  0.117222
  0.464509  0.117806
  0.448783  0.118233
  0.433107  0.118503
  0.417498  0.118616
  0.401971  0.118573
  0.386542  0.118375
  0.371226  0.118022
  0.356038  0.117514
  0.340994  0.116853
  0.326109  0.116038
  0.311396  0.115071
  0.296872  0.113953
  0.282550  0.112685
  0.268445  0.111268
  0.254571  0.109704
  0.240941  0.107993
  0.227570  0.106138
  0.214470  0.104139
  0.201655  0.102000
  0.189138  0.099723
  0.176930  0.097308
  0.165044  0.094760
  0.153492  0.092080
  0.142285  0.089273
  0.131435  0.086342
  0.120953  0.083294
  0.110848  0.080134
  0.101131  0.076871
  0.091812  0.073512
  0.082900  0.070067
  0.074403  0.066547
  0.066331  0.062966
  0.058691  0.059338
  0.051491  0.055679
  0.044738  0.052008
  0.038439  0.048342
  0.032600  0.044702
  0.027226  0.041107
  0.022325  0.037579
  0.017899  0.034136
  0.013954  0.030798
  0.010493  0.027584
  0.007520  0.024509
  0.005038  0.021588
  0.003050  0.018834
  0.001557  0.016256
  0.000561  0.013863
  0.000062  0.011658
  0.000062  0.009644
  0.000561  0.007821
  0.001557  0.006187
  0.003050  0.004736
  0.005038  0.003465
  0.007520  0.002366
  0.010493  0.001431
  0.013954  0.000651
  0.017899  0.000016
  0.022325  -0.000483
  0.027226  -0.000856
  0.032600  -0.001114
  0.038439  -0.001265
  0.044738  -0.001320
  0.051491  -0.001285
  0.058691  -0.001171
  0.066331  -0.000983
  0.074403  -0.000729
  0.082900  -0.000415
  0.091812  -0.000048
  0.101131  0.000369
  0.110848  0.000829
  0.120953  0.001330
  0.131435  0.001868
  0.142285  0.002439
  0.153492  0.003043
  0.165044  0.003677
  0.176930  0.004340
  0.189138  0.005030
  0.201655  0.005747
  0.214470  0.006490
  0.227570  0.007257
  0.240941  0.008048
  0.254571  0.008863
  0.268445  0.009701
  0.282550  0.010561
  0.296872  0.011441
  0.311396  0.012341
  0.326109  0.013259
  0.340994  0.014193
  0.356038  0.015140
  0.371226  0.016097
  0.386542  0.017061
  0.401971  0.018027
  0.417498  0.018991
  0.433107  0.019947
  0.448783  0.020889
  0.464509  0.021811
  0.480272  0.022707
  0.496053  0.023568
  0.511839  0.024388
  0.527613  0.025160
  0.543359  0.025877
  0.559063  0.026532
  0.574707  0.027118
  0.590277  0.027631
  0.605757  0.028065
  0.621131  0.028416
  0.636385  0.028682
  0.651503  0.028859
  0.666469  0.028948
  0.681270  0.028948
  0.695890  0.028860
  0.710315  0.028686
  0.724530  0.028429
  0.738522  0.028091
  0.752275  0.027678
  0.765777  0.027195
  0.779014  0.026646
  0.791974  0.026038
  0.804642  0.025376
  0.817006  0.024667
  0.829054  0.023917
  0.840775  0.023132
  0.852155  0.022316
  0.863185  0.021477
  0.873852  0.020618
  0.884147  0.019745
  0.894059  0.018904
  0.903579  0.018067
  0.912695  0.017237
  0.921401  0.016421
  0.929686  0.015620
  0.937544  0.014840
  0.944964  0.014083
  0.951942  0.013351
  0.958469  0.012646
  0.964539  0.011970
  0.970146  0.011323
  0.975284  0.010708
  0.979948  0.010123
  0.984134  0.009569
  0.987838  0.009045
  0.991055  0.008551
  0.993782  0.008085
  0.996018  0.007648
  0.997759  0.007236
  0.999003  0.006850
  0.999751  0.006487
  1.000000  0.006147
