  1.000000  0.010786
  0.999751  0.011590
  0.999003  0.012457
  0.997759  0.013394
  0.996018  0.014405
  0.993782  0.015498
  0.991055  0.016677
  0.987838  0.017948
  0.984134  0.019315
  0.979948  0.020785
  0.975284  0.022362
  0.970146  0.024048
  0.964539  0.025848
  0.958469  0.027763
  0.951942  0.029795
  0.944964  0.031944
  0.937544  0.034208
  0.929686  0.036586
  0.921401  0.039073
  0.912695  0.041665
  0.903579  0.044356
  0.894059  0.047138
  0.884147  0.050004
  0.873852  0.053034
  0.863185  0.056112
  0.852155  0.059228
  0.840775  0.062372
  0.829054  0.065532
  0.817006  0.068698
  0.804642  0.071856
  0.791974  0.074994
  0.779014  0.078097
  0.765777  0.081154
  0.752275  0.084149
  0.738522  0.087072
  0.724530  0.089910
  0.710315  0.092651
  0.695890  0.095286
  0.681270  0.097805
  0.666469  0.100200
  0.651503  0.102464
  0.636385  0.104591
  0.621131  0.106576
  0.605757  0.108415
  0.590277  0.110106
  0.574707  0.111645
  0.559063  0.113031
  0.543359  0.114262
  0.527613  0.115339
  0.511839  0.116261
  0.496053  0.117028
  0.480272  0.117641
  0.464509  0.118099
  0.448783  0.118404
  0.433107  0.118556
  0.417498  0.118557
  0.401971  0.118406
  0.386542  0.118106
  0.371226  0.117657
  0.356038  0.117061
  0.340994  0.116318
  0.326109  0.115430
  0.311396  0.114397
  0.296872  0.113221
  0.282550  0.111904
  0.268445  0.110445
  0.254571  0.108848
  0.240941  0.107113
  0.227570  0.105242
  0.214470  0.103237
  0.201655  0.101099
  0.189138  0.098830
  0.176930  0.096434
  0.165044  0.093910
  0.153492  0.091264
  0.142285  0.088496
  0.131435  0.085612
  0.120953  0.082616
  0.110848  0.079514
  0.101131  0.076312
  0.091812  0.073017
  0.082900  0.069638
  0.074403  0.066186
  0.066331  0.062670
  0.058691  0.059105
  0.051491  0.055505
  0.044738  0.051886
  0.038439  0.048264
  0.032600  0.044658
  0.027226  0.041085
  0.022325  0.037564
  0.017899  0.034114
  0.013954  0.030753
  0.010493  0.027498
  0.007520  0.024364
  0.005038  0.021367
  0.003050  0.018519
  0.001557  0.015831
  0.000561  0.013312
  0.000062  0.010968
  0.000062  0.008804
  0.000561  0.006823
  0.001557  0.005025
  0.003050  0.003409
  0.005038  0.001974
  0.007520  0.000716
  0.010493  -0.000369
  0.013954  -0.001286
  0.017899  -0.002042
  0.022325  -0.002642
  0.027226  -0.003094
  0.032600  -0.003405
  0.038439  -0.003581
  0.044738  -0.003629
  0.051491  -0.003557
  0.058691  -0.003372
  0.066331  -0.003079
  0.074403  -0.002686
  0.082900  -0.002201
  0.091812  -0.001629
  0.101131  -0.000978
  0.110848  -0.000255
  0.120953  0.000533
  0.131435  0.001379
  0.142285  0.002277
  0.153492  0.003219
  0.165044  0.004199
  0.176930  0.005210
  0.189138  0.006245
  0.201655  0.007298
  0.214470  0.008362
  0.227570  0.009430
  0.240941  0.010497
  0.254571  0.011557
  0.268445  0.012604
  0.282550  0.013634
  0.296872  0.014641
  0.311396  0.015624
  0.326109  0.016577
  0.340994  0.017497
  0.356038  0.018383
  0.371226  0.019232
  0.386542  0.020042
  0.401971  0.020811
  0.417498  0.021538
  0.433107  0.022222
  0.448783  0.022861
  0.464509  0.023455
  0.480272  0.024002
  0.496053  0.024502
  0.511839  0.024953
  0.527613  0.025356
  0.543359  0.025709
  0.559063  0.026011
  0.574707  0.026262
  0.590277  0.026462
  0.605757  0.026610
  0.621131  0.026707
  0.636385  0.026752
  0.651503  0.026746
  0.666469  0.026689
  0.681270  0.026583
  0.695890  0.026429
  0.710315  0.026227
  0.724530  0.025979
  0.738522  0.025688
  0.752275  0.025353
  0.765777  0.024978
  0.779014  0.024565
  0.791974  0.024114
  0.804642  0.023629
  0.817006  0.023112
  0.829054  0.022564
  0.840775  0.021987
  0.852155  0.021383
  0.863185  0.020754
  0.873852  0.020100
  0.884147  0.019425
  0.894059  0.018771
  0.903579  0.018109
  0.912695  0.017443
  0.921401  0.016774
  0.929686  0.016106
  0.937544  0.015443
  0.944964  0.014787
  0.951942  0.014142
  0.958469  0.013509
  0.964539  0.012891
  0.970146  0.012290
  0.975284  0.011709
  0.979948  0.011148
  0.984134  0.010608
  0.987838  0.010091
  0.991055  0.009596
  0.993782  0.009125
  0.996018  0.008676
  0.997759  0.008249
  0.999003  0.007845
  0.999751  0.007461
  1.000000  0.007097
