  1.000000  0.011122
  0.999751  0.011940
  0.999003  0.012822
  0.997759  0.013773
  0.996018  0.014800
  0.993782  0.015906
  0.991055  0.017099
  0.987838  0.018383
  0.984134  0.019762
  0.979948  0.021243
  0.975284  0.022828
  0.970146  0.024521
  0.964539  0.026325
  0.958469  0.028241
  0.951942  0.030272
  0.944964  0.032415
  0.937544  0.034671
  0.929686  0.037036
  0.921401  0.039507
  0.912695  0.042080
  0.903579  0.044747
  0.894059  0.047504
  0.884147  0.050341
  0.873852  0.053343
  0.863185  0.056391
  0.852155  0.059478
  0.840775  0.062596
  0.829054  0.065734
  0.817006  0.068883
  0.804642  0.072031
  0.791974  0.075168
  0.779014  0.078280
  0.765777  0.081358
  0.752275  0.084388
  0.738522  0.087360
  0.724530  0.090262
  0.710315  0.093084
  0.695890  0.095815
  0.681270  0.098446
  0.666469  0.100969
  0.651503  0.103374
  0.636385  0.105655
  0.621131  0.107805
  0.605757  0.109818
  0.590277  0.111688
  0.574707  0.113409
  0.559063  0.114977
  0.543359  0.116387
  0.527613  0.117636
  0.511839  0.118719
  0.496053  0.119633
  0.480272  0.120375
  0.464509  0.120942
  0.448783  0.121332
  0.433107  0.121542
  0.417498  0.121571
  0.401971  0.121418
  0.386542  0.121082
  0.371226  0.120564
  0.356038  0.119864
  0.340994  0.118984
  0.326109  0.117925
  0.311396  0.116690
  0.296872  0.115283
  0.282550  0.113707
  0.268445  0.111967
  0.254571  0.110067
  0.240941  0.108014
  0.227570  0.105813
  0.214470  0.103470
  0.201655  0.100993
  0.189138  0.098387
  0.176930  0.095661
  0.165044  0.092820
  0.153492  0.089873
  0.142285  0.086826
  0.131435  0.083687
  0.120953  0.080463
  0.110848  0.077164
  0.101131  0.073798
  0.091812  0.070372
  0.082900  0.066897
  0.074403  0.063381
  0.066331  0.059836
  0.058691  0.056273
  0.051491  0.052704
  0.044738  0.049141
  0.038439  0.045597
  0.032600  0.042087
  0.027226  0.038624
  0.022325  0.035223
  0.017899  0.031896
  0.013954  0.028658
  0.010493  0.025522
  0.007520  0.022499
  0.005038  0.019601
  0.003050  0.016838
  0.001557  0.014219
  0.000561  0.011750
  0.000062  0.009438
  0.000062  0.007286
  0.000561  0.005299
  0.001557  0.003478
  0.003050  0.001824
  0.005038  0.000335
  0.007520  -0.000987
  0.010493  -0.002146
  0.013954  -0.003144
  0.017899  -0.003983
  0.022325  -0.004668
  0.027226  -0.005202
  0.032600  -0.005590
  0.038439  -0.005836
  0.044738  -0.005944
  0.051491  -0.005919
  0.058691  -0.005768
  0.066331  -0.005493
  0.074403  -0.005103
  0.082900  -0.004601
  0.091812  -0.003995
  0.101131  -0.003290
  0.110848  -0.002492
  0.120953  -0.001609
  0.131435  -0.000648
  0.142285  0.000386
  0.153492  0.001485
  0.165044  0.002643
  0.176930  0.003853
  0.189138  0.005107
  0.201655  0.006399
  0.214470  0.007722
  0.227570  0.009070
  0.240941  0.010435
  0.254571  0.011813
  0.268445  0.013197
  0.282550  0.014582
  0.296872  0.015963
  0.311396  0.017334
  0.326109  0.018690
  0.340994  0.020028
  0.356038  0.021342
  0.371226  0.022628
  0.386542  0.023881
  0.401971  0.025097
  0.417498  0.026272
  0.433107  0.027400
  0.448783  0.028478
  0.464509  0.029500
  0.480272  0.030461
  0.496053  0.031357
  0.511839  0.032182
  0.527613  0.032933
  0.543359  0.033604
  0.559063  0.034192
  0.574707  0.034694
  0.590277  0.035105
  0.605757  0.035423
  0.621131  0.035648
  0.636385  0.035778
  0.651503  0.035812
  0.666469  0.035752
  0.681270  0.035600
  0.695890  0.035356
  0.710315  0.035025
  0.724530  0.034610
  0.738522  0.034116
  0.752275  0.033545
  0.765777  0.032905
  0.779014  0.032201
  0.791974  0.031438
  0.804642  0.030622
  0.817006  0.029760
  0.829054  0.028856
  0.840775  0.027917
  0.852155  0.026948
  0.863185  0.025954
  0.873852  0.024939
  0.884147  0.023908
  0.894059  0.022917
  0.903579  0.021930
  0.912695  0.020952
  0.921401  0.019987
  0.929686  0.019040
  0.937544  0.018115
  0.944964  0.017215
  0.951942  0.016343
  0.958469  0.015501
  0.964539  0.014692
  0.970146  0.013916
  0.975284  0.013175
  0.979948  0.012470
  0.984134  0.011800
  0.987838  0.011165
  0.991055  0.010565
  0.993782  0.009999
  0.996018  0.009465
  0.997759  0.008962
  0.999003  0.008490
  0.999751  0.008045
  1.000000  0.007627
