  1.000000  0.009075
  0.999751  0.009792
  0.999003  0.010569
  0.997759  0.011413
  0.996018  0.012329
  0.993782  0.013324
  0.991055  0.014402
  0.987838  0.015571
  0.984134  0.016835
  0.979948  0.018201
  0.975284  0.019675
  0.970146  0.021260
  0.964539  0.022961
  0.958469  0.024782
  0.951942  0.026725
  0.944964  0.028792
  0.937544  0.030984
  0.929686  0.033298
  0.921401  0.035732
  0.912695  0.038284
  0.903579  0.040947
  0.894059  0.043717
  0.884147  0.046584
  0.873852  0.049626
  0.863185  0.052732
  0.852155  0.055895
  0.840775  0.059102
  0.829054  0.062341
  0.817006  0.065601
  0.804642  0.068867
  0.791974  0.072124
  0.779014  0.075360
  0.765777  0.078559
  0.752275  0.081706
  0.738522  0.084788
  0.724530  0.087791
  0.710315  0.090702
  0.695890  0.093511
  0.681270  0.096206
  0.666469  0.098779
  0.651503  0.101220
  0.636385  0.103522
  0.621131  0.105680
  0.605757  0.107688
  0.590277  0.109543
  0.574707  0.111239
  0.559063  0.112774
  0.543359  0.114146
  0.527613  0.115354
  0.511839  0.116395
  0.496053  0.117269
  0.480272  0.117975
  0.464509  0.118513
  0.448783  0.118882
  0.433107  0.119083
  0.417498  0.119115
  0.401971  0.118980
  0.386542  0.118678
  0.371226  0.118211
  0.356038  0.117579
  0.340994  0.116784
  0.326109  0.115828
  0.311396  0.114711
  0.296872  0.113436
  0.282550  0.112006
  0.268445  0.110422
  0.254571  0.108686
  0.240941  0.106802
  0.227570  0.104773
  0.214470  0.102601
  0.201655  0.100289
  0.189138  0.097842
  0.176930  0.095262
  0.165044  0.092554
  0.153492  0.089721
  0.142285  0.086770
  0.131435  0.083706
  0.120953  0.080535
  0.110848  0.077267
  0.101131  0.073911
  0.091812  0.070475
  0.082900  0.066973
  0.074403  0.063416
  0.066331  0.059820
  0.058691  0.056201
  0.051491  0.052577
  0.044738  0.048968
  0.038439  0.045394
  0.032600  0.041875
  0.027226  0.038433
  0.022325  0.035089
  0.017899  0.031864
  0.013954  0.028777
  0.010493  0.025845
  0.007520  0.023084
  0.005038  0.020507
  0.003050  0.018124
  0.001557  0.015944
  0.000561  0.013970
  0.000062  0.012203
  0.000062  0.010643
  0.000561  0.009284
  0.001557  0.008120
  0.003050  0.007141
  0.005038  0.006337
  0.007520  0.005697
  0.010493  0.005208
  0.013954  0.004856
  0.017899  0.004626
  0.022325  0.004505
  0.027226  0.004478
  0.032600  0.004533
  0.038439  0.004657
  0.044738  0.004838
  0.051491  0.005067
  0.058691  0.005333
  0.066331  0.005628
  0.074403  0.005946
  0.082900  0.006280
  0.091812  0.006625
  0.101131  0.006979
  0.110848  0.007339
  0.120953  0.007702
  0.131435  0.008069
  0.142285  0.008441
  0.153492  0.008818
  0.165044  0.009204
  0.176930  0.009601
  0.189138  0.010012
  0.201655  0.010440
  0.214470  0.010890
  0.227570  0.011364
  0.240941  0.011867
  0.254571  0.012403
  0.268445  0.012974
  0.282550  0.013585
  0.296872  0.014237
  0.311396  0.014934
  0.326109  0.015675
  0.340994  0.016461
  0.356038  0.017291
  0.371226  0.018164
  0.386542  0.019075
  0.401971  0.020019
  0.417498  0.020991
  0.433107  0.021983
  0.448783  0.022986
  0.464509  0.023989
  0.480272  0.024982
  0.496053  0.025953
  0.511839  0.026888
  0.527613  0.027776
  0.543359  0.028604
  0.559063  0.029358
  0.574707  0.030027
  0.590277  0.030600
  0.605757  0.031067
  0.621131  0.031421
  0.636385  0.031654
  0.651503  0.031763
  0.666469  0.031743
  0.681270  0.031595
  0.695890  0.031319
  0.710315  0.030918
  0.724530  0.030398
  0.738522  0.029764
  0.752275  0.029024
  0.765777  0.028188
  0.779014  0.027266
  0.791974  0.026271
  0.804642  0.025213
  0.817006  0.024105
  0.829054  0.022960
  0.840775  0.021788
  0.852155  0.020602
  0.863185  0.019412
  0.873852  0.018228
  0.884147  0.017057
  0.894059  0.015946
  0.903579  0.014868
  0.912695  0.013831
  0.921401  0.012838
  0.929686  0.011894
  0.937544  0.011001
  0.944964  0.010161
  0.951942  0.009373
  0.958469  0.008639
  0.964539  0.007956
  0.970146  0.007324
  0.975284  0.006740
  0.979948  0.006202
  0.984134  0.005707
  0.987838  0.005254
  0.991055  0.004838
  0.993782  0.004458
  0.996018  0.004111
  0.997759  0.003793
  0.999003  0.003503
  0.999751  0.003238
  1.000000  0.002995
