  1.000000  0.009661
  0.999751  0.010409
  0.999003  0.011219
  0.997759  0.012097
  0.996018  0.013047
  0.993782  0.014077
  0.991055  0.015192
  0.987838  0.016397
  0.984134  0.017699
  0.979948  0.019102
  0.975284  0.020613
  0.970146  0.022234
  0.964539  0.023971
  0.958469  0.025826
  0.951942  0.027801
  0.944964  0.029898
  0.937544  0.032116
  0.929686  0.034453
  0.921401  0.036908
  0.912695  0.039476
  0.903579  0.042153
  0.894059  0.044931
  0.884147  0.047804
  0.873852  0.050851
  0.863185  0.053959
  0.852155  0.057121
  0.840775  0.060325
  0.829054  0.063562
  0.817006  0.066820
  0.804642  0.070087
  0.791974  0.073348
  0.779014  0.076592
  0.765777  0.079805
  0.752275  0.082973
  0.738522  0.086084
  0.724530  0.089125
  0.710315  0.092085
  0.695890  0.094951
  0.681270  0.097715
  0.666469  0.100366
  0.651503  0.102897
  0.636385  0.105299
  0.621131  0.107566
  0.605757  0.109692
  0.590277  0.111672
  0.574707  0.113501
  0.559063  0.115174
  0.543359  0.116688
  0.527613  0.118038
  0.511839  0.119223
  0.496053  0.120240
  0.480272  0.121085
  0.464509  0.121758
  0.448783  0.122255
  0.433107  0.122575
  0.417498  0.122718
  0.401971  0.122681
  0.386542  0.122466
  0.371226  0.122072
  0.356038  0.121499
  0.340994  0.120749
  0.326109  0.119822
  0.311396  0.118720
  0.296872  0.117446
  0.282550  0.116002
  0.268445  0.114392
  0.254571  0.112619
  0.240941  0.110686
  0.227570  0.108599
  0.214470  0.106361
  0.201655  0.103978
  0.189138  0.101455
  0.176930  0.098796
  0.165044  0.096009
  0.153492  0.093097
  0.142285  0.090068
  0.131435  0.086928
  0.120953  0.083684
  0.110848  0.080346
  0.101131  0.076921
  0.091812  0.073418
  0.082900  0.069849
  0.074403  0.066224
  0.066331  0.062556
  0.058691  0.058859
  0.051491  0.055149
  0.044738  0.051440
  0.038439  0.047751
  0.032600  0.044099
  0.027226  0.040501
  0.022325  0.036976
  0.017899  0.033542
  0.013954  0.030215
  0.010493  0.027012
  0.007520  0.023947
  0.005038  0.021034
  0.003050  0.018283
  0.001557  0.015704
  0.000561  0.013305
  0.000062  0.011090
  0.000062  0.009061
  0.000561  0.007221
  0.001557  0.005566
  0.003050  0.004096
  0.005038  0.002804
  0.007520  0.001688
  0.010493  0.000739
  0.013954  -0.000048
  0.017899  -0.000682
  0.022325  -0.001170
  0.027226  -0.001523
  0.032600  -0.001746
  0.038439  -0.001850
  0.044738  -0.001843
  0.051491  -0.001731
  0.058691  -0.001523
  0.066331  -0.001226
  0.074403  -0.000846
  0.082900  -0.000392
  0.091812  0.000132
  0.101131  0.000720
  0.110848  0.001366
  0.120953  0.002064
  0.131435  0.002811
  0.142285  0.003601
  0.153492  0.004432
  0.165044  0.005299
  0.176930  0.006201
  0.189138  0.007134
  0.201655  0.008095
  0.214470  0.009081
  0.227570  0.010091
  0.240941  0.011121
  0.254571  0.012170
  0.268445  0.013236
  0.282550  0.014317
  0.296872  0.015410
  0.311396  0.016513
  0.326109  0.017624
  0.340994  0.018741
  0.356038  0.019859
  0.371226  0.020975
  0.386542  0.022085
  0.401971  0.023184
  0.417498  0.024268
  0.433107  0.025331
  0.448783  0.026367
  0.464509  0.027369
  0.480272  0.028330
  0.496053  0.029244
  0.511839  0.030102
  0.527613  0.030897
  0.543359  0.031622
  0.559063  0.032270
  0.574707  0.032833
  0.590277  0.033306
  0.605757  0.033683
  0.621131  0.033960
  0.636385  0.034133
  0.651503  0.034200
  0.666469  0.034159
  0.681270  0.034010
  0.695890  0.033755
  0.710315  0.033395
  0.724530  0.032934
  0.738522  0.032377
  0.752275  0.031729
  0.765777  0.030998
  0.779014  0.030190
  0.791974  0.029314
  0.804642  0.028378
  0.817006  0.027391
  0.829054  0.026363
  0.840775  0.025300
  0.852155  0.024213
  0.863185  0.023108
  0.873852  0.021994
  0.884147  0.020876
  0.894059  0.019807
  0.903579  0.018755
  0.912695  0.017727
  0.921401  0.016727
  0.929686  0.015760
  0.937544  0.014830
  0.944964  0.013938
  0.951942  0.013088
  0.958469  0.012279
  0.964539  0.011514
  0.970146  0.010792
  0.975284  0.010113
  0.979948  0.009476
  0.984134  0.008879
  0.987838  0.008322
  0.991055  0.007802
  0.993782  0.007318
  0.996018  0.006867
  0.997759  0.006448
  0.999003  0.006059
  0.999751  0.005697
  1.000000  0.005360
