  1.000000  0.013155
  0.999751  0.014048
  0.999003  0.015006
  0.997759  0.016035
  0.996018  0.017139
  0.993782  0.018323
  0.991055  0.019593
  0.987838  0.020953
  0.984134  0.022407
  0.979948  0.023959
  0.975284  0.025612
  0.970146  0.027369
  0.964539  0.029231
  0.958469  0.031198
  0.951942  0.033272
  0.944964  0.035450
  0.937544  0.037730
  0.929686  0.040109
  0.921401  0.042582
  0.912695  0.045145
  0.903579  0.047790
  0.894059  0.050512
  0.884147  0.053303
  0.873852  0.056251
  0.863185  0.059233
  0.852155  0.062242
  0.840775  0.065271
  0.829054  0.068313
  0.817006  0.071360
  0.804642  0.074402
  0.791974  0.077431
  0.779014  0.080438
  0.765777  0.083413
  0.752275  0.086345
  0.738522  0.089227
  0.724530  0.092049
  0.710315  0.094802
  0.695890  0.097477
  0.681270  0.100066
  0.666469  0.102562
  0.651503  0.104957
  0.636385  0.107245
  0.621131  0.109419
  0.605757  0.111472
  0.590277  0.113399
  0.574707  0.115194
  0.559063  0.116851
  0.543359  0.118365
  0.527613  0.119731
  0.511839  0.120944
  0.496053  0.121999
  0.480272  0.122890
  0.464509  0.123615
  0.448783  0.124168
  0.433107  0.124546
  0.417498  0.124745
  0.401971  0.124763
  0.386542  0.124597
  0.371226  0.124247
  0.356038  0.123711
  0.340994  0.122989
  0.326109  0.122079
  0.311396  0.120984
  0.296872  0.119705
  0.282550  0.118243
  0.268445  0.116602
  0.254571  0.114785
  0.240941  0.112796
  0.227570  0.110640
  0.214470  0.108321
  0.201655  0.105846
  0.189138  0.103219
  0.176930  0.100447
  0.165044  0.097536
  0.153492  0.094493
  0.142285  0.091325
  0.131435  0.088041
  0.120953  0.084649
  0.110848  0.081160
  0.101131  0.077584
  0.091812  0.073932
  0.082900  0.070218
  0.074403  0.066454
  0.066331  0.062657
  0.058691  0.058844
  0.051491  0.055031
  0.044738  0.051240
  0.038439  0.047490
  0.032600  0.043802
  0.027226  0.040197
  0.022325  0.036696
  0.017899  0.033320
  0.013954  0.030087
  0.010493  0.027016
  0.007520  0.024123
  0.005038  0.021421
  0.003050  0.018922
  0.001557  0.016633
  0.000561  0.014561
  0.000062  0.012708
  0.000062  0.011074
  0.000561  0.009656
  0.001557  0.008447
  0.003050  0.007442
  0.005038  0.006630
  0.007520  0.006002
  0.010493  0.005545
  0.013954  0.005248
  0.017899  0.005096
  0.022325  0.005077
  0.027226  0.005176
  0.032600  0.005381
  0.038439  0.005679
  0.044738  0.006059
  0.051491  0.006509
  0.058691  0.007020
  0.066331  0.007582
  0.074403  0.008186
  0.082900  0.008827
  0.091812  0.009497
  0.101131  0.010190
  0.110848  0.010903
  0.120953  0.011632
  0.131435  0.012371
  0.142285  0.013121
  0.153492  0.013879
  0.165044  0.014643
  0.176930  0.015415
  0.189138  0.016192
  0.201655  0.016974
  0.214470  0.017761
  0.227570  0.018552
  0.240941  0.019347
  0.254571  0.020145
  0.268445  0.020947
  0.282550  0.021752
  0.296872  0.022559
  0.311396  0.023367
  0.326109  0.024176
  0.340994  0.024983
  0.356038  0.025787
  0.371226  0.026585
  0.386542  0.027374
  0.401971  0.028152
  0.417498  0.028913
  0.433107  0.029655
  0.448783  0.030371
  0.464509  0.031057
  0.480272  0.031707
  0.496053  0.032315
  0.511839  0.032875
  0.527613  0.033381
  0.543359  0.033826
  0.559063  0.034203
  0.574707  0.034508
  0.590277  0.034734
  0.605757  0.034876
  0.621131  0.034931
  0.636385  0.034895
  0.651503  0.034765
  0.666469  0.034540
  0.681270  0.034219
  0.695890  0.033803
  0.710315  0.033294
  0.724530  0.032695
  0.738522  0.032010
  0.752275  0.031245
  0.765777  0.030404
  0.779014  0.029497
  0.791974  0.028529
  0.804642  0.027510
  0.817006  0.026449
  0.829054  0.025352
  0.840775  0.024230
  0.852155  0.023091
  0.863185  0.021941
  0.873852  0.020790
  0.884147  0.019643
  0.894059  0.018548
  0.903579  0.017478
  0.912695  0.016438
  0.921401  0.015431
  0.929686  0.014462
  0.937544  0.013534
  0.944964  0.012650
  0.951942  0.011811
  0.958469  0.011018
  0.964539  0.010271
  0.970146  0.009571
  0.975284  0.008915
  0.979948  0.008303
  0.984134  0.007733
  0.987838  0.007204
  0.991055  0.006713
  0.993782  0.006258
  0.996018  0.005837
  0.997759  0.005448
  0.999003  0.005088
  0.999751  0.004755
  1.000000  0.004447
