  1.000000  0.011720
  0.999751  0.012555
  0.999003  0.013453
  0.997759  0.014421
  0.996018  0.015463
  0.993782  0.016585
  0.991055  0.017792
  0.987838  0.019089
  0.984134  0.020482
  0.979948  0.021973
  0.975284  0.023568
  0.970146  0.025268
  0.964539  0.027077
  0.958469  0.028997
  0.951942  0.031027
  0.944964  0.033167
  0.937544  0.035416
  0.929686  0.037770
  0.921401  0.040225
  0.912695  0.042777
  0.903579  0.045419
  0.894059  0.048143
  0.884147  0.050942
  0.873852  0.053898
  0.863185  0.056893
  0.852155  0.059918
  0.840775  0.062964
  0.829054  0.066021
  0.817006  0.069077
  0.804642  0.072122
  0.791974  0.075143
  0.779014  0.078129
  0.765777  0.081067
  0.752275  0.083945
  0.738522  0.086751
  0.724530  0.089474
  0.710315  0.092105
  0.695890  0.094632
  0.681270  0.097047
  0.666469  0.099343
  0.651503  0.101512
  0.636385  0.103548
  0.621131  0.105447
  0.605757  0.107203
  0.590277  0.108814
  0.574707  0.110276
  0.559063  0.111587
  0.543359  0.112745
  0.527613  0.113748
  0.511839  0.114597
  0.496053  0.115290
  0.480272  0.115827
  0.464509  0.116208
  0.448783  0.116433
  0.433107  0.116502
  0.417498  0.116416
  0.401971  0.116176
  0.386542  0.115782
  0.371226  0.115236
  0.356038  0.114538
  0.340994  0.113691
  0.326109  0.112696
  0.311396  0.111555
  0.296872  0.110269
  0.282550  0.108840
  0.268445  0.107272
  0.254571  0.105567
  0.240941  0.103726
  0.227570  0.101754
  0.214470  0.099654
  0.201655  0.097428
  0.189138  0.095080
  0.176930  0.092614
  0.165044  0.090032
  0.153492  0.087340
  0.142285  0.084542
  0.131435  0.081641
  0.120953  0.078645
  0.110848  0.075560
  0.101131  0.072392
  0.091812  0.069149
  0.082900  0.065839
  0.074403  0.062473
  0.066331  0.059062
  0.058691  0.055617
  0.051491  0.052152
  0.044738  0.048682
  0.038439  0.045221
  0.032600  0.041786
  0.027226  0.038393
  0.022325  0.035058
  0.017899  0.031797
  0.013954  0.028626
  0.010493  0.025561
  0.007520  0.022614
  0.005038  0.019798
  0.003050  0.017124
  0.001557  0.014601
  0.000561  0.012235
  0.000062  0.010032
  0.000062  0.007995
  0.000561  0.006126
  0.001557  0.004423
  0.003050  0.002886
  0.005038  0.001511
  0.007520  0.000295
  0.010493  -0.000767
  0.013954  -0.001681
  0.017899  -0.002452
  0.022325  -0.003088
  0.027226  -0.003595
  0.032600  -0.003979
  0.038439  -0.004248
  0.044738  -0.004409
  0.051491  -0.004466
  0.058691  -0.004428
  0.066331  -0.004299
  0.074403  -0.004085
  0.082900  -0.003792
  0.091812  -0.003425
  0.101131  -0.002989
  0.110848  -0.002488
  0.120953  -0.001927
  0.131435  -0.001309
  0.142285  -0.000638
  0.153492  0.000084
  0.165044  0.000854
  0.176930  0.001670
  0.189138  0.002529
  0.201655  0.003429
  0.214470  0.004369
  0.227570  0.005347
  0.240941  0.006360
  0.254571  0.007409
  0.268445  0.008490
  0.282550  0.009603
  0.296872  0.010745
  0.311396  0.011914
  0.326109  0.013108
  0.340994  0.014324
  0.356038  0.015558
  0.371226  0.016806
  0.386542  0.018063
  0.401971  0.019324
  0.417498  0.020583
  0.433107  0.021833
  0.448783  0.023066
  0.464509  0.024276
  0.480272  0.025452
  0.496053  0.026588
  0.511839  0.027673
  0.527613  0.028699
  0.543359  0.029658
  0.559063  0.030541
  0.574707  0.031340
  0.590277  0.032049
  0.605757  0.032662
  0.621131  0.033174
  0.636385  0.033581
  0.651503  0.033880
  0.666469  0.034070
  0.681270  0.034152
  0.695890  0.034125
  0.710315  0.033993
  0.724530  0.033757
  0.738522  0.033424
  0.752275  0.032996
  0.765777  0.032481
  0.779014  0.031884
  0.791974  0.031213
  0.804642  0.030475
  0.817006  0.029676
  0.829054  0.028824
  0.840775  0.027926
  0.852155  0.026988
  0.863185  0.026017
  0.873852  0.025019
  0.884147  0.023999
  0.894059  0.023015
  0.903579  0.022031
  0.912695  0.021054
  0.921401  0.020088
  0.929686  0.019138
  0.937544  0.018210
  0.944964  0.017306
  0.951942  0.016430
  0.958469  0.015584
  0.964539  0.014771
  0.970146  0.013992
  0.975284  0.013248
  0.979948  0.012540
  0.984134  0.011867
  0.987838  0.011230
  0.991055  0.010628
  0.993782  0.010060
  0.996018  0.009525
  0.997759  0.009021
  0.999003  0.008547
  0.999751  0.008102
  1.000000  0.007683
