  1.000000  0.011659
  0.999751  0.012506
  0.999003  0.013420
  0.997759  0.014405
  0.996018  0.015467
  0.993782  0.016613
  0.991055  0.017846
  0.987838  0.019173
  0.984134  0.020600
  0.979948  0.022129
  0.975284  0.023767
  0.970146  0.025515
  0.964539  0.027378
  0.958469  0.029356
  0.951942  0.031451
  0.944964  0.033662
  0.937544  0.035988
  0.929686  0.038426
  0.921401  0.040972
  0.912695  0.043620
  0.903579  0.046365
  0.894059  0.049199
  0.884147  0.052113
  0.873852  0.055192
  0.863185  0.058315
  0.852155  0.061473
  0.840775  0.064656
  0.829054  0.067852
  0.817006  0.071051
  0.804642  0.074240
  0.791974  0.077406
  0.779014  0.080538
  0.765777  0.083621
  0.752275  0.086644
  0.738522  0.089594
  0.724530  0.092459
  0.710315  0.095228
  0.695890  0.097891
  0.681270  0.100440
  0.666469  0.102865
  0.651503  0.105160
  0.636385  0.107319
  0.621131  0.109336
  0.605757  0.111208
  0.590277  0.112931
  0.574707  0.114502
  0.559063  0.115919
  0.543359  0.117180
  0.527613  0.118284
  0.511839  0.119231
  0.496053  0.120020
  0.480272  0.120651
  0.464509  0.121124
  0.448783  0.121440
  0.433107  0.121597
  0.417498  0.121598
  0.401971  0.121442
  0.386542  0.121130
  0.371226  0.120664
  0.356038  0.120044
  0.340994  0.119271
  0.326109  0.118346
  0.311396  0.117270
  0.296872  0.116044
  0.282550  0.114670
  0.268445  0.113150
  0.254571  0.111484
  0.240941  0.109675
  0.227570  0.107724
  0.214470  0.105634
  0.201655  0.103407
  0.189138  0.101045
  0.176930  0.098551
  0.165044  0.095927
  0.153492  0.093177
  0.142285  0.090304
  0.131435  0.087312
  0.120953  0.084208
  0.110848  0.080996
  0.101131  0.077686
  0.091812  0.074283
  0.082900  0.070798
  0.074403  0.067242
  0.066331  0.063626
  0.058691  0.059964
  0.051491  0.056272
  0.044738  0.052567
  0.038439  0.048865
  0.032600  0.045186
  0.027226  0.041549
  0.022325  0.037972
  0.017899  0.034474
  0.013954  0.031075
  0.010493  0.027791
  0.007520  0.024637
  0.005038  0.021630
  0.003050  0.018780
  0.001557  0.016098
  0.000561  0.013593
  0.000062  0.011269
  0.000062  0.009130
  0.000561  0.007177
  0.001557  0.005409
  0.003050  0.003824
  0.005038  0.002418
  0.007520  0.001186
  0.010493  0.000122
  0.013954  -0.000782
  0.017899  -0.001533
  0.022325  -0.002139
  0.027226  -0.002608
  0.032600  -0.002950
  0.038439  -0.003172
  0.044738  -0.003282
  0.051491  -0.003287
  0.058691  -0.003196
  0.066331  -0.003016
  0.074403  -0.002752
  0.082900  -0.002411
  0.091812  -0.002000
  0.101131  -0.001523
  0.110848  -0.000987
  0.120953  -0.000395
  0.131435  0.000248
  0.142285  0.000938
  0.153492  0.001672
  0.165044  0.002448
  0.176930  0.003262
  0.189138  0.004112
  0.201655  0.004995
  0.214470  0.005910
  0.227570  0.006855
  0.240941  0.007827
  0.254571  0.008825
  0.268445  0.009847
  0.282550  0.010893
  0.296872  0.011958
  0.311396  0.013043
  0.326109  0.014144
  0.340994  0.015260
  0.356038  0.016386
  0.371226  0.017520
  0.386542  0.018659
  0.401971  0.019797
  0.417498  0.020930
  0.433107  0.022053
  0.448783  0.023160
  0.464509  0.024245
  0.480272  0.025301
  0.496053  0.026321
  0.511839  0.027299
  0.527613  0.028227
  0.543359  0.029098
  0.559063  0.029906
  0.574707  0.030644
  0.590277  0.031306
  0.605757  0.031887
  0.621131  0.032383
  0.636385  0.032790
  0.651503  0.033105
  0.666469  0.033326
  0.681270  0.033452
  0.695890  0.033484
  0.710315  0.033422
  0.724530  0.033268
  0.738522  0.033025
  0.752275  0.032696
  0.765777  0.032285
  0.779014  0.031797
  0.791974  0.031236
  0.804642  0.030609
  0.817006  0.029921
  0.829054  0.029177
  0.840775  0.028382
  0.852155  0.027543
  0.863185  0.026664
  0.873852  0.025751
  0.884147  0.024806
  0.894059  0.023890
  0.903579  0.022966
  0.912695  0.022040
  0.921401  0.021116
  0.929686  0.020199
  0.937544  0.019296
  0.944964  0.018409
  0.951942  0.017542
  0.958469  0.016699
  0.964539  0.015883
  0.970146  0.015096
  0.975284  0.014338
  0.979948  0.013613
  0.984134  0.012921
  0.987838  0.012261
  0.991055  0.011634
  0.993782  0.011039
  0.996018  0.010476
  0.997759  0.009944
  0.999003  0.009442
  0.999751  0.008967
  1.000000  0.008520
