  1.000000  0.009513
  0.999751  0.010257
  0.999003  0.011063
  0.997759  0.011937
  0.996018  0.012886
  0.993782  0.013915
  0.991055  0.015031
  0.987838  0.016240
  0.984134  0.017548
  0.979948  0.018961
  0.975284  0.020483
  0.970146  0.022121
  0.964539  0.023878
  0.958469  0.025758
  0.951942  0.027763
  0.944964  0.029895
  0.937544  0.032154
  0.929686  0.034538
  0.921401  0.037044
  0.912695  0.039667
  0.903579  0.042402
  0.894059  0.045242
  0.884147  0.048178
  0.873852  0.051286
  0.863185  0.054454
  0.852155  0.057669
  0.840775  0.060920
  0.829054  0.064192
  0.817006  0.067471
  0.804642  0.070742
  0.791974  0.073987
  0.779014  0.077192
  0.765777  0.080340
  0.752275  0.083415
  0.738522  0.086403
  0.724530  0.089289
  0.710315  0.092060
  0.695890  0.094706
  0.681270  0.097216
  0.666469  0.099583
  0.651503  0.101799
  0.636385  0.103859
  0.621131  0.105761
  0.605757  0.107503
  0.590277  0.109083
  0.574707  0.110501
  0.559063  0.111758
  0.543359  0.112857
  0.527613  0.113800
  0.511839  0.114591
  0.496053  0.115232
  0.480272  0.115728
  0.464509  0.116082
  0.448783  0.116298
  0.433107  0.116378
  0.417498  0.116327
  0.401971  0.116147
  0.386542  0.115841
  0.371226  0.115413
  0.356038  0.114863
  0.340994  0.114193
  0.326109  0.113404
  0.311396  0.112497
  0.296872  0.111472
  0.282550  0.110328
  0.268445  0.109066
  0.254571  0.107684
  0.240941  0.106180
  0.227570  0.104555
  0.214470  0.102806
  0.201655  0.100931
  0.189138  0.098930
  0.176930  0.096800
  0.165044  0.094540
  0.153492  0.092150
  0.142285  0.089628
  0.131435  0.086975
  0.120953  0.084193
  0.110848  0.081285
  0.101131  0.078256
  0.091812  0.075109
  0.082900  0.071852
  0.074403  0.068494
  0.066331  0.065045
  0.058691  0.061518
  0.051491  0.057928
  0.044738  0.054291
  0.038439  0.050624
  0.032600  0.046948
  0.027226  0.043282
  0.022325  0.039646
  0.017899  0.036062
  0.013954  0.032549
  0.010493  0.029127
  0.007520  0.025814
  0.005038  0.022628
  0.003050  0.019584
  0.001557  0.016694
  0.000561  0.013970
  0.000062  0.011421
  0.000062  0.009053
  0.000561  0.006871
  0.001557  0.004876
  0.003050  0.003069
  0.005038  0.001449
  0.007520  0.000015
  0.010493  -0.001237
  0.013954  -0.002311
  0.017899  -0.003212
  0.022325  -0.003947
  0.027226  -0.004521
  0.032600  -0.004941
  0.038439  -0.005214
  0.044738  -0.005347
  0.051491  -0.005345
  0.058691  -0.005217
  0.066331  -0.004967
  0.074403  -0.004604
  0.082900  -0.004135
  0.091812  -0.003565
  0.101131  -0.002901
  0.110848  -0.002151
  0.120953  -0.001321
  0.131435  -0.000418
  0.142285  0.000552
  0.153492  0.001583
  0.165044  0.002669
  0.176930  0.003804
  0.189138  0.004982
  0.201655  0.006197
  0.214470  0.007444
  0.227570  0.008717
  0.240941  0.010011
  0.254571  0.011321
  0.268445  0.012641
  0.282550  0.013968
  0.296872  0.015297
  0.311396  0.016623
  0.326109  0.017942
  0.340994  0.019250
  0.356038  0.020542
  0.371226  0.021814
  0.386542  0.023061
  0.401971  0.024277
  0.417498  0.025458
  0.433107  0.026597
  0.448783  0.027690
  0.464509  0.028730
  0.480272  0.029711
  0.496053  0.030626
  0.511839  0.031468
  0.527613  0.032233
  0.543359  0.032912
  0.559063  0.033501
  0.574707  0.033994
  0.590277  0.034385
  0.605757  0.034672
  0.621131  0.034852
  0.636385  0.034921
  0.651503  0.034880
  0.666469  0.034728
  0.681270  0.034467
  0.695890  0.034098
  0.710315  0.033627
  0.724530  0.033056
  0.738522  0.032393
  0.752275  0.031643
  0.765777  0.030814
  0.779014  0.029914
  0.791974  0.028951
  0.804642  0.027936
  0.817006  0.026876
  0.829054  0.025782
  0.840775  0.024660
  0.852155  0.023521
  0.863185  0.022372
  0.873852  0.021219
  0.884147  0.020071
  0.894059  0.018976
  0.903579  0.017904
  0.912695  0.016861
  0.921401  0.015851
  0.929686  0.014878
  0.937544  0.013946
  0.944964  0.013056
  0.951942  0.012211
  0.958469  0.011411
  0.964539  0.010656
  0.970146  0.009946
  0.975284  0.009281
  0.979948  0.008659
  0.984134  0.008078
  0.987838  0.007538
  0.991055  0.007036
  0.993782  0.006570
  0.996018  0.006138
  0.997759  0.005737
  0.999003  0.005366
  0.999751  0.005022
  1.000000  0.004704
