  1.000000  0.011106
  0.999751  0.011930
  0.999003  0.012818
  0.997759  0.013777
  0.996018  0.014813
  0.993782  0.015930
  0.991055  0.017135
  0.987838  0.018433
  0.984134  0.019830
  0.979948  0.021329
  0.975284  0.022935
  0.970146  0.024653
  0.964539  0.026485
  0.958469  0.028432
  0.951942  0.030497
  0.944964  0.032679
  0.937544  0.034976
  0.929686  0.037388
  0.921401  0.039908
  0.912695  0.042534
  0.903579  0.045259
  0.894059  0.048075
  0.884147  0.050976
  0.873852  0.054045
  0.863185  0.057162
  0.852155  0.060320
  0.840775  0.063509
  0.829054  0.066718
  0.817006  0.069938
  0.804642  0.073155
  0.791974  0.076357
  0.779014  0.079534
  0.765777  0.082671
  0.752275  0.085757
  0.738522  0.088780
  0.724530  0.091728
  0.710315  0.094590
  0.695890  0.097356
  0.681270  0.100017
  0.666469  0.102565
  0.651503  0.104992
  0.636385  0.107290
  0.621131  0.109455
  0.605757  0.111482
  0.590277  0.113365
  0.574707  0.115101
  0.559063  0.116687
  0.543359  0.118118
  0.527613  0.119394
  0.511839  0.120511
  0.496053  0.121467
  0.480272  0.122261
  0.464509  0.122892
  0.448783  0.123357
  0.433107  0.123656
  0.417498  0.123788
  0.401971  0.123752
  0.386542  0.123548
  0.371226  0.123176
  0.356038  0.122636
  0.340994  0.121929
  0.326109  0.121055
  0.311396  0.120015
  0.296872  0.118810
  0.282550  0.117442
  0.268445  0.115913
  0.254571  0.114225
  0.240941  0.112381
  0.227570  0.110383
  0.214470  0.108235
  0.201655  0.105939
  0.189138  0.103500
  0.176930  0.100920
  0.165044  0.098204
  0.153492  0.095356
  0.142285  0.092381
  0.131435  0.089285
  0.120953  0.086073
  0.110848  0.082753
  0.101131  0.079334
  0.091812  0.075824
  0.082900  0.072233
  0.074403  0.068572
  0.066331  0.064854
  0.058691  0.061094
  0.051491  0.057308
  0.044738  0.053512
  0.038439  0.049725
  0.032600  0.045966
  0.027226  0.042253
  0.022325  0.038606
  0.017899  0.035044
  0.013954  0.031586
  0.010493  0.028249
  0.007520  0.025049
  0.005038  0.022001
  0.003050  0.019117
  0.001557  0.016407
  0.000561  0.013879
  0.000062  0.011539
  0.000062  0.009389
  0.000561  0.007431
  0.001557  0.005664
  0.003050  0.004084
  0.005038  0.002688
  0.007520  0.001471
  0.010493  0.000426
  0.013954  -0.000455
  0.017899  -0.001180
  0.022325  -0.001756
  0.027226  -0.002193
  0.032600  -0.002500
  0.038439  -0.002685
  0.044738  -0.002756
  0.051491  -0.002722
  0.058691  -0.002590
  0.066331  -0.002367
  0.074403  -0.002060
  0.082900  -0.001676
  0.091812  -0.001220
  0.101131  -0.000698
  0.110848  -0.000116
  0.120953  0.000522
  0.131435  0.001211
  0.142285  0.001949
  0.153492  0.002731
  0.165044  0.003557
  0.176930  0.004422
  0.189138  0.005325
  0.201655  0.006263
  0.214470  0.007235
  0.227570  0.008240
  0.240941  0.009274
  0.254571  0.010338
  0.268445  0.011429
  0.282550  0.012546
  0.296872  0.013687
  0.311396  0.014850
  0.326109  0.016032
  0.340994  0.017231
  0.356038  0.018442
  0.371226  0.019663
  0.386542  0.020888
  0.401971  0.022111
  0.417498  0.023327
  0.433107  0.024529
  0.448783  0.025709
  0.464509  0.026860
  0.480272  0.027972
  0.496053  0.029038
  0.511839  0.030047
  0.527613  0.030991
  0.543359  0.031861
  0.559063  0.032648
  0.574707  0.033344
  0.590277  0.033942
  0.605757  0.034436
  0.621131  0.034820
  0.636385  0.035090
  0.651503  0.035244
  0.666469  0.035280
  0.681270  0.035198
  0.695890  0.034999
  0.710315  0.034687
  0.724530  0.034265
  0.738522  0.033738
  0.752275  0.033113
  0.765777  0.032397
  0.779014  0.031598
  0.791974  0.030725
  0.804642  0.029786
  0.817006  0.028792
  0.829054  0.027752
  0.840775  0.026674
  0.852155  0.025567
  0.863185  0.024440
  0.873852  0.023299
  0.884147  0.022153
  0.894059  0.021054
  0.903579  0.019972
  0.912695  0.018912
  0.921401  0.017879
  0.929686  0.016877
  0.937544  0.015912
  0.944964  0.014984
  0.951942  0.014098
  0.958469  0.013254
  0.964539  0.012453
  0.970146  0.011695
  0.975284  0.010981
  0.979948  0.010309
  0.984134  0.009679
  0.987838  0.009089
  0.991055  0.008537
  0.993782  0.008022
  0.996018  0.007542
  0.997759  0.007094
  0.999003  0.006677
  0.999751  0.006289
  1.000000  0.005927
