  1.000000  0.009610
  0.999751  0.010349
  0.999003  0.011148
  0.997759  0.012014
  0.996018  0.012953
  0.993782  0.013969
  0.991055  0.015068
  0.987838  0.016257
  0.984134  0.017540
  0.979948  0.018923
  0.975284  0.020411
  0.970146  0.022008
  0.964539  0.023718
  0.958469  0.025544
  0.951942  0.027487
  0.944964  0.029549
  0.937544  0.031730
  0.929686  0.034027
  0.921401  0.036438
  0.912695  0.038958
  0.903579  0.041583
  0.894059  0.044306
  0.884147  0.047118
  0.873852  0.050097
  0.863185  0.053133
  0.852155  0.056215
  0.840775  0.059334
  0.829054  0.062478
  0.817006  0.065633
  0.804642  0.068789
  0.791974  0.071929
  0.779014  0.075042
  0.765777  0.078113
  0.752275  0.081127
  0.738522  0.084072
  0.724530  0.086935
  0.710315  0.089704
  0.695890  0.092368
  0.681270  0.094917
  0.666469  0.097342
  0.651503  0.099636
  0.636385  0.101791
  0.621131  0.103803
  0.605757  0.105666
  0.590277  0.107378
  0.574707  0.108934
  0.559063  0.110333
  0.543359  0.111573
  0.527613  0.112652
  0.511839  0.113571
  0.496053  0.114329
  0.480272  0.114925
  0.464509  0.115361
  0.448783  0.115636
  0.433107  0.115750
  0.417498  0.115706
  0.401971  0.115503
  0.386542  0.115144
  0.371226  0.114629
  0.356038  0.113960
  0.340994  0.113140
  0.326109  0.112169
  0.311396  0.111050
  0.296872  0.109785
  0.282550  0.108378
  0.268445  0.106830
  0.254571  0.105144
  0.240941  0.103324
  0.227570  0.101373
  0.214470  0.099293
  0.201655  0.097090
  0.189138  0.094766
  0.176930  0.092325
  0.165044  0.089771
  0.153492  0.087108
  0.142285  0.084341
  0.131435  0.081473
  0.120953  0.078512
  0.110848  0.075463
  0.101131  0.072331
  0.091812  0.069126
  0.082900  0.065853
  0.074403  0.062524
  0.066331  0.059146
  0.058691  0.055732
  0.051491  0.052294
  0.044738  0.048845
  0.038439  0.045399
  0.032600  0.041970
  0.027226  0.038574
  0.022325  0.035226
  0.017899  0.031941
  0.013954  0.028735
  0.010493  0.025621
  0.007520  0.022613
  0.005038  0.019723
  0.003050  0.016963
  0.001557  0.014341
  0.000561  0.011867
  0.000062  0.009547
  0.000062  0.007386
  0.000561  0.005387
  0.001557  0.003552
  0.003050  0.001882
  0.005038  0.000377
  0.007520  -0.000963
  0.010493  -0.002142
  0.013954  -0.003160
  0.017899  -0.004023
  0.022325  -0.004733
  0.027226  -0.005294
  0.032600  -0.005712
  0.038439  -0.005990
  0.044738  -0.006134
  0.051491  -0.006148
  0.058691  -0.006038
  0.066331  -0.005809
  0.074403  -0.005466
  0.082900  -0.005015
  0.091812  -0.004462
  0.101131  -0.003814
  0.110848  -0.003075
  0.120953  -0.002253
  0.131435  -0.001355
  0.142285  -0.000385
  0.153492  0.000649
  0.165044  0.001741
  0.176930  0.002886
  0.189138  0.004076
  0.201655  0.005306
  0.214470  0.006569
  0.227570  0.007860
  0.240941  0.009172
  0.254571  0.010501
  0.268445  0.011841
  0.282550  0.013187
  0.296872  0.014534
  0.311396  0.015878
  0.326109  0.017213
  0.340994  0.018536
  0.356038  0.019842
  0.371226  0.021125
  0.386542  0.022381
  0.401971  0.023605
  0.417498  0.024792
  0.433107  0.025935
  0.448783  0.027031
  0.464509  0.028071
  0.480272  0.029052
  0.496053  0.029965
  0.511839  0.030806
  0.527613  0.031567
  0.543359  0.032244
  0.559063  0.032830
  0.574707  0.033320
  0.590277  0.033710
  0.605757  0.033996
  0.621131  0.034176
  0.636385  0.034247
  0.651503  0.034210
  0.666469  0.034063
  0.681270  0.033810
  0.695890  0.033452
  0.710315  0.032992
  0.724530  0.032437
  0.738522  0.031790
  0.752275  0.031059
  0.765777  0.030251
  0.779014  0.029374
  0.791974  0.028437
  0.804642  0.027448
  0.817006  0.026415
  0.829054  0.025348
  0.840775  0.024255
  0.852155  0.023145
  0.863185  0.022024
  0.873852  0.020901
  0.884147  0.019780
  0.894059  0.018711
  0.903579  0.017665
  0.912695  0.016646
  0.921401  0.015660
  0.929686  0.014709
  0.937544  0.013797
  0.944964  0.012926
  0.951942  0.012098
  0.958469  0.011313
  0.964539  0.010573
  0.970146  0.009876
  0.975284  0.009222
  0.979948  0.008611
  0.984134  0.008040
  0.987838  0.007508
  0.991055  0.007013
  0.993782  0.006554
  0.996018  0.006127
  0.997759  0.005732
  0.999003  0.005365
  0.999751  0.005026
  1.000000  0.004710
