  1.000000  0.010964
  0.999751  0.011789
  0.999003  0.012680
  0.997759  0.013644
  0.996018  0.014685
  0.993782  0.015812
  0.991055  0.017029
  0.987838  0.018342
  0.984134  0.019757
  0.979948  0.021279
  0.975284  0.022913
  0.970146  0.024664
  0.964539  0.026535
  0.958469  0.028528
  0.951942  0.030646
  0.944964  0.032888
  0.937544  0.035254
  0.929686  0.037742
  0.921401  0.040347
  0.912695  0.043064
  0.903579  0.045888
  0.894059  0.048811
  0.884147  0.051824
  0.873852  0.055010
  0.863185  0.058248
  0.852155  0.061528
  0.840775  0.064837
  0.829054  0.068164
  0.817006  0.071494
  0.804642  0.074814
  0.791974  0.078109
  0.779014  0.081364
  0.765777  0.084562
  0.752275  0.087691
  0.738522  0.090734
  0.724530  0.093680
  0.710315  0.096514
  0.695890  0.099225
  0.681270  0.101803
  0.666469  0.104238
  0.651503  0.106524
  0.636385  0.108653
  0.621131  0.110619
  0.605757  0.112420
  0.590277  0.114052
  0.574707  0.115512
  0.559063  0.116799
  0.543359  0.117912
  0.527613  0.118852
  0.511839  0.119620
  0.496053  0.120215
  0.480272  0.120641
  0.464509  0.120898
  0.448783  0.120988
  0.433107  0.120913
  0.417498  0.120675
  0.401971  0.120278
  0.386542  0.119722
  0.371226  0.119012
  0.356038  0.118149
  0.340994  0.117136
  0.326109  0.115976
  0.311396  0.114671
  0.296872  0.113225
  0.282550  0.111639
  0.268445  0.109918
  0.254571  0.108064
  0.240941  0.106079
  0.227570  0.103967
  0.214470  0.101732
  0.201655  0.099376
  0.189138  0.096904
  0.176930  0.094317
  0.165044  0.091620
  0.153492  0.088817
  0.142285  0.085913
  0.131435  0.082910
  0.120953  0.079817
  0.110848  0.076638
  0.101131  0.073380
  0.091812  0.070052
  0.082900  0.066662
  0.074403  0.063219
  0.066331  0.059735
  0.058691  0.056222
  0.051491  0.052693
  0.044738  0.049164
  0.038439  0.045648
  0.032600  0.042164
  0.027226  0.038726
  0.022325  0.035351
  0.017899  0.032056
  0.013954  0.028857
  0.010493  0.025767
  0.007520  0.022802
  0.005038  0.019972
  0.003050  0.017290
  0.001557  0.014762
  0.000561  0.012397
  0.000062  0.010199
  0.000062  0.008171
  0.000561  0.006313
  0.001557  0.004625
  0.003050  0.003105
  0.005038  0.001750
  0.007520  0.000555
  0.010493  -0.000486
  0.013954  -0.001377
  0.017899  -0.002126
  0.022325  -0.002740
  0.027226  -0.003226
  0.032600  -0.003592
  0.038439  -0.003843
  0.044738  -0.003988
  0.051491  -0.004033
  0.058691  -0.003984
  0.066331  -0.003847
  0.074403  -0.003630
  0.082900  -0.003336
  0.091812  -0.002972
  0.101131  -0.002542
  0.110848  -0.002051
  0.120953  -0.001503
  0.131435  -0.000902
  0.142285  -0.000252
  0.153492  0.000445
  0.165044  0.001186
  0.176930  0.001969
  0.189138  0.002791
  0.201655  0.003651
  0.214470  0.004547
  0.227570  0.005476
  0.240941  0.006438
  0.254571  0.007431
  0.268445  0.008453
  0.282550  0.009503
  0.296872  0.010579
  0.311396  0.011679
  0.326109  0.012801
  0.340994  0.013942
  0.356038  0.015100
  0.371226  0.016269
  0.386542  0.017447
  0.401971  0.018629
  0.417498  0.019808
  0.433107  0.020980
  0.448783  0.022138
  0.464509  0.023275
  0.480272  0.024383
  0.496053  0.025455
  0.511839  0.026483
  0.527613  0.027458
  0.543359  0.028375
  0.559063  0.029224
  0.574707  0.029998
  0.590277  0.030693
  0.605757  0.031301
  0.621131  0.031818
  0.636385  0.032241
  0.651503  0.032567
  0.666469  0.032793
  0.681270  0.032920
  0.695890  0.032948
  0.710315  0.032878
  0.724530  0.032712
  0.738522  0.032454
  0.752275  0.032107
  0.765777  0.031677
  0.779014  0.031168
  0.791974  0.030586
  0.804642  0.029938
  0.817006  0.029229
  0.829054  0.028465
  0.840775  0.027653
  0.852155  0.026798
  0.863185  0.025906
  0.873852  0.024982
  0.884147  0.024030
  0.894059  0.023109
  0.903579  0.022183
  0.912695  0.021257
  0.921401  0.020336
  0.929686  0.019426
  0.937544  0.018532
  0.944964  0.017656
  0.951942  0.016803
  0.958469  0.015976
  0.964539  0.015177
  0.970146  0.014408
  0.975284  0.013670
  0.979948  0.012965
  0.984134  0.012293
  0.987838  0.011654
  0.991055  0.011049
  0.993782  0.010475
  0.996018  0.009933
  0.997759  0.009422
  0.999003  0.008940
  0.999751  0.008485
  1.000000  0.008056
