  1.000000  0.010230
  0.999751  0.011015
  0.999003  0.011865
  0.997759  0.012784
  0.996018  0.013780
  0.993782  0.014859
  0.991055  0.016026
  0.987838  0.017287
  0.984134  0.018649
  0.979948  0.020116
  0.975284  0.021694
  0.970146  0.023388
  0.964539  0.025201
  0.958469  0.027137
  0.951942  0.029197
  0.944964  0.031382
  0.937544  0.033693
  0.929686  0.036126
  0.921401  0.038680
  0.912695  0.041349
  0.903579  0.044129
  0.894059  0.047011
  0.884147  0.049987
  0.873852  0.053139
  0.863185  0.056349
  0.852155  0.059608
  0.840775  0.062903
  0.829054  0.066223
  0.817006  0.069554
  0.804642  0.072882
  0.791974  0.076193
  0.779014  0.079471
  0.765777  0.082701
  0.752275  0.085869
  0.738522  0.088960
  0.724530  0.091961
  0.710315  0.094858
  0.695890  0.097639
  0.681270  0.100295
  0.666469  0.102815
  0.651503  0.105191
  0.636385  0.107416
  0.621131  0.109485
  0.605757  0.111391
  0.590277  0.113132
  0.574707  0.114704
  0.559063  0.116105
  0.543359  0.117333
  0.527613  0.118387
  0.511839  0.119267
  0.496053  0.119973
  0.480272  0.120504
  0.464509  0.120863
  0.448783  0.121049
  0.433107  0.121063
  0.417498  0.120907
  0.401971  0.120582
  0.386542  0.120091
  0.371226  0.119436
  0.356038  0.118619
  0.340994  0.117641
  0.326109  0.116506
  0.311396  0.115215
  0.296872  0.113772
  0.282550  0.112180
  0.268445  0.110441
  0.254571  0.108558
  0.240941  0.106536
  0.227570  0.104376
  0.214470  0.102084
  0.201655  0.099662
  0.189138  0.097114
  0.176930  0.094444
  0.165044  0.091657
  0.153492  0.088757
  0.142285  0.085750
  0.131435  0.082640
  0.120953  0.079436
  0.110848  0.076145
  0.101131  0.072776
  0.091812  0.069340
  0.082900  0.065846
  0.074403  0.062309
  0.066331  0.058742
  0.058691  0.055162
  0.051491  0.051585
  0.044738  0.048031
  0.038439  0.044518
  0.032600  0.041068
  0.027226  0.037701
  0.022325  0.034438
  0.017899  0.031298
  0.013954  0.028301
  0.010493  0.025463
  0.007520  0.022801
  0.005038  0.020328
  0.003050  0.018054
  0.001557  0.015986
  0.000561  0.014129
  0.000062  0.012485
  0.000062  0.011052
  0.000561  0.009825
  0.001557  0.008798
  0.003050  0.007961
  0.005038  0.007304
  0.007520  0.006813
  0.010493  0.006475
  0.013954  0.006274
  0.017899  0.006196
  0.022325  0.006223
  0.027226  0.006341
  0.032600  0.006534
  0.038439  0.006787
  0.044738  0.007087
  0.051491  0.007422
  0.058691  0.007780
  0.066331  0.008151
  0.074403  0.008527
  0.082900  0.008902
  0.091812  0.009269
  0.101131  0.009626
  0.110848  0.009970
  0.120953  0.010300
  0.131435  0.010615
  0.142285  0.010919
  0.153492  0.011214
  0.165044  0.011503
  0.176930  0.011793
  0.189138  0.012087
  0.201655  0.012392
  0.214470  0.012712
  0.227570  0.013054
  0.240941  0.013424
  0.254571  0.013827
  0.268445  0.014268
  0.282550  0.014753
  0.296872  0.015286
  0.311396  0.015869
  0.326109  0.016505
  0.340994  0.017194
  0.356038  0.017936
  0.371226  0.018729
  0.386542  0.019570
  0.401971  0.020454
  0.417498  0.021376
  0.433107  0.022326
  0.448783  0.023296
  0.464509  0.024276
  0.480272  0.025254
  0.496053  0.026218
  0.511839  0.027155
  0.527613  0.028052
  0.543359  0.028897
  0.559063  0.029677
  0.574707  0.030381
  0.590277  0.030998
  0.605757  0.031518
  0.621131  0.031934
  0.636385  0.032239
  0.651503  0.032429
  0.666469  0.032500
  0.681270  0.032452
  0.695890  0.032286
  0.710315  0.032004
  0.724530  0.031610
  0.738522  0.031109
  0.752275  0.030508
  0.765777  0.029814
  0.779014  0.029037
  0.791974  0.028187
  0.804642  0.027272
  0.817006  0.026303
  0.829054  0.025290
  0.840775  0.024242
  0.852155  0.023170
  0.863185  0.022080
  0.873852  0.020982
  0.884147  0.019882
  0.894059  0.018830
  0.903579  0.017798
  0.912695  0.016790
  0.921401  0.015812
  0.929686  0.014869
  0.937544  0.013963
  0.944964  0.013096
  0.951942  0.012272
  0.958469  0.011490
  0.964539  0.010751
  0.970146  0.010056
  0.975284  0.009402
  0.979948  0.008790
  0.984134  0.008218
  0.987838  0.007685
  0.991055  0.007188
  0.993782  0.006726
  0.996018  0.006297
  0.997759  0.005898
  0.999003  0.005528
  0.999751  0.005185
  1.000000  0.004866
