  1.000000  0.010983
  0.999751  0.011799
  0.999003  0.012680
  0.997759  0.013631
  0.996018  0.014658
  0.993782  0.015768
  0.991055  0.016964
  0.987838  0.018253
  0.984134  0.019641
  0.979948  0.021132
  0.975284  0.022730
  0.970146  0.024440
  0.964539  0.026264
  0.958469  0.028204
  0.951942  0.030263
  0.944964  0.032439
  0.937544  0.034732
  0.929686  0.037139
  0.921401  0.039656
  0.912695  0.042278
  0.903579  0.045000
  0.894059  0.047814
  0.884147  0.050711
  0.873852  0.053774
  0.863185  0.056884
  0.852155  0.060032
  0.840775  0.063207
  0.829054  0.066398
  0.817006  0.069594
  0.804642  0.072780
  0.791974  0.075944
  0.779014  0.079073
  0.765777  0.082153
  0.752275  0.085171
  0.738522  0.088114
  0.724530  0.090969
  0.710315  0.093726
  0.695890  0.096373
  0.681270  0.098902
  0.666469  0.101304
  0.651503  0.103572
  0.636385  0.105700
  0.621131  0.107683
  0.605757  0.109517
  0.590277  0.111198
  0.574707  0.112725
  0.559063  0.114096
  0.543359  0.115309
  0.527613  0.116363
  0.511839  0.117260
  0.496053  0.117998
  0.480272  0.118579
  0.464509  0.119003
  0.448783  0.119270
  0.433107  0.119382
  0.417498  0.119340
  0.401971  0.119144
  0.386542  0.118796
  0.371226  0.118298
  0.356038  0.117650
  0.340994  0.116855
  0.326109  0.115913
  0.311396  0.114825
  0.296872  0.113594
  0.282550  0.112221
  0.268445  0.110708
  0.254571  0.109056
  0.240941  0.107268
  0.227570  0.105345
  0.214470  0.103290
  0.201655  0.101104
  0.189138  0.098791
  0.176930  0.096353
  0.165044  0.093791
  0.153492  0.091110
  0.142285  0.088313
  0.131435  0.085403
  0.120953  0.082386
  0.110848  0.079267
  0.101131  0.076053
  0.091812  0.072750
  0.082900  0.069368
  0.074403  0.065916
  0.066331  0.062404
  0.058691  0.058845
  0.051491  0.055254
  0.044738  0.051644
  0.038439  0.048033
  0.032600  0.044437
  0.027226  0.040873
  0.022325  0.037359
  0.017899  0.033913
  0.013954  0.030552
  0.010493  0.027293
  0.007520  0.024150
  0.005038  0.021138
  0.003050  0.018270
  0.001557  0.015557
  0.000561  0.013006
  0.000062  0.010626
  0.000062  0.008421
  0.000561  0.006394
  0.001557  0.004547
  0.003050  0.002879
  0.005038  0.001390
  0.007520  0.000078
  0.010493  -0.001061
  0.013954  -0.002032
  0.017899  -0.002839
  0.022325  -0.003488
  0.027226  -0.003984
  0.032600  -0.004334
  0.038439  -0.004544
  0.044738  -0.004621
  0.051491  -0.004569
  0.058691  -0.004397
  0.066331  -0.004109
  0.074403  -0.003714
  0.082900  -0.003216
  0.091812  -0.002623
  0.101131  -0.001941
  0.110848  -0.001176
  0.120953  -0.000335
  0.131435  0.000575
  0.142285  0.001548
  0.153492  0.002578
  0.165044  0.003660
  0.176930  0.004787
  0.189138  0.005953
  0.201655  0.007153
  0.214470  0.008380
  0.227570  0.009628
  0.240941  0.010894
  0.254571  0.012171
  0.268445  0.013454
  0.282550  0.014739
  0.296872  0.016021
  0.311396  0.017295
  0.326109  0.018558
  0.340994  0.019805
  0.356038  0.021032
  0.371226  0.022233
  0.386542  0.023404
  0.401971  0.024540
  0.417498  0.025637
  0.433107  0.026688
  0.448783  0.027688
  0.464509  0.028632
  0.480272  0.029514
  0.496053  0.030327
  0.511839  0.031065
  0.527613  0.031721
  0.543359  0.032291
  0.559063  0.032769
  0.574707  0.033148
  0.590277  0.033425
  0.605757  0.033596
  0.621131  0.033658
  0.636385  0.033610
  0.651503  0.033450
  0.666469  0.033179
  0.681270  0.032798
  0.695890  0.032311
  0.710315  0.031721
  0.724530  0.031035
  0.738522  0.030257
  0.752275  0.029395
  0.765777  0.028459
  0.779014  0.027457
  0.791974  0.026398
  0.804642  0.025294
  0.817006  0.024153
  0.829054  0.022987
  0.840775  0.021804
  0.852155  0.020615
  0.863185  0.019428
  0.873852  0.018251
  0.884147  0.017092
  0.894059  0.015993
  0.903579  0.014929
  0.912695  0.013905
  0.921401  0.012926
  0.929686  0.011994
  0.937544  0.011111
  0.944964  0.010279
  0.951942  0.009499
  0.958469  0.008769
  0.964539  0.008090
  0.970146  0.007460
  0.975284  0.006877
  0.979948  0.006338
  0.984134  0.005843
  0.987838  0.005387
  0.991055  0.004969
  0.993782  0.004586
  0.996018  0.004235
  0.997759  0.003914
  0.999003  0.003619
  0.999751  0.003350
  1.000000  0.003103
