  1.000000  0.010885
  0.999751  0.011708
  0.999003  0.012597
  0.997759  0.013559
  0.996018  0.014600
  0.993782  0.015725
  0.991055  0.016940
  0.987838  0.018252
  0.984134  0.019667
  0.979948  0.021189
  0.975284  0.022824
  0.970146  0.024576
  0.964539  0.026449
  0.958469  0.028445
  0.951942  0.030566
  0.944964  0.032813
  0.937544  0.035184
  0.929686  0.037679
  0.921401  0.040293
  0.912695  0.043021
  0.903579  0.045857
  0.894059  0.048794
  0.884147  0.051824
  0.873852  0.055030
  0.863185  0.058291
  0.852155  0.061597
  0.840775  0.064937
  0.829054  0.068299
  0.817006  0.071669
  0.804642  0.075033
  0.791974  0.078377
  0.779014  0.081686
  0.765777  0.084946
  0.752275  0.088141
  0.738522  0.091257
  0.724530  0.094282
  0.710315  0.097201
  0.695890  0.100003
  0.681270  0.102679
  0.666469  0.105217
  0.651503  0.107609
  0.636385  0.109849
  0.621131  0.111931
  0.605757  0.113850
  0.590277  0.115601
  0.574707  0.117181
  0.559063  0.118587
  0.543359  0.119819
  0.527613  0.120874
  0.511839  0.121752
  0.496053  0.122453
  0.480272  0.122977
  0.464509  0.123325
  0.448783  0.123497
  0.433107  0.123493
  0.417498  0.123317
  0.401971  0.122968
  0.386542  0.122448
  0.371226  0.121761
  0.356038  0.120909
  0.340994  0.119893
  0.326109  0.118716
  0.311396  0.117381
  0.296872  0.115893
  0.282550  0.114253
  0.268445  0.112465
  0.254571  0.110534
  0.240941  0.108464
  0.227570  0.106257
  0.214470  0.103920
  0.201655  0.101456
  0.189138  0.098870
  0.176930  0.096167
  0.165044  0.093351
  0.153492  0.090428
  0.142285  0.087403
  0.131435  0.084282
  0.120953  0.081072
  0.110848  0.077779
  0.101131  0.074412
  0.091812  0.070979
  0.082900  0.067489
  0.074403  0.063952
  0.066331  0.060380
  0.058691  0.056786
  0.051491  0.053183
  0.044738  0.049586
  0.038439  0.046010
  0.032600  0.042472
  0.027226  0.038987
  0.022325  0.035572
  0.017899  0.032243
  0.013954  0.029015
  0.010493  0.025904
  0.007520  0.022922
  0.005038  0.020082
  0.003050  0.017393
  0.001557  0.014865
  0.000561  0.012503
  0.000062  0.010313
  0.000062  0.008297
  0.000561  0.006456
  0.001557  0.004788
  0.003050  0.003291
  0.005038  0.001963
  0.007520  0.000798
  0.010493  -0.000209
  0.013954  -0.001064
  0.017899  -0.001774
  0.022325  -0.002347
  0.027226  -0.002789
  0.032600  -0.003107
  0.038439  -0.003311
  0.044738  -0.003405
  0.051491  -0.003398
  0.058691  -0.003297
  0.066331  -0.003107
  0.074403  -0.002835
  0.082900  -0.002487
  0.091812  -0.002070
  0.101131  -0.001587
  0.110848  -0.001045
  0.120953  -0.000448
  0.131435  0.000198
  0.142285  0.000891
  0.153492  0.001625
  0.165044  0.002399
  0.176930  0.003209
  0.189138  0.004051
  0.201655  0.004923
  0.214470  0.005823
  0.227570  0.006747
  0.240941  0.007693
  0.254571  0.008660
  0.268445  0.009645
  0.282550  0.010646
  0.296872  0.011661
  0.311396  0.012688
  0.326109  0.013724
  0.340994  0.014767
  0.356038  0.015814
  0.371226  0.016863
  0.386542  0.017909
  0.401971  0.018949
  0.417498  0.019979
  0.433107  0.020993
  0.448783  0.021988
  0.464509  0.022958
  0.480272  0.023897
  0.496053  0.024799
  0.511839  0.025659
  0.527613  0.026471
  0.543359  0.027227
  0.559063  0.027924
  0.574707  0.028555
  0.590277  0.029115
  0.605757  0.029601
  0.621131  0.030008
  0.636385  0.030333
  0.651503  0.030574
  0.666469  0.030729
  0.681270  0.030798
  0.695890  0.030782
  0.710315  0.030680
  0.724530  0.030495
  0.738522  0.030230
  0.752275  0.029888
  0.765777  0.029472
  0.779014  0.028986
  0.791974  0.028437
  0.804642  0.027828
  0.817006  0.027165
  0.829054  0.026453
  0.840775  0.025698
  0.852155  0.024904
  0.863185  0.024077
  0.873852  0.023220
  0.884147  0.022338
  0.894059  0.021485
  0.903579  0.020627
  0.912695  0.019769
  0.921401  0.018916
  0.929686  0.018073
  0.937544  0.017243
  0.944964  0.016431
  0.951942  0.015640
  0.958469  0.014872
  0.964539  0.014130
  0.970146  0.013416
  0.975284  0.012731
  0.979948  0.012076
  0.984134  0.011452
  0.987838  0.010858
  0.991055  0.010295
  0.993782  0.009762
  0.996018  0.009258
  0.997759  0.008783
  0.999003  0.008334
  0.999751  0.007911
  1.000000  0.007512
