  1.000000  0.009662
  0.999751  0.010416
  0.999003  0.011232
  0.997759  0.012118
  0.996018  0.013078
  0.993782  0.014119
  0.991055  0.015247
  0.987838  0.016468
  0.984134  0.017789
  0.979948  0.019213
  0.975284  0.020748
  0.970146  0.022398
  0.964539  0.024167
  0.958469  0.026058
  0.951942  0.028073
  0.944964  0.030215
  0.937544  0.032483
  0.929686  0.034876
  0.921401  0.037390
  0.912695  0.040023
  0.903579  0.042767
  0.894059  0.045618
  0.884147  0.048566
  0.873852  0.051691
  0.863185  0.054878
  0.852155  0.058118
  0.840775  0.061400
  0.829054  0.064711
  0.817006  0.068037
  0.804642  0.071365
  0.791974  0.074680
  0.779014  0.077967
  0.765777  0.081211
  0.752275  0.084397
  0.738522  0.087510
  0.724530  0.090537
  0.710315  0.093465
  0.695890  0.096282
  0.681270  0.098978
  0.666469  0.101542
  0.651503  0.103967
  0.636385  0.106245
  0.621131  0.108370
  0.605757  0.110339
  0.590277  0.112146
  0.574707  0.113788
  0.559063  0.115263
  0.543359  0.116569
  0.527613  0.117706
  0.511839  0.118671
  0.496053  0.119466
  0.480272  0.120090
  0.464509  0.120543
  0.448783  0.120826
  0.433107  0.120940
  0.417498  0.120885
  0.401971  0.120663
  0.386542  0.120275
  0.371226  0.119723
  0.356038  0.119010
  0.340994  0.118136
  0.326109  0.117103
  0.311396  0.115915
  0.296872  0.114573
  0.282550  0.113081
  0.268445  0.111440
  0.254571  0.109655
  0.240941  0.107728
  0.227570  0.105662
  0.214470  0.103462
  0.201655  0.101131
  0.189138  0.098672
  0.176930  0.096090
  0.165044  0.093389
  0.153492  0.090572
  0.142285  0.087645
  0.131435  0.084614
  0.120953  0.081483
  0.110848  0.078261
  0.101131  0.074954
  0.091812  0.071572
  0.082900  0.068122
  0.074403  0.064616
  0.066331  0.061066
  0.058691  0.057484
  0.051491  0.053886
  0.044738  0.050286
  0.038439  0.046702
  0.032600  0.043149
  0.027226  0.039647
  0.022325  0.036212
  0.017899  0.032862
  0.013954  0.029614
  0.010493  0.026485
  0.007520  0.023488
  0.005038  0.020637
  0.003050  0.017944
  0.001557  0.015419
  0.000561  0.013068
  0.000062  0.010898
  0.000062  0.008912
  0.000561  0.007111
  0.001557  0.005494
  0.003050  0.004060
  0.005038  0.002805
  0.007520  0.001724
  0.010493  0.000813
  0.013954  0.000064
  0.017899  -0.000529
  0.022325  -0.000975
  0.027226  -0.001282
  0.032600  -0.001456
  0.038439  -0.001507
  0.044738  -0.001442
  0.051491  -0.001269
  0.058691  -0.000996
  0.066331  -0.000628
  0.074403  -0.000174
  0.082900  0.000360
  0.091812  0.000967
  0.101131  0.001643
  0.110848  0.002380
  0.120953  0.003175
  0.131435  0.004020
  0.142285  0.004913
  0.153492  0.005850
  0.165044  0.006826
  0.176930  0.007838
  0.189138  0.008883
  0.201655  0.009957
  0.214470  0.011057
  0.227570  0.012182
  0.240941  0.013327
  0.254571  0.014490
  0.268445  0.015670
  0.282550  0.016862
  0.296872  0.018066
  0.311396  0.019278
  0.326109  0.020496
  0.340994  0.021716
  0.356038  0.022934
  0.371226  0.024147
  0.386542  0.025351
  0.401971  0.026540
  0.417498  0.027708
  0.433107  0.028851
  0.448783  0.029961
  0.464509  0.031032
  0.480272  0.032057
  0.496053  0.033027
  0.511839  0.033936
  0.527613  0.034774
  0.543359  0.035535
  0.559063  0.036211
  0.574707  0.036794
  0.590277  0.037280
  0.605757  0.037661
  0.621131  0.037933
  0.636385  0.038092
  0.651503  0.038137
  0.666469  0.038066
  0.681270  0.037879
  0.695890  0.037576
  0.710315  0.037161
  0.724530  0.036638
  0.738522  0.036011
  0.752275  0.035287
  0.765777  0.034472
  0.779014  0.033575
  0.791974  0.032605
  0.804642  0.031571
  0.817006  0.030481
  0.829054  0.029347
  0.840775  0.028175
  0.852155  0.026977
  0.863185  0.025759
  0.873852  0.024531
  0.884147  0.023298
  0.894059  0.022119
  0.903579  0.020959
  0.912695  0.019824
  0.921401  0.018720
  0.929686  0.017651
  0.937544  0.016622
  0.944964  0.015635
  0.951942  0.014692
  0.958469  0.013796
  0.964539  0.012947
  0.970146  0.012144
  0.975284  0.011389
  0.979948  0.010680
  0.984134  0.010015
  0.987838  0.009394
  0.991055  0.008813
  0.993782  0.008273
  0.996018  0.007769
  0.997759  0.007300
  0.999003  0.006864
  0.999751  0.006458
  1.000000  0.006080
