  1.000000  0.010344
  0.999751  0.011124
  0.999003  0.011966
  0.997759  0.012877
  0.996018  0.013861
  0.993782  0.014925
  0.991055  0.016074
  0.987838  0.017314
  0.984134  0.018651
  0.979948  0.020088
  0.975284  0.021631
  0.970146  0.023283
  0.964539  0.025049
  0.958469  0.026929
  0.951942  0.028927
  0.944964  0.031042
  0.937544  0.033273
  0.929686  0.035619
  0.921401  0.038076
  0.912695  0.040640
  0.903579  0.043305
  0.894059  0.046063
  0.884147  0.048909
  0.873852  0.051920
  0.863185  0.054984
  0.852155  0.058090
  0.840775  0.061230
  0.829054  0.064392
  0.817006  0.067564
  0.804642  0.070735
  0.791974  0.073891
  0.779014  0.077019
  0.765777  0.080107
  0.752275  0.083141
  0.738522  0.086109
  0.724530  0.088999
  0.710315  0.091799
  0.695890  0.094499
  0.681270  0.097089
  0.666469  0.099562
  0.651503  0.101910
  0.636385  0.104126
  0.621131  0.106205
  0.605757  0.108142
  0.590277  0.109933
  0.574707  0.111576
  0.559063  0.113066
  0.543359  0.114403
  0.527613  0.115584
  0.511839  0.116609
  0.496053  0.117476
  0.480272  0.118185
  0.464509  0.118735
  0.448783  0.119126
  0.433107  0.119358
  0.417498  0.119429
  0.401971  0.119342
  0.386542  0.119096
  0.371226  0.118692
  0.356038  0.118130
  0.340994  0.117412
  0.326109  0.116539
  0.311396  0.115511
  0.296872  0.114330
  0.282550  0.112999
  0.268445  0.111518
  0.254571  0.109890
  0.240941  0.108117
  0.227570  0.106202
  0.214470  0.104148
  0.201655  0.101957
  0.189138  0.099632
  0.176930  0.097176
  0.165044  0.094594
  0.153492  0.091887
  0.142285  0.089062
  0.131435  0.086121
  0.120953  0.083071
  0.110848  0.079918
  0.101131  0.076669
  0.091812  0.073331
  0.082900  0.069913
  0.074403  0.066425
  0.066331  0.062879
  0.058691  0.059286
  0.051491  0.055661
  0.044738  0.052018
  0.038439  0.048375
  0.032600  0.044747
  0.027226  0.041152
  0.022325  0.037609
  0.017899  0.034133
  0.013954  0.030743
  0.010493  0.027455
  0.007520  0.024284
  0.005038  0.021245
  0.003050  0.018349
  0.001557  0.015607
  0.000561  0.013029
  0.000062  0.010621
  0.000062  0.008389
  0.000561  0.006334
  0.001557  0.004460
  0.003050  0.002766
  0.005038  0.001250
  0.007520  -0.000089
  0.010493  -0.001254
  0.013954  -0.002250
  0.017899  -0.003081
  0.022325  -0.003753
  0.027226  -0.004272
  0.032600  -0.004643
  0.038439  -0.004873
  0.044738  -0.004967
  0.051491  -0.004933
  0.058691  -0.004775
  0.066331  -0.004502
  0.074403  -0.004118
  0.082900  -0.003631
  0.091812  -0.003047
  0.101131  -0.002372
  0.110848  -0.001613
  0.120953  -0.000776
  0.131435  0.000132
  0.142285  0.001105
  0.153492  0.002137
  0.165044  0.003222
  0.176930  0.004354
  0.189138  0.005527
  0.201655  0.006735
  0.214470  0.007974
  0.227570  0.009236
  0.240941  0.010517
  0.254571  0.011812
  0.268445  0.013116
  0.282550  0.014425
  0.296872  0.015733
  0.311396  0.017037
  0.326109  0.018332
  0.340994  0.019614
  0.356038  0.020879
  0.371226  0.022122
  0.386542  0.023339
  0.401971  0.024525
  0.417498  0.025675
  0.433107  0.026785
  0.448783  0.027849
  0.464509  0.028862
  0.480272  0.029818
  0.496053  0.030711
  0.511839  0.031537
  0.527613  0.032290
  0.543359  0.032964
  0.559063  0.033556
  0.574707  0.034059
  0.590277  0.034471
  0.605757  0.034789
  0.621131  0.035010
  0.636385  0.035134
  0.651503  0.035159
  0.666469  0.035086
  0.681270  0.034917
  0.695890  0.034653
  0.710315  0.034299
  0.724530  0.033857
  0.738522  0.033332
  0.752275  0.032729
  0.765777  0.032054
  0.779014  0.031314
  0.791974  0.030514
  0.804642  0.029661
  0.817006  0.028763
  0.829054  0.027825
  0.840775  0.026854
  0.852155  0.025856
  0.863185  0.024837
  0.873852  0.023801
  0.884147  0.022754
  0.894059  0.021750
  0.903579  0.020755
  0.912695  0.019773
  0.921401  0.018809
  0.929686  0.017868
  0.937544  0.016952
  0.944964  0.016066
  0.951942  0.015211
  0.958469  0.014390
  0.964539  0.013604
  0.970146  0.012854
  0.975284  0.012141
  0.979948  0.011465
  0.984134  0.010825
  0.987838  0.010221
  0.991055  0.009652
  0.993782  0.009117
  0.996018  0.008614
  0.997759  0.008142
  0.999003  0.007700
  0.999751  0.007285
  1.000000  0.006896
