  1.000000  0.010300
  0.999751  0.011081
  0.999003  0.011925
  0.997759  0.012838
  0.996018  0.013826
  0.993782  0.014895
  0.991055  0.016050
  0.987838  0.017296
  0.984134  0.018640
  0.979948  0.020087
  0.975284  0.021641
  0.970146  0.023307
  0.964539  0.025088
  0.958469  0.026986
  0.951942  0.029004
  0.944964  0.031142
  0.937544  0.033399
  0.929686  0.035774
  0.921401  0.038263
  0.912695  0.040861
  0.903579  0.043563
  0.894059  0.046362
  0.884147  0.049251
  0.873852  0.052308
  0.863185  0.055420
  0.852155  0.058577
  0.840775  0.061768
  0.829054  0.064982
  0.817006  0.068207
  0.804642  0.071431
  0.791974  0.074639
  0.779014  0.077817
  0.765777  0.080954
  0.752275  0.084034
  0.738522  0.087045
  0.724530  0.089974
  0.710315  0.092810
  0.695890  0.095542
  0.681270  0.098160
  0.666469  0.100655
  0.651503  0.103020
  0.636385  0.105248
  0.621131  0.107335
  0.605757  0.109274
  0.590277  0.111064
  0.574707  0.112699
  0.559063  0.114179
  0.543359  0.115500
  0.527613  0.116663
  0.511839  0.117666
  0.496053  0.118508
  0.480272  0.119189
  0.464509  0.119709
  0.448783  0.120068
  0.433107  0.120267
  0.417498  0.120305
  0.401971  0.120183
  0.386542  0.119902
  0.371226  0.119463
  0.356038  0.118866
  0.340994  0.118114
  0.326109  0.117207
  0.311396  0.116145
  0.296872  0.114932
  0.282550  0.113568
  0.268445  0.112054
  0.254571  0.110394
  0.240941  0.108588
  0.227570  0.106639
  0.214470  0.104549
  0.201655  0.102322
  0.189138  0.099958
  0.176930  0.097463
  0.165044  0.094837
  0.153492  0.092085
  0.142285  0.089211
  0.131435  0.086220
  0.120953  0.083117
  0.110848  0.079909
  0.101131  0.076604
  0.091812  0.073210
  0.082900  0.069737
  0.074403  0.066196
  0.066331  0.062599
  0.058691  0.058962
  0.051491  0.055299
  0.044738  0.051629
  0.038439  0.047969
  0.032600  0.044338
  0.027226  0.040755
  0.022325  0.037241
  0.017899  0.033814
  0.013954  0.030492
  0.010493  0.027294
  0.007520  0.024234
  0.005038  0.021327
  0.003050  0.018585
  0.001557  0.016018
  0.000561  0.013631
  0.000062  0.011431
  0.000062  0.009419
  0.000561  0.007595
  0.001557  0.005957
  0.003050  0.004501
  0.005038  0.003222
  0.007520  0.002112
  0.010493  0.001166
  0.013954  0.000373
  0.017899  -0.000275
  0.022325  -0.000788
  0.027226  -0.001176
  0.032600  -0.001447
  0.038439  -0.001612
  0.044738  -0.001679
  0.051491  -0.001656
  0.058691  -0.001551
  0.066331  -0.001371
  0.074403  -0.001123
  0.082900  -0.000814
  0.091812  -0.000447
  0.101131  -0.000029
  0.110848  0.000436
  0.120953  0.000945
  0.131435  0.001495
  0.142285  0.002083
  0.153492  0.002707
  0.165044  0.003367
  0.176930  0.004061
  0.189138  0.004788
  0.201655  0.005549
  0.214470  0.006341
  0.227570  0.007166
  0.240941  0.008023
  0.254571  0.008912
  0.268445  0.009832
  0.282550  0.010784
  0.296872  0.011765
  0.311396  0.012776
  0.326109  0.013815
  0.340994  0.014878
  0.356038  0.015965
  0.371226  0.017069
  0.386542  0.018188
  0.401971  0.019316
  0.417498  0.020446
  0.433107  0.021572
  0.448783  0.022686
  0.464509  0.023780
  0.480272  0.024843
  0.496053  0.025868
  0.511839  0.026844
  0.527613  0.027760
  0.543359  0.028609
  0.559063  0.029380
  0.574707  0.030064
  0.590277  0.030654
  0.605757  0.031142
  0.621131  0.031523
  0.636385  0.031794
  0.651503  0.031949
  0.666469  0.031989
  0.681270  0.031912
  0.695890  0.031721
  0.710315  0.031417
  0.724530  0.031006
  0.738522  0.030492
  0.752275  0.029881
  0.765777  0.029183
  0.779014  0.028404
  0.791974  0.027555
  0.804642  0.026644
  0.817006  0.025681
  0.829054  0.024676
  0.840775  0.023639
  0.852155  0.022577
  0.863185  0.021500
  0.873852  0.020416
  0.884147  0.019330
  0.894059  0.018293
  0.903579  0.017275
  0.912695  0.016283
  0.921401  0.015320
  0.929686  0.014392
  0.937544  0.013502
  0.944964  0.012651
  0.951942  0.011843
  0.958469  0.011077
  0.964539  0.010354
  0.970146  0.009673
  0.975284  0.009035
  0.979948  0.008439
  0.984134  0.007882
  0.987838  0.007363
  0.991055  0.006880
  0.993782  0.006432
  0.996018  0.006016
  0.997759  0.005630
  0.999003  0.005273
  0.999751  0.004941
  1.000000  0.004634
