  1.000000  0.010347
  0.999751  0.011140
  0.999003  0.011997
  0.997759  0.012926
  0.996018  0.013932
  0.993782  0.015020
  0.991055  0.016198
  0.987838  0.017471
  0.984134  0.018846
  0.979948  0.020327
  0.975284  0.021919
  0.970146  0.023629
  0.964539  0.025458
  0.958469  0.027411
  0.951942  0.029489
  0.944964  0.031693
  0.937544  0.034023
  0.929686  0.036478
  0.921401  0.039053
  0.912695  0.041743
  0.903579  0.044545
  0.894059  0.047449
  0.884147  0.050448
  0.873852  0.053623
  0.863185  0.056855
  0.852155  0.060136
  0.840775  0.063452
  0.829054  0.066792
  0.817006  0.070141
  0.804642  0.073486
  0.791974  0.076812
  0.779014  0.080103
  0.765777  0.083345
  0.752275  0.086523
  0.738522  0.089621
  0.724530  0.092627
  0.710315  0.095528
  0.695890  0.098312
  0.681270  0.100968
  0.666469  0.103488
  0.651503  0.105864
  0.636385  0.108088
  0.621131  0.110156
  0.605757  0.112064
  0.590277  0.113807
  0.574707  0.115385
  0.559063  0.116794
  0.543359  0.118034
  0.527613  0.119106
  0.511839  0.120008
  0.496053  0.120742
  0.480272  0.121309
  0.464509  0.121710
  0.448783  0.121946
  0.433107  0.122019
  0.417498  0.121929
  0.401971  0.121680
  0.386542  0.121272
  0.371226  0.120707
  0.356038  0.119989
  0.340994  0.119118
  0.326109  0.118095
  0.311396  0.116924
  0.296872  0.115605
  0.282550  0.114142
  0.268445  0.112536
  0.254571  0.110788
  0.240941  0.108901
  0.227570  0.106878
  0.214470  0.104721
  0.201655  0.102431
  0.189138  0.100012
  0.176930  0.097467
  0.165044  0.094797
  0.153492  0.092007
  0.142285  0.089100
  0.131435  0.086080
  0.120953  0.082954
  0.110848  0.079727
  0.101131  0.076407
  0.091812  0.073002
  0.082900  0.069522
  0.074403  0.065977
  0.066331  0.062380
  0.058691  0.058744
  0.051491  0.055086
  0.044738  0.051422
  0.038439  0.047770
  0.032600  0.044148
  0.027226  0.040576
  0.022325  0.037073
  0.017899  0.033657
  0.013954  0.030348
  0.010493  0.027161
  0.007520  0.024113
  0.005038  0.021218
  0.003050  0.018488
  0.001557  0.015931
  0.000561  0.013556
  0.000062  0.011367
  0.000062  0.009366
  0.000561  0.007555
  0.001557  0.005931
  0.003050  0.004489
  0.005038  0.003227
  0.007520  0.002136
  0.010493  0.001211
  0.013954  0.000443
  0.017899  -0.000177
  0.022325  -0.000658
  0.027226  -0.001010
  0.032600  -0.001242
  0.038439  -0.001362
  0.044738  -0.001380
  0.051491  -0.001304
  0.058691  -0.001142
  0.066331  -0.000901
  0.074403  -0.000587
  0.082900  -0.000209
  0.091812  0.000230
  0.101131  0.000722
  0.110848  0.001263
  0.120953  0.001849
  0.131435  0.002475
  0.142285  0.003137
  0.153492  0.003834
  0.165044  0.004562
  0.176930  0.005319
  0.189138  0.006104
  0.201655  0.006914
  0.214470  0.007747
  0.227570  0.008602
  0.240941  0.009477
  0.254571  0.010371
  0.268445  0.011282
  0.282550  0.012210
  0.296872  0.013152
  0.311396  0.014108
  0.326109  0.015074
  0.340994  0.016050
  0.356038  0.017033
  0.371226  0.018019
  0.386542  0.019006
  0.401971  0.019990
  0.417498  0.020968
  0.433107  0.021933
  0.448783  0.022883
  0.464509  0.023810
  0.480272  0.024711
  0.496053  0.025578
  0.511839  0.026406
  0.527613  0.027188
  0.543359  0.027919
  0.559063  0.028593
  0.574707  0.029203
  0.590277  0.029746
  0.605757  0.030216
  0.621131  0.030609
  0.636385  0.030923
  0.651503  0.031155
  0.666469  0.031303
  0.681270  0.031365
  0.695890  0.031344
  0.710315  0.031238
  0.724530  0.031050
  0.738522  0.030782
  0.752275  0.030438
  0.765777  0.030020
  0.779014  0.029533
  0.791974  0.028981
  0.804642  0.028370
  0.817006  0.027705
  0.829054  0.026990
  0.840775  0.026231
  0.852155  0.025433
  0.863185  0.024600
  0.873852  0.023737
  0.884147  0.022847
  0.894059  0.021986
  0.903579  0.021119
  0.912695  0.020251
  0.921401  0.019388
  0.929686  0.018533
  0.937544  0.017692
  0.944964  0.016867
  0.951942  0.016063
  0.958469  0.015281
  0.964539  0.014526
  0.970146  0.013798
  0.975284  0.013099
  0.979948  0.012430
  0.984134  0.011792
  0.987838  0.011184
  0.991055  0.010608
  0.993782  0.010062
  0.996018  0.009545
  0.997759  0.009057
  0.999003  0.008597
  0.999751  0.008162
  1.000000  0.007752
