  1.000000  0.008736
  0.999751  0.009448
  0.999003  0.010222
  0.997759  0.011064
  0.996018  0.011980
  0.993782  0.012977
  0.991055  0.014061
  0.987838  0.015239
  0.984134  0.016517
  0.979948  0.017902
  0.975284  0.019399
  0.970146  0.021014
  0.964539  0.022753
  0.958469  0.024619
  0.951942  0.026615
  0.944964  0.028745
  0.937544  0.031009
  0.929686  0.033406
  0.921401  0.035935
  0.912695  0.038591
  0.903579  0.041371
  0.894059  0.044268
  0.884147  0.047274
  0.873852  0.050466
  0.863185  0.053733
  0.852155  0.057065
  0.840775  0.060449
  0.829054  0.063873
  0.817006  0.067322
  0.804642  0.070780
  0.791974  0.074232
  0.779014  0.077662
  0.765777  0.081054
  0.752275  0.084390
  0.738522  0.087656
  0.724530  0.090837
  0.710315  0.093917
  0.695890  0.096885
  0.681270  0.099728
  0.666469  0.102435
  0.651503  0.104997
  0.636385  0.107406
  0.621131  0.109655
  0.605757  0.111739
  0.590277  0.113652
  0.574707  0.115391
  0.559063  0.116951
  0.543359  0.118331
  0.527613  0.119529
  0.511839  0.120543
  0.496053  0.121373
  0.480272  0.122018
  0.464509  0.122479
  0.448783  0.122755
  0.433107  0.122847
  0.417498  0.122756
  0.401971  0.122483
  0.386542  0.122030
  0.371226  0.121399
  0.356038  0.120592
  0.340994  0.119613
  0.326109  0.118464
  0.311396  0.117148
  0.296872  0.115670
  0.282550  0.114033
  0.268445  0.112241
  0.254571  0.110300
  0.240941  0.108214
  0.227570  0.105989
  0.214470  0.103629
  0.201655  0.101140
  0.189138  0.098528
  0.176930  0.095799
  0.165044  0.092957
  0.153492  0.090010
  0.142285  0.086963
  0.131435  0.083823
  0.120953  0.080597
  0.110848  0.077293
  0.101131  0.073919
  0.091812  0.070483
  0.082900  0.066995
  0.074403  0.063464
  0.066331  0.059903
  0.058691  0.056323
  0.051491  0.052738
  0.044738  0.049161
  0.038439  0.045608
  0.032600  0.042094
  0.027226  0.038635
  0.022325  0.035245
  0.017899  0.031941
  0.013954  0.028738
  0.010493  0.025650
  0.007520  0.022690
  0.005038  0.019870
  0.003050  0.017199
  0.001557  0.014687
  0.000561  0.012340
  0.000062  0.010163
  0.000062  0.008159
  0.000561  0.006330
  0.001557  0.004676
  0.003050  0.003194
  0.005038  0.001882
  0.007520  0.000737
  0.010493  -0.000246
  0.013954  -0.001072
  0.017899  -0.001748
  0.022325  -0.002280
  0.027226  -0.002675
  0.032600  -0.002938
  0.038439  -0.003078
  0.044738  -0.003102
  0.051491  -0.003015
  0.058691  -0.002824
  0.066331  -0.002536
  0.074403  -0.002157
  0.082900  -0.001694
  0.091812  -0.001152
  0.101131  -0.000538
  0.110848  0.000144
  0.120953  0.000887
  0.131435  0.001687
  0.142285  0.002538
  0.153492  0.003436
  0.165044  0.004377
  0.176930  0.005357
  0.189138  0.006372
  0.201655  0.007418
  0.214470  0.008491
  0.227570  0.009587
  0.240941  0.010704
  0.254571  0.011839
  0.268445  0.012987
  0.282550  0.014147
  0.296872  0.015315
  0.311396  0.016488
  0.326109  0.017664
  0.340994  0.018838
  0.356038  0.020007
  0.371226  0.021168
  0.386542  0.022315
  0.401971  0.023444
  0.417498  0.024551
  0.433107  0.025629
  0.448783  0.026674
  0.464509  0.027678
  0.480272  0.028635
  0.496053  0.029539
  0.511839  0.030383
  0.527613  0.031159
  0.543359  0.031861
  0.559063  0.032483
  0.574707  0.033019
  0.590277  0.033463
  0.605757  0.033810
  0.621131  0.034058
  0.636385  0.034202
  0.651503  0.034242
  0.666469  0.034176
  0.681270  0.034005
  0.695890  0.033730
  0.710315  0.033354
  0.724530  0.032882
  0.738522  0.032317
  0.752275  0.031665
  0.765777  0.030933
  0.779014  0.030129
  0.791974  0.029259
  0.804642  0.028333
  0.817006  0.027358
  0.829054  0.026344
  0.840775  0.025297
  0.852155  0.024226
  0.863185  0.023139
  0.873852  0.022042
  0.884147  0.020942
  0.894059  0.019889
  0.903579  0.018853
  0.912695  0.017840
  0.921401  0.016854
  0.929686  0.015899
  0.937544  0.014978
  0.944964  0.014095
  0.951942  0.013252
  0.958469  0.012449
  0.964539  0.011689
  0.970146  0.010969
  0.975284  0.010292
  0.979948  0.009655
  0.984134  0.009058
  0.987838  0.008500
  0.991055  0.007978
  0.993782  0.007491
  0.996018  0.007038
  0.997759  0.006615
  0.999003  0.006222
  0.999751  0.005856
  1.000000  0.005515
