  1.000000  0.014901
  0.999751  0.015892
  0.999003  0.016955
  0.997759  0.018095
  0.996018  0.019317
  0.993782  0.020628
  0.991055  0.022031
  0.987838  0.023533
  0.984134  0.025137
  0.979948  0.026848
  0.975284  0.028669
  0.970146  0.030602
  0.964539  0.032649
  0.958469  0.034810
  0.951942  0.037086
  0.944964  0.039475
  0.937544  0.041972
  0.929686  0.044575
  0.921401  0.047278
  0.912695  0.050074
  0.903579  0.052956
  0.894059  0.055915
  0.884147  0.058942
  0.873852  0.062133
  0.863185  0.065349
  0.852155  0.068583
  0.840775  0.071825
  0.829054  0.075065
  0.817006  0.078293
  0.804642  0.081495
  0.791974  0.084662
  0.779014  0.087780
  0.765777  0.090838
  0.752275  0.093823
  0.738522  0.096724
  0.724530  0.099531
  0.710315  0.102233
  0.695890  0.104820
  0.681270  0.107285
  0.666469  0.109619
  0.651503  0.111818
  0.636385  0.113874
  0.621131  0.115785
  0.605757  0.117546
  0.590277  0.119155
  0.574707  0.120610
  0.559063  0.121909
  0.543359  0.123051
  0.527613  0.124037
  0.511839  0.124867
  0.496053  0.125541
  0.480272  0.126060
  0.464509  0.126425
  0.448783  0.126636
  0.433107  0.126694
  0.417498  0.126601
  0.401971  0.126357
  0.386542  0.125964
  0.371226  0.125423
  0.356038  0.124735
  0.340994  0.123901
  0.326109  0.122922
  0.311396  0.121797
  0.296872  0.120529
  0.282550  0.119118
  0.268445  0.117564
  0.254571  0.115869
  0.240941  0.114033
  0.227570  0.112058
  0.214470  0.109943
  0.201655  0.107691
  0.189138  0.105302
  0.176930  0.102778
  0.165044  0.100121
  0.153492  0.097331
  0.142285  0.094412
  0.131435  0.091368
  0.120953  0.088202
  0.110848  0.084920
  0.101131  0.081529
  0.091812  0.078036
  0.082900  0.074450
  0.074403  0.070783
  0.066331  0.067045
  0.058691  0.063253
  0.051491  0.059422
  0.044738  0.055569
  0.038439  0.051714
  0.032600  0.047876
  0.027226  0.044077
  0.022325  0.040337
  0.017899  0.036677
  0.013954  0.033119
  0.010493  0.029682
  0.007520  0.026384
  0.005038  0.023242
  0.003050  0.020271
  0.001557  0.017485
  0.000561  0.014893
  0.000062  0.012503
  0.000062  0.010321
  0.000561  0.008351
  0.001557  0.006593
  0.003050  0.005047
  0.005038  0.003710
  0.007520  0.002579
  0.010493  0.001649
  0.013954  0.000912
  0.017899  0.000363
  0.022325  -0.000007
  0.027226  -0.000206
  0.032600  -0.000243
  0.038439  -0.000127
  0.044738  0.000134
  0.051491  0.000532
  0.058691  0.001058
  0.066331  0.001704
  0.074403  0.002461
  0.082900  0.003321
  0.091812  0.004277
  0.101131  0.005321
  0.110848  0.006444
  0.120953  0.007640
  0.131435  0.008900
  0.142285  0.010218
  0.153492  0.011586
  0.165044  0.012998
  0.176930  0.014446
  0.189138  0.015924
  0.201655  0.017426
  0.214470  0.018943
  0.227570  0.020470
  0.240941  0.022001
  0.254571  0.023530
  0.268445  0.025050
  0.282550  0.026558
  0.296872  0.028047
  0.311396  0.029515
  0.326109  0.030955
  0.340994  0.032365
  0.356038  0.033741
  0.371226  0.035079
  0.386542  0.036377
  0.401971  0.037630
  0.417498  0.038837
  0.433107  0.039992
  0.448783  0.041095
  0.464509  0.042141
  0.480272  0.043127
  0.496053  0.044050
  0.511839  0.044906
  0.527613  0.045693
  0.543359  0.046407
  0.559063  0.047045
  0.574707  0.047604
  0.590277  0.048082
  0.605757  0.048475
  0.621131  0.048783
  0.636385  0.049003
  0.651503  0.049134
  0.666469  0.049176
  0.681270  0.049128
  0.695890  0.048991
  0.710315  0.048766
  0.724530  0.048453
  0.738522  0.048055
  0.752275  0.047574
  0.765777  0.047011
  0.779014  0.046370
  0.791974  0.045654
  0.804642  0.044866
  0.817006  0.044009
  0.829054  0.043086
  0.840775  0.042100
  0.852155  0.041055
  0.863185  0.039953
  0.873852  0.038796
  0.884147  0.037588
  0.894059  0.036413
  0.903579  0.035215
  0.912695  0.033998
  0.921401  0.032770
  0.929686  0.031535
  0.937544  0.030302
  0.944964  0.029074
  0.951942  0.027860
  0.958469  0.026663
  0.964539  0.025490
  0.970146  0.024344
  0.975284  0.023230
  0.979948  0.022152
  0.984134  0.021110
  0.987838  0.020109
  0.991055  0.019148
  0.993782  0.018230
  0.996018  0.017353
  0.997759  0.016518
  0.999003  0.015723
  0.999751  0.014968
  1.000000  0.014251
