  1.000000  0.012268
  0.999751  0.013172
  0.999003  0.014147
  0.997759  0.015199
  0.996018  0.016334
  0.993782  0.017560
  0.991055  0.018880
  0.987838  0.020303
  0.984134  0.021833
  0.979948  0.023475
  0.975284  0.025234
  0.970146  0.027115
  0.964539  0.029120
  0.958469  0.031251
  0.951942  0.033510
  0.944964  0.035897
  0.937544  0.038409
  0.929686  0.041045
  0.921401  0.043799
  0.912695  0.046665
  0.903579  0.049638
  0.894059  0.052709
  0.884147  0.055868
  0.873852  0.059206
  0.863185  0.062592
  0.852155  0.066016
  0.840775  0.069467
  0.829054  0.072931
  0.817006  0.076395
  0.804642  0.079846
  0.791974  0.083269
  0.779014  0.086649
  0.765777  0.089971
  0.752275  0.093220
  0.738522  0.096382
  0.724530  0.099443
  0.710315  0.102391
  0.695890  0.105215
  0.681270  0.107902
  0.666469  0.110445
  0.651503  0.112834
  0.636385  0.115063
  0.621131  0.117127
  0.605757  0.119021
  0.590277  0.120741
  0.574707  0.122283
  0.559063  0.123647
  0.543359  0.124831
  0.527613  0.125833
  0.511839  0.126655
  0.496053  0.127297
  0.480272  0.127759
  0.464509  0.128043
  0.448783  0.128149
  0.433107  0.128079
  0.417498  0.127835
  0.401971  0.127418
  0.386542  0.126832
  0.371226  0.126079
  0.356038  0.125160
  0.340994  0.124080
  0.326109  0.122839
  0.311396  0.121441
  0.296872  0.119890
  0.282550  0.118188
  0.268445  0.116338
  0.254571  0.114345
  0.240941  0.112212
  0.227570  0.109941
  0.214470  0.107539
  0.201655  0.105007
  0.189138  0.102351
  0.176930  0.099574
  0.165044  0.096681
  0.153492  0.093677
  0.142285  0.090566
  0.131435  0.087354
  0.120953  0.084047
  0.110848  0.080653
  0.101131  0.077180
  0.091812  0.073636
  0.082900  0.070031
  0.074403  0.066376
  0.066331  0.062683
  0.058691  0.058967
  0.051491  0.055242
  0.044738  0.051525
  0.038439  0.047833
  0.032600  0.044185
  0.027226  0.040597
  0.022325  0.037091
  0.017899  0.033683
  0.013954  0.030392
  0.010493  0.027236
  0.007520  0.024229
  0.005038  0.021386
  0.003050  0.018720
  0.001557  0.016241
  0.000561  0.013958
  0.000062  0.011875
  0.000062  0.009998
  0.000561  0.008327
  0.001557  0.006861
  0.003050  0.005600
  0.005038  0.004538
  0.007520  0.003672
  0.010493  0.002994
  0.013954  0.002498
  0.017899  0.002174
  0.022325  0.002015
  0.027226  0.002010
  0.032600  0.002151
  0.038439  0.002429
  0.044738  0.002833
  0.051491  0.003355
  0.058691  0.003987
  0.066331  0.004719
  0.074403  0.005545
  0.082900  0.006455
  0.091812  0.007443
  0.101131  0.008502
  0.110848  0.009625
  0.120953  0.010806
  0.131435  0.012038
  0.142285  0.013317
  0.153492  0.014637
  0.165044  0.015994
  0.176930  0.017382
  0.189138  0.018799
  0.201655  0.020239
  0.214470  0.021697
  0.227570  0.023170
  0.240941  0.024655
  0.254571  0.026146
  0.268445  0.027641
  0.282550  0.029135
  0.296872  0.030625
  0.311396  0.032107
  0.326109  0.033577
  0.340994  0.035030
  0.356038  0.036463
  0.371226  0.037871
  0.386542  0.039248
  0.401971  0.040590
  0.417498  0.041890
  0.433107  0.043142
  0.448783  0.044340
  0.464509  0.045477
  0.480272  0.046546
  0.496053  0.047539
  0.511839  0.048450
  0.527613  0.049270
  0.543359  0.049993
  0.559063  0.050613
  0.574707  0.051124
  0.590277  0.051520
  0.605757  0.051796
  0.621131  0.051950
  0.636385  0.051978
  0.651503  0.051880
  0.666469  0.051656
  0.681270  0.051305
  0.695890  0.050832
  0.710315  0.050239
  0.724530  0.049530
  0.738522  0.048711
  0.752275  0.047788
  0.765777  0.046769
  0.779014  0.045662
  0.791974  0.044474
  0.804642  0.043215
  0.817006  0.041893
  0.829054  0.040517
  0.840775  0.039096
  0.852155  0.037638
  0.863185  0.036151
  0.873852  0.034642
  0.884147  0.033116
  0.894059  0.031654
  0.903579  0.030205
  0.912695  0.028776
  0.921401  0.027374
  0.929686  0.026003
  0.937544  0.024671
  0.944964  0.023381
  0.951942  0.022137
  0.958469  0.020942
  0.964539  0.019798
  0.970146  0.018707
  0.975284  0.017669
  0.979948  0.016684
  0.984134  0.015753
  0.987838  0.014874
  0.991055  0.014046
  0.993782  0.013268
  0.996018  0.012536
  0.997759  0.011850
  0.999003  0.011207
  0.999751  0.010603
  1.000000  0.010037
