  1.000000  0.013850
  0.999751  0.014810
  0.999003  0.015842
  0.997759  0.016952
  0.996018  0.018146
  0.993782  0.019430
  0.991055  0.020809
  0.987838  0.022288
  0.984134  0.023874
  0.979948  0.025571
  0.975284  0.027382
  0.970146  0.029311
  0.964539  0.031360
  0.958469  0.033531
  0.951942  0.035824
  0.944964  0.038238
  0.937544  0.040770
  0.929686  0.043417
  0.921401  0.046174
  0.912695  0.049035
  0.903579  0.051991
  0.894059  0.055035
  0.884147  0.058156
  0.873852  0.061448
  0.863185  0.064776
  0.852155  0.068130
  0.840775  0.071497
  0.829054  0.074868
  0.817006  0.078228
  0.804642  0.081565
  0.791974  0.084866
  0.779014  0.088116
  0.765777  0.091301
  0.752275  0.094408
  0.738522  0.097423
  0.724530  0.100336
  0.710315  0.103133
  0.695890  0.105805
  0.681270  0.108343
  0.666469  0.110739
  0.651503  0.112986
  0.636385  0.115079
  0.621131  0.117015
  0.605757  0.118789
  0.590277  0.120401
  0.574707  0.121849
  0.559063  0.123133
  0.543359  0.124253
  0.527613  0.125209
  0.511839  0.126005
  0.496053  0.126641
  0.480272  0.127120
  0.464509  0.127443
  0.448783  0.127614
  0.433107  0.127633
  0.417498  0.127503
  0.401971  0.127226
  0.386542  0.126805
  0.371226  0.126242
  0.356038  0.125537
  0.340994  0.124692
  0.326109  0.123708
  0.311396  0.122586
  0.296872  0.121327
  0.282550  0.119931
  0.268445  0.118398
  0.254571  0.116729
  0.240941  0.114923
  0.227570  0.112982
  0.214470  0.110904
  0.201655  0.108690
  0.189138  0.106340
  0.176930  0.103854
  0.165044  0.101232
  0.153492  0.098476
  0.142285  0.095587
  0.131435  0.092568
  0.120953  0.089421
  0.110848  0.086153
  0.101131  0.082768
  0.091812  0.079274
  0.082900  0.075681
  0.074403  0.071997
  0.066331  0.068237
  0.058691  0.064415
  0.051491  0.060547
  0.044738  0.056652
  0.038439  0.052750
  0.032600  0.048861
  0.027226  0.045007
  0.022325  0.041211
  0.017899  0.037495
  0.013954  0.033881
  0.010493  0.030390
  0.007520  0.027041
  0.005038  0.023852
  0.003050  0.020839
  0.001557  0.018016
  0.000561  0.015393
  0.000062  0.012979
  0.000062  0.010781
  0.000561  0.008801
  0.001557  0.007041
  0.003050  0.005499
  0.005038  0.004174
  0.007520  0.003060
  0.010493  0.002153
  0.013954  0.001445
  0.017899  0.000929
  0.022325  0.000596
  0.027226  0.000437
  0.032600  0.000442
  0.038439  0.000603
  0.044738  0.000910
  0.051491  0.001354
  0.058691  0.001926
  0.066331  0.002618
  0.074403  0.003420
  0.082900  0.004325
  0.091812  0.005325
  0.101131  0.006412
  0.110848  0.007579
  0.120953  0.008819
  0.131435  0.010125
  0.142285  0.011491
  0.153492  0.012911
  0.165044  0.014380
  0.176930  0.015893
  0.189138  0.017443
  0.201655  0.019025
  0.214470  0.020635
  0.227570  0.022267
  0.240941  0.023918
  0.254571  0.025581
  0.268445  0.027253
  0.282550  0.028929
  0.296872  0.030605
  0.311396  0.032277
  0.326109  0.033939
  0.340994  0.035586
  0.356038  0.037215
  0.371226  0.038818
  0.386542  0.040391
  0.401971  0.041926
  0.417498  0.043418
  0.433107  0.044859
  0.448783  0.046242
  0.464509  0.047558
  0.480272  0.048799
  0.496053  0.049957
  0.511839  0.051024
  0.527613  0.051990
  0.543359  0.052848
  0.559063  0.053589
  0.574707  0.054208
  0.590277  0.054696
  0.605757  0.055050
  0.621131  0.055264
  0.636385  0.055337
  0.651503  0.055265
  0.666469  0.055049
  0.681270  0.054690
  0.695890  0.054191
  0.710315  0.053555
  0.724530  0.052787
  0.738522  0.051894
  0.752275  0.050884
  0.765777  0.049764
  0.779014  0.048545
  0.791974  0.047235
  0.804642  0.045847
  0.817006  0.044389
  0.829054  0.042873
  0.840775  0.041308
  0.852155  0.039705
  0.863185  0.038073
  0.873852  0.036420
  0.884147  0.034754
  0.894059  0.033158
  0.903579  0.031581
  0.912695  0.030029
  0.921401  0.028510
  0.929686  0.027031
  0.937544  0.025596
  0.944964  0.024211
  0.951942  0.022880
  0.958469  0.021604
  0.964539  0.020386
  0.970146  0.019228
  0.975284  0.018130
  0.979948  0.017090
  0.984134  0.016110
  0.987838  0.015187
  0.991055  0.014320
  0.993782  0.013506
  0.996018  0.012743
  0.997759  0.012029
  0.999003  0.011361
  0.999751  0.010735
  1.000000  0.010149
