  1.000000  0.016068
  0.999751  0.017111
  0.999003  0.018226
  0.997759  0.019420
  0.996018  0.020698
  0.993782  0.022065
  0.991055  0.023527
  0.987838  0.025088
  0.984134  0.026751
  0.979948  0.028522
  0.975284  0.030402
  0.970146  0.032394
  0.964539  0.034499
  0.958469  0.036717
  0.951942  0.039046
  0.944964  0.041485
  0.937544  0.044030
  0.929686  0.046676
  0.921401  0.049418
  0.912695  0.052248
  0.903579  0.055159
  0.894059  0.058142
  0.884147  0.061187
  0.873852  0.064395
  0.863185  0.067622
  0.852155  0.070860
  0.840775  0.074101
  0.829054  0.077334
  0.817006  0.080551
  0.804642  0.083739
  0.791974  0.086888
  0.779014  0.089986
  0.765777  0.093021
  0.752275  0.095982
  0.738522  0.098858
  0.724530  0.101639
  0.710315  0.104313
  0.695890  0.106872
  0.681270  0.109306
  0.666469  0.111609
  0.651503  0.113774
  0.636385  0.115794
  0.621131  0.117664
  0.605757  0.119380
  0.590277  0.120939
  0.574707  0.122337
  0.559063  0.123572
  0.543359  0.124642
  0.527613  0.125547
  0.511839  0.126285
  0.496053  0.126856
  0.480272  0.127260
  0.464509  0.127496
  0.448783  0.127566
  0.433107  0.127470
  0.417498  0.127208
  0.401971  0.126782
  0.386542  0.126194
  0.371226  0.125444
  0.356038  0.124535
  0.340994  0.123468
  0.326109  0.122245
  0.311396  0.120869
  0.296872  0.119341
  0.282550  0.117665
  0.268445  0.115843
  0.254571  0.113878
  0.240941  0.111774
  0.227570  0.109534
  0.214470  0.107162
  0.201655  0.104660
  0.189138  0.102034
  0.176930  0.099287
  0.165044  0.096423
  0.153492  0.093448
  0.142285  0.090364
  0.131435  0.087179
  0.120953  0.083899
  0.110848  0.080530
  0.101131  0.077081
  0.091812  0.073559
  0.082900  0.069975
  0.074403  0.066340
  0.066331  0.062665
  0.058691  0.058965
  0.051491  0.055253
  0.044738  0.051547
  0.038439  0.047864
  0.032600  0.044220
  0.027226  0.040635
  0.022325  0.037127
  0.017899  0.033715
  0.013954  0.030416
  0.010493  0.027247
  0.007520  0.024224
  0.005038  0.021361
  0.003050  0.018671
  0.001557  0.016164
  0.000561  0.013849
  0.000062  0.011732
  0.000062  0.009817
  0.000561  0.008106
  0.001557  0.006599
  0.003050  0.005294
  0.005038  0.004187
  0.007520  0.003276
  0.010493  0.002553
  0.013954  0.002012
  0.017899  0.001645
  0.022325  0.001444
  0.027226  0.001400
  0.032600  0.001505
  0.038439  0.001749
  0.044738  0.002124
  0.051491  0.002621
  0.058691  0.003231
  0.066331  0.003947
  0.074403  0.004761
  0.082900  0.005664
  0.091812  0.006650
  0.101131  0.007711
  0.110848  0.008841
  0.120953  0.010034
  0.131435  0.011283
  0.142285  0.012582
  0.153492  0.013927
  0.165044  0.015312
  0.176930  0.016732
  0.189138  0.018183
  0.201655  0.019660
  0.214470  0.021159
  0.227570  0.022674
  0.240941  0.024203
  0.254571  0.025740
  0.268445  0.027283
  0.282550  0.028826
  0.296872  0.030367
  0.311396  0.031902
  0.326109  0.033427
  0.340994  0.034938
  0.356038  0.036431
  0.371226  0.037902
  0.386542  0.039346
  0.401971  0.040757
  0.417498  0.042132
  0.433107  0.043465
  0.448783  0.044749
  0.464509  0.045979
  0.480272  0.047147
  0.496053  0.048248
  0.511839  0.049275
  0.527613  0.050221
  0.543359  0.051079
  0.559063  0.051843
  0.574707  0.052507
  0.590277  0.053067
  0.605757  0.053516
  0.621131  0.053850
  0.636385  0.054068
  0.651503  0.054167
  0.666469  0.054144
  0.681270  0.054001
  0.695890  0.053737
  0.710315  0.053355
  0.724530  0.052857
  0.738522  0.052247
  0.752275  0.051529
  0.765777  0.050708
  0.779014  0.049791
  0.791974  0.048783
  0.804642  0.047691
  0.817006  0.046522
  0.829054  0.045284
  0.840775  0.043982
  0.852155  0.042624
  0.863185  0.041216
  0.873852  0.039763
  0.884147  0.038272
  0.894059  0.036832
  0.903579  0.035385
  0.912695  0.033938
  0.921401  0.032500
  0.929686  0.031077
  0.937544  0.029676
  0.944964  0.028302
  0.951942  0.026962
  0.958469  0.025659
  0.964539  0.024398
  0.970146  0.023183
  0.975284  0.022014
  0.979948  0.020896
  0.984134  0.019828
  0.987838  0.018811
  0.991055  0.017845
  0.993782  0.016929
  0.996018  0.016062
  0.997759  0.015243
  0.999003  0.014469
  0.999751  0.013738
  1.000000  0.013049
