  1.000000  0.013993
  0.999751  0.014961
  0.999003  0.016000
  0.997759  0.017118
  0.996018  0.018320
  0.993782  0.019611
  0.991055  0.020998
  0.987838  0.022486
  0.984134  0.024079
  0.979948  0.025784
  0.975284  0.027602
  0.970146  0.029538
  0.964539  0.031595
  0.958469  0.033772
  0.951942  0.036071
  0.944964  0.038490
  0.937544  0.041027
  0.929686  0.043679
  0.921401  0.046440
  0.912695  0.049304
  0.903579  0.052263
  0.894059  0.055310
  0.884147  0.058435
  0.873852  0.061732
  0.863185  0.065065
  0.852155  0.068425
  0.840775  0.071802
  0.829054  0.075183
  0.817006  0.078557
  0.804642  0.081912
  0.791974  0.085233
  0.779014  0.088508
  0.765777  0.091722
  0.752275  0.094863
  0.738522  0.097918
  0.724530  0.100874
  0.710315  0.103719
  0.695890  0.106443
  0.681270  0.109036
  0.666469  0.111489
  0.651503  0.113795
  0.636385  0.115947
  0.621131  0.117940
  0.605757  0.119770
  0.590277  0.121432
  0.574707  0.122924
  0.559063  0.124245
  0.543359  0.125391
  0.527613  0.126363
  0.511839  0.127161
  0.496053  0.127784
  0.480272  0.128233
  0.464509  0.128508
  0.448783  0.128611
  0.433107  0.128542
  0.417498  0.128303
  0.401971  0.127895
  0.386542  0.127320
  0.371226  0.126581
  0.356038  0.125680
  0.340994  0.124618
  0.326109  0.123398
  0.311396  0.122023
  0.296872  0.120495
  0.282550  0.118818
  0.268445  0.116994
  0.254571  0.115028
  0.240941  0.112922
  0.227570  0.110680
  0.214470  0.108306
  0.201655  0.105805
  0.189138  0.103180
  0.176930  0.100435
  0.165044  0.097574
  0.153492  0.094603
  0.142285  0.091525
  0.131435  0.088347
  0.120953  0.085074
  0.110848  0.081712
  0.101131  0.078269
  0.091812  0.074753
  0.082900  0.071171
  0.074403  0.067534
  0.066331  0.063853
  0.058691  0.060139
  0.051491  0.056406
  0.044738  0.052669
  0.038439  0.048942
  0.032600  0.045241
  0.027226  0.041583
  0.022325  0.037985
  0.017899  0.034463
  0.013954  0.031033
  0.010493  0.027713
  0.007520  0.024516
  0.005038  0.021457
  0.003050  0.018548
  0.001557  0.015800
  0.000561  0.013224
  0.000062  0.010825
  0.000062  0.008612
  0.000561  0.006587
  0.001557  0.004754
  0.003050  0.003114
  0.005038  0.001668
  0.007520  0.000415
  0.010493  -0.000647
  0.013954  -0.001521
  0.017899  -0.002210
  0.022325  -0.002719
  0.027226  -0.003052
  0.032600  -0.003214
  0.038439  -0.003210
  0.044738  -0.003047
  0.051491  -0.002730
  0.058691  -0.002265
  0.066331  -0.001659
  0.074403  -0.000917
  0.082900  -0.000048
  0.091812  0.000942
  0.101131  0.002046
  0.110848  0.003256
  0.120953  0.004564
  0.131435  0.005962
  0.142285  0.007442
  0.153492  0.008995
  0.165044  0.010615
  0.176930  0.012291
  0.189138  0.014016
  0.201655  0.015781
  0.214470  0.017577
  0.227570  0.019396
  0.240941  0.021231
  0.254571  0.023072
  0.268445  0.024914
  0.282550  0.026748
  0.296872  0.028569
  0.311396  0.030370
  0.326109  0.032145
  0.340994  0.033888
  0.356038  0.035595
  0.371226  0.037259
  0.386542  0.038877
  0.401971  0.040442
  0.417498  0.041950
  0.433107  0.043396
  0.448783  0.044775
  0.464509  0.046082
  0.480272  0.047312
  0.496053  0.048459
  0.511839  0.049518
  0.527613  0.050486
  0.543359  0.051355
  0.559063  0.052123
  0.574707  0.052785
  0.590277  0.053337
  0.605757  0.053776
  0.621131  0.054099
  0.636385  0.054306
  0.651503  0.054395
  0.666469  0.054366
  0.681270  0.054220
  0.695890  0.053958
  0.710315  0.053583
  0.724530  0.053097
  0.738522  0.052505
  0.752275  0.051811
  0.765777  0.051020
  0.779014  0.050136
  0.791974  0.049166
  0.804642  0.048116
  0.817006  0.046992
  0.829054  0.045799
  0.840775  0.044544
  0.852155  0.043232
  0.863185  0.041868
  0.873852  0.040457
  0.884147  0.039004
  0.894059  0.037600
  0.903579  0.036184
  0.912695  0.034765
  0.921401  0.033349
  0.929686  0.031943
  0.937544  0.030554
  0.944964  0.029187
  0.951942  0.027849
  0.958469  0.026544
  0.964539  0.025276
  0.970146  0.024051
  0.975284  0.022869
  0.979948  0.021734
  0.984134  0.020647
  0.987838  0.019610
  0.991055  0.018622
  0.993782  0.017683
  0.996018  0.016792
  0.997759  0.015949
  0.999003  0.015150
  0.999751  0.014396
  1.000000  0.013682
