  1.000000  0.014779
  0.999751  0.015785
  0.999003  0.016864
  0.997759  0.018023
  0.996018  0.019268
  0.993782  0.020605
  0.991055  0.022039
  0.987838  0.023576
  0.984134  0.025221
  0.979948  0.026978
  0.975284  0.028852
  0.970146  0.030844
  0.964539  0.032958
  0.958469  0.035194
  0.951942  0.037553
  0.944964  0.040032
  0.937544  0.042630
  0.929686  0.045342
  0.921401  0.048162
  0.912695  0.051085
  0.903579  0.054102
  0.894059  0.057204
  0.884147  0.060382
  0.873852  0.063733
  0.863185  0.067117
  0.852155  0.070522
  0.840775  0.073939
  0.829054  0.077356
  0.817006  0.080761
  0.804642  0.084141
  0.791974  0.087483
  0.779014  0.090773
  0.765777  0.093996
  0.752275  0.097141
  0.738522  0.100195
  0.724530  0.103144
  0.710315  0.105978
  0.695890  0.108686
  0.681270  0.111260
  0.666469  0.113691
  0.651503  0.115974
  0.636385  0.118101
  0.621131  0.120070
  0.605757  0.121877
  0.590277  0.123519
  0.574707  0.124995
  0.559063  0.126305
  0.543359  0.127447
  0.527613  0.128424
  0.511839  0.129236
  0.496053  0.129884
  0.480272  0.130370
  0.464509  0.130696
  0.448783  0.130863
  0.433107  0.130874
  0.417498  0.130730
  0.401971  0.130432
  0.386542  0.129984
  0.371226  0.129387
  0.356038  0.128643
  0.340994  0.127752
  0.326109  0.126715
  0.311396  0.125535
  0.296872  0.124211
  0.282550  0.122746
  0.268445  0.121139
  0.254571  0.119391
  0.240941  0.117503
  0.227570  0.115476
  0.214470  0.113311
  0.201655  0.111008
  0.189138  0.108568
  0.176930  0.105992
  0.165044  0.103282
  0.153492  0.100438
  0.142285  0.097463
  0.131435  0.094360
  0.120953  0.091133
  0.110848  0.087786
  0.101131  0.084327
  0.091812  0.080761
  0.082900  0.077097
  0.074403  0.073345
  0.066331  0.069518
  0.058691  0.065629
  0.051491  0.061694
  0.044738  0.057730
  0.038439  0.053755
  0.032600  0.049789
  0.027226  0.045852
  0.022325  0.041966
  0.017899  0.038150
  0.013954  0.034427
  0.010493  0.030816
  0.007520  0.027336
  0.005038  0.024004
  0.003050  0.020836
  0.001557  0.017846
  0.000561  0.015045
  0.000062  0.012443
  0.000062  0.010047
  0.000561  0.007863
  0.001557  0.005892
  0.003050  0.004137
  0.005038  0.002596
  0.007520  0.001270
  0.010493  0.000153
  0.013954  -0.000757
  0.017899  -0.001466
  0.022325  -0.001979
  0.027226  -0.002304
  0.032600  -0.002447
  0.038439  -0.002415
  0.044738  -0.002215
  0.051491  -0.001854
  0.058691  -0.001341
  0.066331  -0.000682
  0.074403  0.000114
  0.082900  0.001041
  0.091812  0.002089
  0.101131  0.003251
  0.110848  0.004519
  0.120953  0.005884
  0.131435  0.007339
  0.142285  0.008874
  0.153492  0.010483
  0.165044  0.012156
  0.176930  0.013886
  0.189138  0.015665
  0.201655  0.017484
  0.214470  0.019334
  0.227570  0.021208
  0.240941  0.023098
  0.254571  0.024997
  0.268445  0.026897
  0.282550  0.028792
  0.296872  0.030674
  0.311396  0.032538
  0.326109  0.034376
  0.340994  0.036183
  0.356038  0.037954
  0.371226  0.039681
  0.386542  0.041359
  0.401971  0.042982
  0.417498  0.044544
  0.433107  0.046038
  0.448783  0.047459
  0.464509  0.048799
  0.480272  0.050052
  0.496053  0.051211
  0.511839  0.052270
  0.527613  0.053222
  0.543359  0.054061
  0.559063  0.054783
  0.574707  0.055381
  0.590277  0.055851
  0.605757  0.056190
  0.621131  0.056397
  0.636385  0.056468
  0.651503  0.056404
  0.666469  0.056207
  0.681270  0.055877
  0.695890  0.055417
  0.710315  0.054833
  0.724530  0.054128
  0.738522  0.053308
  0.752275  0.052380
  0.765777  0.051351
  0.779014  0.050229
  0.791974  0.049022
  0.804642  0.047738
  0.817006  0.046385
  0.829054  0.044973
  0.840775  0.043508
  0.852155  0.041999
  0.863185  0.040453
  0.873852  0.038876
  0.884147  0.037274
  0.894059  0.035735
  0.903579  0.034202
  0.912695  0.032683
  0.921401  0.031185
  0.929686  0.029714
  0.937544  0.028276
  0.944964  0.026877
  0.951942  0.025521
  0.958469  0.024211
  0.964539  0.022951
  0.970146  0.021744
  0.975284  0.020590
  0.979948  0.019491
  0.984134  0.018447
  0.987838  0.017457
  0.991055  0.016521
  0.993782  0.015638
  0.996018  0.014805
  0.997759  0.014021
  0.999003  0.013283
  0.999751  0.012589
  1.000000  0.011936
