  1.000000  0.015403
  0.999751  0.016427
  0.999003  0.017525
  0.997759  0.018703
  0.996018  0.019966
  0.993782  0.021320
  0.991055  0.022769
  0.987838  0.024321
  0.984134  0.025978
  0.979948  0.027745
  0.975284  0.029625
  0.970146  0.031621
  0.964539  0.033735
  0.958469  0.035967
  0.951942  0.038317
  0.944964  0.040783
  0.937544  0.043362
  0.929686  0.046049
  0.921401  0.048840
  0.912695  0.051726
  0.903579  0.054701
  0.894059  0.057756
  0.884147  0.060881
  0.873852  0.064175
  0.863185  0.067495
  0.852155  0.070834
  0.840775  0.074181
  0.829054  0.077525
  0.817006  0.080855
  0.804642  0.084160
  0.791974  0.087427
  0.779014  0.090643
  0.765777  0.093795
  0.752275  0.096871
  0.738522  0.099858
  0.724530  0.102744
  0.710315  0.105519
  0.695890  0.108171
  0.681270  0.110692
  0.666469  0.113074
  0.651503  0.115307
  0.636385  0.117387
  0.621131  0.119308
  0.605757  0.121065
  0.590277  0.122654
  0.574707  0.124072
  0.559063  0.125316
  0.543359  0.126386
  0.527613  0.127280
  0.511839  0.127997
  0.496053  0.128538
  0.480272  0.128902
  0.464509  0.129090
  0.448783  0.129103
  0.433107  0.128942
  0.417498  0.128607
  0.401971  0.128102
  0.386542  0.127427
  0.371226  0.126585
  0.356038  0.125578
  0.340994  0.124409
  0.326109  0.123081
  0.311396  0.121596
  0.296872  0.119958
  0.282550  0.118169
  0.268445  0.116235
  0.254571  0.114158
  0.240941  0.111943
  0.227570  0.109593
  0.214470  0.107114
  0.201655  0.104509
  0.189138  0.101784
  0.176930  0.098943
  0.165044  0.095992
  0.153492  0.092934
  0.142285  0.089776
  0.131435  0.086524
  0.120953  0.083184
  0.110848  0.079764
  0.101131  0.076273
  0.091812  0.072718
  0.082900  0.069110
  0.074403  0.065459
  0.066331  0.061778
  0.058691  0.058081
  0.051491  0.054381
  0.044738  0.050695
  0.038439  0.047039
  0.032600  0.043431
  0.027226  0.039889
  0.022325  0.036430
  0.017899  0.033073
  0.013954  0.029834
  0.010493  0.026730
  0.007520  0.023776
  0.005038  0.020986
  0.003050  0.018373
  0.001557  0.015945
  0.000561  0.013711
  0.000062  0.011677
  0.000062  0.009846
  0.000561  0.008221
  0.001557  0.006799
  0.003050  0.005581
  0.005038  0.004561
  0.007520  0.003736
  0.010493  0.003098
  0.013954  0.002642
  0.017899  0.002359
  0.022325  0.002240
  0.027226  0.002276
  0.032600  0.002459
  0.038439  0.002779
  0.044738  0.003226
  0.051491  0.003793
  0.058691  0.004470
  0.066331  0.005250
  0.074403  0.006123
  0.082900  0.007083
  0.091812  0.008122
  0.101131  0.009233
  0.110848  0.010409
  0.120953  0.011645
  0.131435  0.012934
  0.142285  0.014271
  0.153492  0.015651
  0.165044  0.017069
  0.176930  0.018522
  0.189138  0.020004
  0.201655  0.021511
  0.214470  0.023039
  0.227570  0.024585
  0.240941  0.026144
  0.254571  0.027714
  0.268445  0.029289
  0.282550  0.030867
  0.296872  0.032445
  0.311396  0.034018
  0.326109  0.035583
  0.340994  0.037136
  0.356038  0.038673
  0.371226  0.040188
  0.386542  0.041678
  0.401971  0.043136
  0.417498  0.044557
  0.433107  0.045935
  0.448783  0.047263
  0.464509  0.048535
  0.480272  0.049742
  0.496053  0.050879
  0.511839  0.051936
  0.527613  0.052906
  0.543359  0.053782
  0.559063  0.054558
  0.574707  0.055225
  0.590277  0.055779
  0.605757  0.056213
  0.621131  0.056524
  0.636385  0.056708
  0.651503  0.056763
  0.666469  0.056687
  0.681270  0.056481
  0.695890  0.056145
  0.710315  0.055682
  0.724530  0.055095
  0.738522  0.054388
  0.752275  0.053566
  0.765777  0.052636
  0.779014  0.051605
  0.791974  0.050479
  0.804642  0.049267
  0.817006  0.047977
  0.829054  0.046617
  0.840775  0.045194
  0.852155  0.043717
  0.863185  0.042192
  0.873852  0.040627
  0.884147  0.039028
  0.894059  0.037486
  0.903579  0.035944
  0.912695  0.034409
  0.921401  0.032888
  0.929686  0.031389
  0.937544  0.029919
  0.944964  0.028483
  0.951942  0.027087
  0.958469  0.025735
  0.964539  0.024431
  0.970146  0.023178
  0.975284  0.021977
  0.979948  0.020831
  0.984134  0.019740
  0.987838  0.018704
  0.991055  0.017722
  0.993782  0.016793
  0.996018  0.015917
  0.997759  0.015090
  0.999003  0.014310
  0.999751  0.013576
  1.000000  0.012884
