  1.000000  0.014051
  0.999751  0.015024
  0.999003  0.016069
  0.997759  0.017193
  0.996018  0.018401
  0.993782  0.019700
  0.991055  0.021094
  0.987838  0.022591
  0.984134  0.024194
  0.979948  0.025908
  0.975284  0.027738
  0.970146  0.029686
  0.964539  0.031756
  0.958469  0.033947
  0.951942  0.036260
  0.944964  0.038695
  0.937544  0.041249
  0.929686  0.043919
  0.921401  0.046698
  0.912695  0.049582
  0.903579  0.052562
  0.894059  0.055630
  0.884147  0.058776
  0.873852  0.062097
  0.863185  0.065454
  0.852155  0.068839
  0.840775  0.072240
  0.829054  0.075646
  0.817006  0.079046
  0.804642  0.082427
  0.791974  0.085775
  0.779014  0.089076
  0.765777  0.092318
  0.752275  0.095487
  0.738522  0.098570
  0.724530  0.101555
  0.710315  0.104430
  0.695890  0.107185
  0.681270  0.109811
  0.666469  0.112299
  0.651503  0.114641
  0.636385  0.116832
  0.621131  0.118866
  0.605757  0.120741
  0.590277  0.122451
  0.574707  0.123995
  0.559063  0.125371
  0.543359  0.126578
  0.527613  0.127616
  0.511839  0.128483
  0.496053  0.129182
  0.480272  0.129712
  0.464509  0.130073
  0.448783  0.130268
  0.433107  0.130297
  0.417498  0.130161
  0.401971  0.129861
  0.386542  0.129399
  0.371226  0.128777
  0.356038  0.127996
  0.340994  0.127059
  0.326109  0.125965
  0.311396  0.124717
  0.296872  0.123317
  0.282550  0.121767
  0.268445  0.120068
  0.254571  0.118223
  0.240941  0.116234
  0.227570  0.114103
  0.214470  0.111833
  0.201655  0.109427
  0.189138  0.106886
  0.176930  0.104214
  0.165044  0.101413
  0.153492  0.098487
  0.142285  0.095440
  0.131435  0.092276
  0.120953  0.088999
  0.110848  0.085617
  0.101131  0.082135
  0.091812  0.078562
  0.082900  0.074906
  0.074403  0.071177
  0.066331  0.067386
  0.058691  0.063548
  0.051491  0.059676
  0.044738  0.055787
  0.038439  0.051897
  0.032600  0.048024
  0.027226  0.044188
  0.022325  0.040407
  0.017899  0.036700
  0.013954  0.033086
  0.010493  0.029583
  0.007520  0.026208
  0.005038  0.022978
  0.003050  0.019906
  0.001557  0.017005
  0.000561  0.014286
  0.000062  0.011758
  0.000062  0.009427
  0.000561  0.007298
  0.001557  0.005375
  0.003050  0.003659
  0.005038  0.002149
  0.007520  0.000846
  0.010493  -0.000253
  0.013954  -0.001151
  0.017899  -0.001853
  0.022325  -0.002364
  0.027226  -0.002688
  0.032600  -0.002832
  0.038439  -0.002802
  0.044738  -0.002604
  0.051491  -0.002245
  0.058691  -0.001731
  0.066331  -0.001070
  0.074403  -0.000268
  0.082900  0.000667
  0.091812  0.001726
  0.101131  0.002902
  0.110848  0.004187
  0.120953  0.005573
  0.131435  0.007049
  0.142285  0.008608
  0.153492  0.010240
  0.165044  0.011936
  0.176930  0.013687
  0.189138  0.015483
  0.201655  0.017314
  0.214470  0.019171
  0.227570  0.021045
  0.240941  0.022926
  0.254571  0.024805
  0.268445  0.026674
  0.282550  0.028526
  0.296872  0.030352
  0.311396  0.032146
  0.326109  0.033901
  0.340994  0.035610
  0.356038  0.037268
  0.371226  0.038869
  0.386542  0.040409
  0.401971  0.041881
  0.417498  0.043282
  0.433107  0.044605
  0.448783  0.045847
  0.464509  0.047003
  0.480272  0.048068
  0.496053  0.049037
  0.511839  0.049907
  0.527613  0.050672
  0.543359  0.051330
  0.559063  0.051876
  0.574707  0.052308
  0.590277  0.052624
  0.605757  0.052821
  0.621131  0.052899
  0.636385  0.052858
  0.651503  0.052699
  0.666469  0.052423
  0.681270  0.052032
  0.695890  0.051531
  0.710315  0.050923
  0.724530  0.050212
  0.738522  0.049405
  0.752275  0.048506
  0.765777  0.047522
  0.779014  0.046459
  0.791974  0.045325
  0.804642  0.044127
  0.817006  0.042871
  0.829054  0.041565
  0.840775  0.040214
  0.852155  0.038826
  0.863185  0.037405
  0.873852  0.035958
  0.884147  0.034490
  0.894059  0.033079
  0.903579  0.031675
  0.912695  0.030283
  0.921401  0.028910
  0.929686  0.027560
  0.937544  0.026240
  0.944964  0.024955
  0.951942  0.023707
  0.958469  0.022502
  0.964539  0.021341
  0.970146  0.020227
  0.975284  0.019162
  0.979948  0.018147
  0.984134  0.017181
  0.987838  0.016265
  0.991055  0.015398
  0.993782  0.014579
  0.996018  0.013806
  0.997759  0.013078
  0.999003  0.012393
  0.999751  0.011748
  1.000000  0.011141
