  1.000000  0.015872
  0.999751  0.016898
  0.999003  0.017995
  0.997759  0.019169
  0.996018  0.020425
  0.993782  0.021769
  0.991055  0.023205
  0.987838  0.024737
  0.984134  0.026370
  0.979948  0.028107
  0.975284  0.029951
  0.970146  0.031903
  0.964539  0.033965
  0.958469  0.036137
  0.951942  0.038417
  0.944964  0.040803
  0.937544  0.043292
  0.929686  0.045879
  0.921401  0.048558
  0.912695  0.051322
  0.903579  0.054164
  0.894059  0.057076
  0.884147  0.060049
  0.873852  0.063180
  0.863185  0.066330
  0.852155  0.069492
  0.840775  0.072657
  0.829054  0.075817
  0.817006  0.078963
  0.804642  0.082084
  0.791974  0.085170
  0.779014  0.088210
  0.765777  0.091195
  0.752275  0.094113
  0.738522  0.096954
  0.724530  0.099708
  0.710315  0.102367
  0.695890  0.104920
  0.681270  0.107360
  0.666469  0.109681
  0.651503  0.111874
  0.636385  0.113935
  0.621131  0.115858
  0.605757  0.117639
  0.590277  0.119274
  0.574707  0.120760
  0.559063  0.122093
  0.543359  0.123272
  0.527613  0.124295
  0.511839  0.125160
  0.496053  0.125865
  0.480272  0.126410
  0.464509  0.126793
  0.448783  0.127015
  0.433107  0.127074
  0.417498  0.126971
  0.401971  0.126705
  0.386542  0.126276
  0.371226  0.125686
  0.356038  0.124936
  0.340994  0.124025
  0.326109  0.122954
  0.311396  0.121726
  0.296872  0.120341
  0.282550  0.118802
  0.268445  0.117109
  0.254571  0.115267
  0.240941  0.113277
  0.227570  0.111142
  0.214470  0.108865
  0.201655  0.106449
  0.189138  0.103898
  0.176930  0.101214
  0.165044  0.098403
  0.153492  0.095468
  0.142285  0.092413
  0.131435  0.089245
  0.120953  0.085968
  0.110848  0.082592
  0.101131  0.079123
  0.091812  0.075571
  0.082900  0.071945
  0.074403  0.068257
  0.066331  0.064521
  0.058691  0.060750
  0.051491  0.056962
  0.044738  0.053172
  0.038439  0.049401
  0.032600  0.045667
  0.027226  0.041990
  0.022325  0.038390
  0.017899  0.034888
  0.013954  0.031502
  0.010493  0.028252
  0.007520  0.025154
  0.005038  0.022223
  0.003050  0.019474
  0.001557  0.016918
  0.000561  0.014562
  0.000062  0.012415
  0.000062  0.010480
  0.000561  0.008759
  0.001557  0.007252
  0.003050  0.005956
  0.005038  0.004867
  0.007520  0.003981
  0.010493  0.003290
  0.013954  0.002788
  0.017899  0.002465
  0.022325  0.002312
  0.027226  0.002319
  0.032600  0.002477
  0.038439  0.002776
  0.044738  0.003207
  0.051491  0.003759
  0.058691  0.004424
  0.066331  0.005193
  0.074403  0.006057
  0.082900  0.007009
  0.091812  0.008039
  0.101131  0.009142
  0.110848  0.010310
  0.120953  0.011534
  0.131435  0.012810
  0.142285  0.014130
  0.153492  0.015489
  0.165044  0.016881
  0.176930  0.018301
  0.189138  0.019742
  0.201655  0.021200
  0.214470  0.022670
  0.227570  0.024145
  0.240941  0.025622
  0.254571  0.027095
  0.268445  0.028561
  0.282550  0.030015
  0.296872  0.031453
  0.311396  0.032872
  0.326109  0.034267
  0.340994  0.035637
  0.356038  0.036976
  0.371226  0.038282
  0.386542  0.039553
  0.401971  0.040784
  0.417498  0.041972
  0.433107  0.043114
  0.448783  0.044206
  0.464509  0.045245
  0.480272  0.046227
  0.496053  0.047149
  0.511839  0.048006
  0.527613  0.048794
  0.543359  0.049510
  0.559063  0.050150
  0.574707  0.050710
  0.590277  0.051187
  0.605757  0.051578
  0.621131  0.051881
  0.636385  0.052093
  0.651503  0.052213
  0.666469  0.052240
  0.681270  0.052172
  0.695890  0.052011
  0.710315  0.051757
  0.724530  0.051410
  0.738522  0.050972
  0.752275  0.050446
  0.765777  0.049834
  0.779014  0.049139
  0.791974  0.048364
  0.804642  0.047513
  0.817006  0.046589
  0.829054  0.045595
  0.840775  0.044535
  0.852155  0.043412
  0.863185  0.042230
  0.873852  0.040991
  0.884147  0.039698
  0.894059  0.038442
  0.903579  0.037162
  0.912695  0.035864
  0.921401  0.034554
  0.929686  0.033240
  0.937544  0.031928
  0.944964  0.030624
  0.951942  0.029335
  0.958469  0.028066
  0.964539  0.026823
  0.970146  0.025610
  0.975284  0.024431
  0.979948  0.023291
  0.984134  0.022191
  0.987838  0.021133
  0.991055  0.020120
  0.993782  0.019151
  0.996018  0.018227
  0.997759  0.017347
  0.999003  0.016511
  0.999751  0.015716
  1.000000  0.014961
