  1.000000  0.012506
  0.999751  0.013425
  0.999003  0.014415
  0.997759  0.015485
  0.996018  0.016639
  0.993782  0.017884
  0.991055  0.019227
  0.987838  0.020674
  0.984134  0.022230
  0.979948  0.023901
  0.975284  0.025691
  0.970146  0.027606
  0.964539  0.029647
  0.958469  0.031818
  0.951942  0.034119
  0.944964  0.036550
  0.937544  0.039110
  0.929686  0.041795
  0.921401  0.044601
  0.912695  0.047522
  0.903579  0.050549
  0.894059  0.053675
  0.884147  0.056888
  0.873852  0.060281
  0.863185  0.063719
  0.852155  0.067189
  0.840775  0.070681
  0.829054  0.074179
  0.817006  0.077669
  0.804642  0.081135
  0.791974  0.084562
  0.779014  0.087932
  0.765777  0.091231
  0.752275  0.094442
  0.738522  0.097550
  0.724530  0.100541
  0.710315  0.103402
  0.695890  0.106122
  0.681270  0.108690
  0.666469  0.111099
  0.651503  0.113341
  0.636385  0.115411
  0.621131  0.117306
  0.605757  0.119024
  0.590277  0.120563
  0.574707  0.121923
  0.559063  0.123106
  0.543359  0.124114
  0.527613  0.124948
  0.511839  0.125613
  0.496053  0.126113
  0.480272  0.126450
  0.464509  0.126631
  0.448783  0.126657
  0.433107  0.126534
  0.417498  0.126264
  0.401971  0.125853
  0.386542  0.125303
  0.371226  0.124618
  0.356038  0.123800
  0.340994  0.122852
  0.326109  0.121775
  0.311396  0.120570
  0.296872  0.119240
  0.282550  0.117784
  0.268445  0.116203
  0.254571  0.114498
  0.240941  0.112667
  0.227570  0.110711
  0.214470  0.108629
  0.201655  0.106421
  0.189138  0.104086
  0.176930  0.101624
  0.165044  0.099034
  0.153492  0.096318
  0.142285  0.093475
  0.131435  0.090507
  0.120953  0.087419
  0.110848  0.084213
  0.101131  0.080895
  0.091812  0.077473
  0.082900  0.073953
  0.074403  0.070347
  0.066331  0.066667
  0.058691  0.062926
  0.051491  0.059142
  0.044738  0.055332
  0.038439  0.051515
  0.032600  0.047712
  0.027226  0.043945
  0.022325  0.040235
  0.017899  0.036604
  0.013954  0.033074
  0.010493  0.029664
  0.007520  0.026395
  0.005038  0.023283
  0.003050  0.020344
  0.001557  0.017590
  0.000561  0.015033
  0.000062  0.012681
  0.000062  0.010538
  0.000561  0.008607
  0.001557  0.006890
  0.003050  0.005385
  0.005038  0.004088
  0.007520  0.002996
  0.010493  0.002103
  0.013954  0.001400
  0.017899  0.000881
  0.022325  0.000536
  0.027226  0.000356
  0.032600  0.000332
  0.038439  0.000454
  0.044738  0.000714
  0.051491  0.001101
  0.058691  0.001607
  0.066331  0.002224
  0.074403  0.002944
  0.082900  0.003758
  0.091812  0.004658
  0.101131  0.005639
  0.110848  0.006694
  0.120953  0.007814
  0.131435  0.008996
  0.142285  0.010232
  0.153492  0.011519
  0.165044  0.012852
  0.176930  0.014227
  0.189138  0.015638
  0.201655  0.017082
  0.214470  0.018555
  0.227570  0.020053
  0.240941  0.021573
  0.254571  0.023110
  0.268445  0.024663
  0.282550  0.026226
  0.296872  0.027797
  0.311396  0.029371
  0.326109  0.030946
  0.340994  0.032516
  0.356038  0.034078
  0.371226  0.035625
  0.386542  0.037153
  0.401971  0.038655
  0.417498  0.040125
  0.433107  0.041554
  0.448783  0.042936
  0.464509  0.044263
  0.480272  0.045525
  0.496053  0.046713
  0.511839  0.047820
  0.527613  0.048834
  0.543359  0.049748
  0.559063  0.050553
  0.574707  0.051242
  0.590277  0.051806
  0.605757  0.052240
  0.621131  0.052539
  0.636385  0.052700
  0.651503  0.052719
  0.666469  0.052596
  0.681270  0.052332
  0.695890  0.051927
  0.710315  0.051385
  0.724530  0.050712
  0.738522  0.049912
  0.752275  0.048994
  0.765777  0.047964
  0.779014  0.046833
  0.791974  0.045610
  0.804642  0.044305
  0.817006  0.042929
  0.829054  0.041492
  0.840775  0.040003
  0.852155  0.038474
  0.863185  0.036913
  0.873852  0.035329
  0.884147  0.033729
  0.894059  0.032195
  0.903579  0.030677
  0.912695  0.029181
  0.921401  0.027717
  0.929686  0.026288
  0.937544  0.024903
  0.944964  0.023564
  0.951942  0.022276
  0.958469  0.021041
  0.964539  0.019863
  0.970146  0.018741
  0.975284  0.017676
  0.979948  0.016669
  0.984134  0.015719
  0.987838  0.014823
  0.991055  0.013982
  0.993782  0.013192
  0.996018  0.012452
  0.997759  0.011758
  0.999003  0.011109
  0.999751  0.010501
  1.000000  0.009931
