  1.000000  0.013793
  0.999751  0.014752
  0.999003  0.015782
  0.997759  0.016891
  0.996018  0.018083
  0.993782  0.019365
  0.991055  0.020742
  0.987838  0.022220
  0.984134  0.023804
  0.979948  0.025498
  0.975284  0.027307
  0.970146  0.029234
  0.964539  0.031280
  0.958469  0.033449
  0.951942  0.035739
  0.944964  0.038151
  0.937544  0.040681
  0.929686  0.043325
  0.921401  0.046080
  0.912695  0.048939
  0.903579  0.051894
  0.894059  0.054937
  0.884147  0.058059
  0.873852  0.061353
  0.863185  0.064684
  0.852155  0.068042
  0.840775  0.071417
  0.829054  0.074797
  0.817006  0.078169
  0.804642  0.081522
  0.791974  0.084841
  0.779014  0.088113
  0.765777  0.091324
  0.752275  0.094460
  0.738522  0.097510
  0.724530  0.100459
  0.710315  0.103298
  0.695890  0.106014
  0.681270  0.108600
  0.666469  0.111046
  0.651503  0.113345
  0.636385  0.115492
  0.621131  0.117481
  0.605757  0.119309
  0.590277  0.120973
  0.574707  0.122470
  0.559063  0.123799
  0.543359  0.124959
  0.527613  0.125951
  0.511839  0.126775
  0.496053  0.127431
  0.480272  0.127920
  0.464509  0.128244
  0.448783  0.128404
  0.433107  0.128400
  0.417498  0.128236
  0.401971  0.127912
  0.386542  0.127430
  0.371226  0.126793
  0.356038  0.126001
  0.340994  0.125057
  0.326109  0.123962
  0.311396  0.122718
  0.296872  0.121327
  0.282550  0.119790
  0.268445  0.118110
  0.254571  0.116289
  0.240941  0.114327
  0.227570  0.112229
  0.214470  0.109995
  0.201655  0.107628
  0.189138  0.105131
  0.176930  0.102506
  0.165044  0.099755
  0.153492  0.096882
  0.142285  0.093890
  0.131435  0.090782
  0.120953  0.087565
  0.110848  0.084243
  0.101131  0.080823
  0.091812  0.077313
  0.082900  0.073720
  0.074403  0.070055
  0.066331  0.066329
  0.058691  0.062555
  0.051491  0.058747
  0.044738  0.054922
  0.038439  0.051095
  0.032600  0.047284
  0.027226  0.043508
  0.022325  0.039786
  0.017899  0.036137
  0.013954  0.032578
  0.010493  0.029128
  0.007520  0.025804
  0.005038  0.022622
  0.003050  0.019595
  0.001557  0.016736
  0.000561  0.014056
  0.000062  0.011562
  0.000062  0.009263
  0.000561  0.007163
  0.001557  0.005265
  0.003050  0.003569
  0.005038  0.002077
  0.007520  0.000788
  0.010493  -0.000301
  0.013954  -0.001194
  0.017899  -0.001894
  0.022325  -0.002406
  0.027226  -0.002735
  0.032600  -0.002889
  0.038439  -0.002871
  0.044738  -0.002689
  0.051491  -0.002350
  0.058691  -0.001859
  0.066331  -0.001224
  0.074403  -0.000452
  0.082900  0.000450
  0.091812  0.001474
  0.101131  0.002613
  0.110848  0.003858
  0.120953  0.005201
  0.131435  0.006634
  0.142285  0.008149
  0.153492  0.009737
  0.165044  0.011389
  0.176930  0.013097
  0.189138  0.014851
  0.201655  0.016644
  0.214470  0.018466
  0.227570  0.020308
  0.240941  0.022163
  0.254571  0.024023
  0.268445  0.025879
  0.282550  0.027724
  0.296872  0.029552
  0.311396  0.031357
  0.326109  0.033132
  0.340994  0.034872
  0.356038  0.036571
  0.371226  0.038224
  0.386542  0.039827
  0.401971  0.041374
  0.417498  0.042860
  0.433107  0.044281
  0.448783  0.045633
  0.464509  0.046909
  0.480272  0.048106
  0.496053  0.049218
  0.511839  0.050241
  0.527613  0.051170
  0.543359  0.052000
  0.559063  0.052728
  0.574707  0.053349
  0.590277  0.053861
  0.605757  0.054259
  0.621131  0.054543
  0.636385  0.054711
  0.651503  0.054762
  0.666469  0.054696
  0.681270  0.054515
  0.695890  0.054220
  0.710315  0.053813
  0.724530  0.053298
  0.738522  0.052678
  0.752275  0.051958
  0.765777  0.051142
  0.779014  0.050237
  0.791974  0.049247
  0.804642  0.048179
  0.817006  0.047038
  0.829054  0.045830
  0.840775  0.044562
  0.852155  0.043238
  0.863185  0.041864
  0.873852  0.040444
  0.884147  0.038983
  0.894059  0.037572
  0.903579  0.036151
  0.912695  0.034727
  0.921401  0.033307
  0.929686  0.031897
  0.937544  0.030505
  0.944964  0.029137
  0.951942  0.027797
  0.958469  0.026490
  0.964539  0.025222
  0.970146  0.023996
  0.975284  0.022814
  0.979948  0.021680
  0.984134  0.020594
  0.987838  0.019557
  0.991055  0.018569
  0.993782  0.017631
  0.996018  0.016742
  0.997759  0.015899
  0.999003  0.015102
  0.999751  0.014348
  1.000000  0.013636
