  1.000000  0.013089
  0.999751  0.014040
  0.999003  0.015065
  0.997759  0.016170
  0.996018  0.017363
  0.993782  0.018648
  0.991055  0.020034
  0.987838  0.021525
  0.984134  0.023127
  0.979948  0.024846
  0.975284  0.026687
  0.970146  0.028654
  0.964539  0.030749
  0.958469  0.032975
  0.951942  0.035334
  0.944964  0.037824
  0.937544  0.040444
  0.929686  0.043190
  0.921401  0.046058
  0.912695  0.049041
  0.903579  0.052132
  0.894059  0.055323
  0.884147  0.058602
  0.873852  0.062065
  0.863185  0.065573
  0.852155  0.069116
  0.840775  0.072680
  0.829054  0.076253
  0.817006  0.079821
  0.804642  0.083367
  0.791974  0.086877
  0.779014  0.090335
  0.765777  0.093724
  0.752275  0.097030
  0.738522  0.100237
  0.724530  0.103331
  0.710315  0.106300
  0.695890  0.109131
  0.681270  0.111813
  0.666469  0.114339
  0.651503  0.116701
  0.636385  0.118892
  0.621131  0.120907
  0.605757  0.122745
  0.590277  0.124401
  0.574707  0.125876
  0.559063  0.127168
  0.543359  0.128279
  0.527613  0.129209
  0.511839  0.129961
  0.496053  0.130536
  0.480272  0.130938
  0.464509  0.131170
  0.448783  0.131233
  0.433107  0.131132
  0.417498  0.130868
  0.401971  0.130446
  0.386542  0.129867
  0.371226  0.129136
  0.356038  0.128254
  0.340994  0.127224
  0.326109  0.126048
  0.311396  0.124729
  0.296872  0.123268
  0.282550  0.121667
  0.268445  0.119929
  0.254571  0.118054
  0.240941  0.116045
  0.227570  0.113903
  0.214470  0.111630
  0.201655  0.109227
  0.189138  0.106696
  0.176930  0.104039
  0.165044  0.101257
  0.153492  0.098354
  0.142285  0.095331
  0.131435  0.092193
  0.120953  0.088942
  0.110848  0.085586
  0.101131  0.082129
  0.091812  0.078578
  0.082900  0.074943
  0.074403  0.071233
  0.066331  0.067458
  0.058691  0.063633
  0.051491  0.059771
  0.044738  0.055889
  0.038439  0.052004
  0.032600  0.048134
  0.027226  0.044298
  0.022325  0.040516
  0.017899  0.036806
  0.013954  0.033188
  0.010493  0.029680
  0.007520  0.026300
  0.005038  0.023064
  0.003050  0.019986
  0.001557  0.017079
  0.000561  0.014355
  0.000062  0.011822
  0.000062  0.009486
  0.000561  0.007353
  0.001557  0.005426
  0.003050  0.003705
  0.005038  0.002192
  0.007520  0.000884
  0.010493  -0.000221
  0.013954  -0.001125
  0.017899  -0.001835
  0.022325  -0.002354
  0.027226  -0.002689
  0.032600  -0.002847
  0.038439  -0.002832
  0.044738  -0.002652
  0.051491  -0.002313
  0.058691  -0.001823
  0.066331  -0.001188
  0.074403  -0.000416
  0.082900  0.000486
  0.091812  0.001510
  0.101131  0.002649
  0.110848  0.003894
  0.120953  0.005239
  0.131435  0.006674
  0.142285  0.008192
  0.153492  0.009785
  0.165044  0.011444
  0.176930  0.013162
  0.189138  0.014931
  0.201655  0.016741
  0.214470  0.018585
  0.227570  0.020454
  0.240941  0.022342
  0.254571  0.024239
  0.268445  0.026140
  0.282550  0.028037
  0.296872  0.029923
  0.311396  0.031791
  0.326109  0.033636
  0.340994  0.035449
  0.356038  0.037227
  0.371226  0.038961
  0.386542  0.040645
  0.401971  0.042273
  0.417498  0.043838
  0.433107  0.045333
  0.448783  0.046750
  0.464509  0.048083
  0.480272  0.049324
  0.496053  0.050466
  0.511839  0.051500
  0.527613  0.052420
  0.543359  0.053219
  0.559063  0.053889
  0.574707  0.054427
  0.590277  0.054825
  0.605757  0.055081
  0.621131  0.055191
  0.636385  0.055155
  0.651503  0.054971
  0.666469  0.054640
  0.681270  0.054166
  0.695890  0.053551
  0.710315  0.052801
  0.724530  0.051922
  0.738522  0.050922
  0.752275  0.049808
  0.765777  0.048590
  0.779014  0.047278
  0.791974  0.045883
  0.804642  0.044415
  0.817006  0.042887
  0.829054  0.041308
  0.840775  0.039689
  0.852155  0.038041
  0.863185  0.036372
  0.873852  0.034692
  0.884147  0.033008
  0.894059  0.031400
  0.903579  0.029817
  0.912695  0.028267
  0.921401  0.026757
  0.929686  0.025293
  0.937544  0.023879
  0.944964  0.022519
  0.951942  0.021217
  0.958469  0.019975
  0.964539  0.018794
  0.970146  0.017674
  0.975284  0.016616
  0.979948  0.015619
  0.984134  0.014682
  0.987838  0.013802
  0.991055  0.012978
  0.993782  0.012207
  0.996018  0.011487
  0.997759  0.010815
  0.999003  0.010188
  0.999751  0.009603
  1.000000  0.009056
