  1.000000  0.014135
  0.999751  0.015116
  0.999003  0.016171
  0.997759  0.017305
  0.996018  0.018525
  0.993782  0.019837
  0.991055  0.021247
  0.987838  0.022759
  0.984134  0.024381
  0.979948  0.026115
  0.975284  0.027967
  0.970146  0.029940
  0.964539  0.032035
  0.958469  0.034256
  0.951942  0.036601
  0.944964  0.039071
  0.937544  0.041662
  0.929686  0.044370
  0.921401  0.047192
  0.912695  0.050119
  0.903579  0.053144
  0.894059  0.056259
  0.884147  0.059454
  0.873852  0.062824
  0.863185  0.066230
  0.852155  0.069662
  0.840775  0.073108
  0.829054  0.076556
  0.817006  0.079994
  0.804642  0.083407
  0.791974  0.086782
  0.779014  0.090103
  0.765777  0.093356
  0.752275  0.096528
  0.738522  0.099604
  0.724530  0.102572
  0.710315  0.105420
  0.695890  0.108136
  0.681270  0.110712
  0.666469  0.113139
  0.651503  0.115410
  0.636385  0.117520
  0.621131  0.119464
  0.605757  0.121239
  0.590277  0.122842
  0.574707  0.124273
  0.559063  0.125531
  0.543359  0.126617
  0.527613  0.127531
  0.511839  0.128275
  0.496053  0.128851
  0.480272  0.129261
  0.464509  0.129507
  0.448783  0.129592
  0.433107  0.129519
  0.417498  0.129289
  0.401971  0.128906
  0.386542  0.128371
  0.371226  0.127688
  0.356038  0.126859
  0.340994  0.125884
  0.326109  0.124767
  0.311396  0.123509
  0.296872  0.122110
  0.282550  0.120574
  0.268445  0.118901
  0.254571  0.117092
  0.240941  0.115149
  0.227570  0.113072
  0.214470  0.110864
  0.201655  0.108525
  0.189138  0.106056
  0.176930  0.103459
  0.165044  0.100735
  0.153492  0.097887
  0.142285  0.094917
  0.131435  0.091827
  0.120953  0.088622
  0.110848  0.085308
  0.101131  0.081889
  0.091812  0.078374
  0.082900  0.074770
  0.074403  0.071087
  0.066331  0.067337
  0.058691  0.063534
  0.051491  0.059691
  0.044738  0.055826
  0.038439  0.051955
  0.032600  0.048099
  0.027226  0.044275
  0.022325  0.040505
  0.017899  0.036807
  0.013954  0.033201
  0.010493  0.029707
  0.007520  0.026342
  0.005038  0.023122
  0.003050  0.020063
  0.001557  0.017176
  0.000561  0.014474
  0.000062  0.011964
  0.000062  0.009653
  0.000561  0.007547
  0.001557  0.005646
  0.003050  0.003953
  0.005038  0.002467
  0.007520  0.001187
  0.010493  0.000108
  0.013954  -0.000772
  0.017899  -0.001460
  0.022325  -0.001960
  0.027226  -0.002280
  0.032600  -0.002425
  0.038439  -0.002403
  0.044738  -0.002221
  0.051491  -0.001885
  0.058691  -0.001403
  0.066331  -0.000783
  0.074403  -0.000032
  0.082900  0.000844
  0.091812  0.001835
  0.101131  0.002934
  0.110848  0.004135
  0.120953  0.005428
  0.131435  0.006807
  0.142285  0.008262
  0.153492  0.009787
  0.165044  0.011375
  0.176930  0.013016
  0.189138  0.014704
  0.201655  0.016431
  0.214470  0.018189
  0.227570  0.019971
  0.240941  0.021768
  0.254571  0.023575
  0.268445  0.025384
  0.282550  0.027190
  0.296872  0.028984
  0.311396  0.030762
  0.326109  0.032517
  0.340994  0.034243
  0.356038  0.035935
  0.371226  0.037586
  0.386542  0.039190
  0.401971  0.040740
  0.417498  0.042232
  0.433107  0.043657
  0.448783  0.045010
  0.464509  0.046283
  0.480272  0.047469
  0.496053  0.048562
  0.511839  0.049553
  0.527613  0.050437
  0.543359  0.051206
  0.559063  0.051855
  0.574707  0.052378
  0.590277  0.052770
  0.605757  0.053028
  0.621131  0.053149
  0.636385  0.053132
  0.651503  0.052975
  0.666469  0.052682
  0.681270  0.052252
  0.695890  0.051690
  0.710315  0.051001
  0.724530  0.050190
  0.738522  0.049264
  0.752275  0.048231
  0.765777  0.047099
  0.779014  0.045877
  0.791974  0.044576
  0.804642  0.043204
  0.817006  0.041773
  0.829054  0.040292
  0.840775  0.038771
  0.852155  0.037219
  0.863185  0.035644
  0.873852  0.034054
  0.884147  0.032457
  0.894059  0.030931
  0.903579  0.029425
  0.912695  0.027947
  0.921401  0.026503
  0.929686  0.025100
  0.937544  0.023741
  0.944964  0.022432
  0.951942  0.021175
  0.958469  0.019973
  0.964539  0.018827
  0.970146  0.017738
  0.975284  0.016707
  0.979948  0.015733
  0.984134  0.014815
  0.987838  0.013952
  0.991055  0.013141
  0.993782  0.012382
  0.996018  0.011671
  0.997759  0.011005
  0.999003  0.010383
  0.999751  0.009802
  1.000000  0.009258
