  1.000000  0.017265
  0.999751  0.018352
  0.999003  0.019512
  0.997759  0.020752
  0.996018  0.022075
  0.993782  0.023487
  0.991055  0.024993
  0.987838  0.026596
  0.984134  0.028301
  0.979948  0.030110
  0.975284  0.032025
  0.970146  0.034048
  0.964539  0.036179
  0.958469  0.038418
  0.951942  0.040762
  0.944964  0.043208
  0.937544  0.045753
  0.929686  0.048391
  0.921401  0.051115
  0.912695  0.053919
  0.903579  0.056793
  0.894059  0.059731
  0.884147  0.062722
  0.873852  0.065869
  0.863185  0.069026
  0.852155  0.072186
  0.840775  0.075341
  0.829054  0.078485
  0.817006  0.081607
  0.804642  0.084699
  0.791974  0.087750
  0.779014  0.090752
  0.765777  0.093694
  0.752275  0.096566
  0.738522  0.099359
  0.724530  0.102062
  0.710315  0.104668
  0.695890  0.107166
  0.681270  0.109551
  0.666469  0.111814
  0.651503  0.113948
  0.636385  0.115948
  0.621131  0.117809
  0.605757  0.119525
  0.590277  0.121093
  0.574707  0.122509
  0.559063  0.123769
  0.543359  0.124872
  0.527613  0.125813
  0.511839  0.126592
  0.496053  0.127207
  0.480272  0.127657
  0.464509  0.127940
  0.448783  0.128055
  0.433107  0.128002
  0.417498  0.127781
  0.401971  0.127392
  0.386542  0.126835
  0.371226  0.126111
  0.356038  0.125222
  0.340994  0.124168
  0.326109  0.122951
  0.311396  0.121574
  0.296872  0.120039
  0.282550  0.118348
  0.268445  0.116506
  0.254571  0.114515
  0.240941  0.112379
  0.227570  0.110103
  0.214470  0.107691
  0.201655  0.105148
  0.189138  0.102478
  0.176930  0.099687
  0.165044  0.096780
  0.153492  0.093761
  0.142285  0.090637
  0.131435  0.087414
  0.120953  0.084099
  0.110848  0.080699
  0.101131  0.077223
  0.091812  0.073678
  0.082900  0.070075
  0.074403  0.066424
  0.066331  0.062737
  0.058691  0.059027
  0.051491  0.055307
  0.044738  0.051594
  0.038439  0.047903
  0.032600  0.044250
  0.027226  0.040654
  0.022325  0.037130
  0.017899  0.033697
  0.013954  0.030371
  0.010493  0.027169
  0.007520  0.024104
  0.005038  0.021192
  0.003050  0.018444
  0.001557  0.015871
  0.000561  0.013481
  0.000062  0.011281
  0.000062  0.009277
  0.000561  0.007469
  0.001557  0.005861
  0.003050  0.004451
  0.005038  0.003238
  0.007520  0.002219
  0.010493  0.001390
  0.013954  0.000745
  0.017899  0.000280
  0.022325  -0.000012
  0.027226  -0.000140
  0.032600  -0.000108
  0.038439  0.000074
  0.044738  0.000399
  0.051491  0.000861
  0.058691  0.001451
  0.066331  0.002163
  0.074403  0.002987
  0.082900  0.003918
  0.091812  0.004947
  0.101131  0.006067
  0.110848  0.007271
  0.120953  0.008551
  0.131435  0.009900
  0.142285  0.011310
  0.153492  0.012773
  0.165044  0.014284
  0.176930  0.015835
  0.189138  0.017418
  0.201655  0.019027
  0.214470  0.020653
  0.227570  0.022291
  0.240941  0.023934
  0.254571  0.025574
  0.268445  0.027207
  0.282550  0.028827
  0.296872  0.030427
  0.311396  0.032004
  0.326109  0.033552
  0.340994  0.035066
  0.356038  0.036543
  0.371226  0.037979
  0.386542  0.039368
  0.401971  0.040709
  0.417498  0.041996
  0.433107  0.043226
  0.448783  0.044395
  0.464509  0.045499
  0.480272  0.046533
  0.496053  0.047495
  0.511839  0.048380
  0.527613  0.049184
  0.543359  0.049903
  0.559063  0.050534
  0.574707  0.051073
  0.590277  0.051517
  0.605757  0.051864
  0.621131  0.052112
  0.636385  0.052259
  0.651503  0.052304
  0.666469  0.052248
  0.681270  0.052090
  0.695890  0.051831
  0.710315  0.051474
  0.724530  0.051020
  0.738522  0.050472
  0.752275  0.049833
  0.765777  0.049107
  0.779014  0.048299
  0.791974  0.047412
  0.804642  0.046451
  0.817006  0.045421
  0.829054  0.044326
  0.840775  0.043172
  0.852155  0.041961
  0.863185  0.040699
  0.873852  0.039390
  0.884147  0.038036
  0.894059  0.036725
  0.903579  0.035400
  0.912695  0.034067
  0.921401  0.032731
  0.929686  0.031401
  0.937544  0.030082
  0.944964  0.028779
  0.951942  0.027500
  0.958469  0.026248
  0.964539  0.025028
  0.970146  0.023845
  0.975284  0.022701
  0.979948  0.021599
  0.984134  0.020542
  0.987838  0.019529
  0.991055  0.018563
  0.993782  0.017643
  0.996018  0.016768
  0.997759  0.015938
  0.999003  0.015151
  0.999751  0.014406
  1.000000  0.013700
