  1.000000  0.013165
  0.999751  0.014097
  0.999003  0.015101
  0.997759  0.016181
  0.996018  0.017344
  0.993782  0.018597
  0.991055  0.019944
  0.987838  0.021392
  0.984134  0.022946
  0.979948  0.024610
  0.975284  0.026389
  0.970146  0.028286
  0.964539  0.030305
  0.958469  0.032446
  0.951942  0.034710
  0.944964  0.037097
  0.937544  0.039605
  0.929686  0.042230
  0.921401  0.044968
  0.912695  0.047811
  0.903579  0.050754
  0.894059  0.053787
  0.884147  0.056901
  0.873852  0.060187
  0.863185  0.063513
  0.852155  0.066868
  0.840775  0.070241
  0.829054  0.073620
  0.817006  0.076992
  0.804642  0.080342
  0.791974  0.083658
  0.779014  0.086924
  0.765777  0.090127
  0.752275  0.093251
  0.738522  0.096284
  0.724530  0.099213
  0.710315  0.102026
  0.695890  0.104711
  0.681270  0.107260
  0.666469  0.109664
  0.651503  0.111916
  0.636385  0.114010
  0.621131  0.115942
  0.605757  0.117709
  0.590277  0.119308
  0.574707  0.120738
  0.559063  0.121997
  0.543359  0.123087
  0.527613  0.124008
  0.511839  0.124761
  0.496053  0.125348
  0.480272  0.125772
  0.464509  0.126033
  0.448783  0.126135
  0.433107  0.126079
  0.417498  0.125868
  0.401971  0.125505
  0.386542  0.124991
  0.371226  0.124329
  0.356038  0.123522
  0.340994  0.122570
  0.326109  0.121476
  0.311396  0.120242
  0.296872  0.118868
  0.282550  0.117356
  0.268445  0.115708
  0.254571  0.113924
  0.240941  0.112006
  0.227570  0.109955
  0.214470  0.107773
  0.201655  0.105459
  0.189138  0.103017
  0.176930  0.100446
  0.165044  0.097750
  0.153492  0.094929
  0.142285  0.091986
  0.131435  0.088926
  0.120953  0.085752
  0.110848  0.082471
  0.101131  0.079090
  0.091812  0.075616
  0.082900  0.072058
  0.074403  0.068429
  0.066331  0.064741
  0.058691  0.061009
  0.051491  0.057250
  0.044738  0.053482
  0.038439  0.049724
  0.032600  0.045997
  0.027226  0.042322
  0.022325  0.038720
  0.017899  0.035214
  0.013954  0.031823
  0.010493  0.028567
  0.007520  0.025464
  0.005038  0.022531
  0.003050  0.019781
  0.001557  0.017227
  0.000561  0.014877
  0.000062  0.012739
  0.000062  0.010815
  0.000561  0.009107
  0.001557  0.007614
  0.003050  0.006333
  0.005038  0.005259
  0.007520  0.004386
  0.010493  0.003706
  0.013954  0.003211
  0.017899  0.002890
  0.022325  0.002733
  0.027226  0.002730
  0.032600  0.002869
  0.038439  0.003141
  0.044738  0.003534
  0.051491  0.004038
  0.058691  0.004645
  0.066331  0.005345
  0.074403  0.006130
  0.082900  0.006991
  0.091812  0.007921
  0.101131  0.008913
  0.110848  0.009961
  0.120953  0.011058
  0.131435  0.012200
  0.142285  0.013380
  0.153492  0.014596
  0.165044  0.015843
  0.176930  0.017117
  0.189138  0.018416
  0.201655  0.019735
  0.214470  0.021071
  0.227570  0.022421
  0.240941  0.023783
  0.254571  0.025154
  0.268445  0.026530
  0.282550  0.027909
  0.296872  0.029288
  0.311396  0.030664
  0.326109  0.032034
  0.340994  0.033395
  0.356038  0.034742
  0.371226  0.036073
  0.386542  0.037382
  0.401971  0.038665
  0.417498  0.039916
  0.433107  0.041130
  0.448783  0.042300
  0.464509  0.043421
  0.480272  0.044485
  0.496053  0.045486
  0.511839  0.046417
  0.527613  0.047270
  0.543359  0.048038
  0.559063  0.048716
  0.574707  0.049296
  0.590277  0.049773
  0.605757  0.050143
  0.621131  0.050400
  0.636385  0.050543
  0.651503  0.050569
  0.666469  0.050477
  0.681270  0.050266
  0.695890  0.049938
  0.710315  0.049496
  0.724530  0.048941
  0.738522  0.048279
  0.752275  0.047514
  0.765777  0.046651
  0.779014  0.045699
  0.791974  0.044663
  0.804642  0.043550
  0.817006  0.042369
  0.829054  0.041127
  0.840775  0.039831
  0.852155  0.038489
  0.863185  0.037108
  0.873852  0.035693
  0.884147  0.034251
  0.894059  0.032862
  0.903579  0.031476
  0.912695  0.030099
  0.921401  0.028738
  0.929686  0.027399
  0.937544  0.026089
  0.944964  0.024812
  0.951942  0.023572
  0.958469  0.022374
  0.964539  0.021221
  0.970146  0.020115
  0.975284  0.019057
  0.979948  0.018048
  0.984134  0.017090
  0.987838  0.016181
  0.991055  0.015320
  0.993782  0.014508
  0.996018  0.013742
  0.997759  0.013020
  0.999003  0.012341
  0.999751  0.011701
  1.000000  0.011099
