  1.000000  0.014072
  0.999751  0.015039
  0.999003  0.016078
  0.997759  0.017194
  0.996018  0.018394
  0.993782  0.019684
  0.991055  0.021068
  0.987838  0.022553
  0.984134  0.024143
  0.979948  0.025843
  0.975284  0.027656
  0.970146  0.029587
  0.964539  0.031637
  0.958469  0.033807
  0.951942  0.036097
  0.944964  0.038507
  0.937544  0.041033
  0.929686  0.043673
  0.921401  0.046420
  0.912695  0.049269
  0.903579  0.052212
  0.894059  0.055239
  0.884147  0.058343
  0.873852  0.061616
  0.863185  0.064922
  0.852155  0.068251
  0.840775  0.071593
  0.829054  0.074936
  0.817006  0.078268
  0.804642  0.081576
  0.791974  0.084846
  0.779014  0.088064
  0.765777  0.091217
  0.752275  0.094292
  0.738522  0.097276
  0.724530  0.100156
  0.710315  0.102921
  0.695890  0.105562
  0.681270  0.108068
  0.666469  0.110433
  0.651503  0.112650
  0.636385  0.114713
  0.621131  0.116619
  0.605757  0.118364
  0.590277  0.119947
  0.574707  0.121366
  0.559063  0.122620
  0.543359  0.123711
  0.527613  0.124638
  0.511839  0.125404
  0.496053  0.126010
  0.480272  0.126459
  0.464509  0.126751
  0.448783  0.126890
  0.433107  0.126877
  0.417498  0.126714
  0.401971  0.126404
  0.386542  0.125949
  0.371226  0.125352
  0.356038  0.124612
  0.340994  0.123733
  0.326109  0.122714
  0.311396  0.121558
  0.296872  0.120264
  0.282550  0.118833
  0.268445  0.117267
  0.254571  0.115565
  0.240941  0.113727
  0.227570  0.111755
  0.214470  0.109648
  0.201655  0.107406
  0.189138  0.105030
  0.176930  0.102521
  0.165044  0.099878
  0.153492  0.097105
  0.142285  0.094201
  0.131435  0.091170
  0.120953  0.088016
  0.110848  0.084744
  0.101131  0.081361
  0.091812  0.077875
  0.082900  0.074293
  0.074403  0.070628
  0.066331  0.066892
  0.058691  0.063102
  0.051491  0.059272
  0.044738  0.055423
  0.038439  0.051575
  0.032600  0.047748
  0.027226  0.043965
  0.022325  0.040247
  0.017899  0.036619
  0.013954  0.033100
  0.010493  0.029713
  0.007520  0.026475
  0.005038  0.023406
  0.003050  0.020519
  0.001557  0.017827
  0.000561  0.015342
  0.000062  0.013069
  0.000062  0.011015
  0.000561  0.009181
  0.001557  0.007567
  0.003050  0.006170
  0.005038  0.004986
  0.007520  0.004011
  0.010493  0.003236
  0.013954  0.002653
  0.017899  0.002253
  0.022325  0.002026
  0.027226  0.001961
  0.032600  0.002047
  0.038439  0.002276
  0.044738  0.002635
  0.051491  0.003116
  0.058691  0.003709
  0.066331  0.004404
  0.074403  0.005193
  0.082900  0.006068
  0.091812  0.007021
  0.101131  0.008045
  0.110848  0.009134
  0.120953  0.010281
  0.131435  0.011480
  0.142285  0.012727
  0.153492  0.014017
  0.165044  0.015346
  0.176930  0.016711
  0.189138  0.018107
  0.201655  0.019532
  0.214470  0.020983
  0.227570  0.022455
  0.240941  0.023946
  0.254571  0.025454
  0.268445  0.026976
  0.282550  0.028507
  0.296872  0.030047
  0.311396  0.031591
  0.326109  0.033136
  0.340994  0.034677
  0.356038  0.036212
  0.371226  0.037734
  0.386542  0.039238
  0.401971  0.040719
  0.417498  0.042169
  0.433107  0.043582
  0.448783  0.044949
  0.464509  0.046263
  0.480272  0.047514
  0.496053  0.048694
  0.511839  0.049793
  0.527613  0.050802
  0.543359  0.051713
  0.559063  0.052516
  0.574707  0.053203
  0.590277  0.053768
  0.605757  0.054203
  0.621131  0.054504
  0.636385  0.054667
  0.651503  0.054689
  0.666469  0.054569
  0.681270  0.054307
  0.695890  0.053904
  0.710315  0.053364
  0.724530  0.052691
  0.738522  0.051891
  0.752275  0.050970
  0.765777  0.049936
  0.779014  0.048799
  0.791974  0.047567
  0.804642  0.046251
  0.817006  0.044861
  0.829054  0.043406
  0.840775  0.041897
  0.852155  0.040344
  0.863185  0.038755
  0.873852  0.037139
  0.884147  0.035504
  0.894059  0.033934
  0.903579  0.032377
  0.912695  0.030841
  0.921401  0.029332
  0.929686  0.027859
  0.937544  0.026426
  0.944964  0.025039
  0.951942  0.023701
  0.958469  0.022417
  0.964539  0.021188
  0.970146  0.020016
  0.975284  0.018902
  0.979948  0.017847
  0.984134  0.016848
  0.987838  0.015906
  0.991055  0.015020
  0.993782  0.014186
  0.996018  0.013403
  0.997759  0.012669
  0.999003  0.011981
  0.999751  0.011335
  1.000000  0.010730
